    0.999999974737875163555145263671875000000000E-04    0.444138305664062500000000000000000000000000E+03
    0.102020130725577473640441894531250000000000E-03    0.452793334960937500000000000000000000000000E+03
    0.104081082099582999944686889648437500000000E-03    0.461616821289062500000000000000000000000000E+03
    0.106183659227099269628524780273437500000000E-03    0.470612060546875000000000000000000000000000E+03
    0.108328706119209527969360351562500000000000E-03    0.479782379150390625000000000000000000000000E+03
    0.110517095890827476978302001953125000000000E-03    0.489131134033203125000000000000000000000000E+03
    0.112749679828993976116180419921875000000000E-03    0.498661865234375000000000000000000000000000E+03
    0.115027374704368412494659423828125000000000E-03    0.508377990722656250000000000000000000000000E+03
    0.117351090011652559041976928710937500000000E-03    0.518283203125000000000000000000000000000000E+03
    0.119721727969590574502944946289062500000000E-03    0.528381103515625000000000000000000000000000E+03
    0.122140278108417987823486328125000000000000E-03    0.538675415039062500000000000000000000000000E+03
    0.124607671750709414482116699218750000000000E-03    0.549169982910156250000000000000000000000000E+03
    0.127124920254573225975036621093750000000000E-03    0.559868652343750000000000000000000000000000E+03
    0.129692998598329722881317138671875000000000E-03    0.570775390625000000000000000000000000000000E+03
    0.132312969071790575981140136718750000000000E-03    0.581894165039062500000000000000000000000000E+03
    0.134985879412852227687835693359375000000000E-03    0.593229187011718750000000000000000000000000E+03
    0.137712777359411120414733886718750000000000E-03    0.604784545898437500000000000000000000000000E+03
    0.140494754305109381675720214843750000000000E-03    0.616564514160156250000000000000000000000000E+03
    0.143332930747419595718383789062500000000000E-03    0.628573425292968750000000000000000000000000E+03
    0.146228456287644803524017333984375000000000E-03    0.640815734863281250000000000000000000000000E+03
    0.149182465975172817707061767578125000000000E-03    0.653295959472656250000000000000000000000000E+03
    0.152196153067052364349365234375000000000000E-03    0.666018676757812500000000000000000000000000E+03
    0.155270710820332169532775878906250000000000E-03    0.678988525390625000000000000000000000000000E+03
    0.158407390699721872806549072265625000000000E-03    0.692210266113281250000000000000000000000000E+03
    0.161607444169931113719940185546875000000000E-03    0.705688842773437500000000000000000000000000E+03
    0.164872122695669531822204589843750000000000E-03    0.719429138183593750000000000000000000000000E+03
    0.168202750501222908496856689453125000000000E-03    0.733436157226562500000000000000000000000000E+03
    0.171600666362792253494262695312500000000000E-03    0.747715026855468750000000000000000000000000E+03
    0.175067238160409033298492431640625000000000E-03    0.762270996093750000000000000000000000000000E+03
    0.178603833774104714393615722656250000000000E-03    0.777109436035156250000000000000000000000000E+03
    0.182211864739656448364257812500000000000000E-03    0.792235656738281250000000000000000000000000E+03
    0.185892800800502300262451171875000000000000E-03    0.807655334472656250000000000000000000000000E+03
    0.189648068044334650039672851562500000000000E-03    0.823374023437500000000000000000000000000000E+03
    0.193479223526082932949066162109375000000000E-03    0.839397460937500000000000000000000000000000E+03
    0.197387780644930899143218994140625000000000E-03    0.855731506347656250000000000000000000000000E+03
    0.201375267351977527141571044921875000000000E-03    0.872382080078125000000000000000000000000000E+03
    0.205443298909813165664672851562500000000000E-03    0.889355224609375000000000000000000000000000E+03
    0.209593548788689076900482177734375000000000E-03    0.906657165527343750000000000000000000000000E+03
    0.213827603147365152835845947265625000000000E-03    0.924294128417968750000000000000000000000000E+03
    0.218147222767584025859832763671875000000000E-03    0.942272583007812500000000000000000000000000E+03
    0.222554081119596958160400390625000000000000E-03    0.960598937988281250000000000000000000000000E+03
    0.227049968088977038860321044921875000000000E-03    0.979279846191406250000000000000000000000000E+03
    0.231636688113212585449218750000000000000000E-03    0.998322082519531250000000000000000000000000E+03
    0.236316060181707143783569335937500000000000E-03    0.101773254394531250000000000000000000000000E+04
    0.241089961491525173187255859375000000000000E-03    0.103751818847656250000000000000000000000000E+04
    0.245960312895476818084716796875000000000000E-03    0.105768615722656250000000000000000000000000E+04
    0.250929006142541766166687011718750000000000E-03    0.107824365234375000000000000000000000000000E+04
    0.255998136708512902259826660156250000000000E-03    0.109919812011718750000000000000000000000000E+04
    0.261169654550030827522277832031250000000000E-03    0.112055700683593750000000000000000000000000E+04
    0.266445596935227513313293457031250000000000E-03    0.114232800292968750000000000000000000000000E+04
    0.271828175755217671394348144531250000000000E-03    0.116451904296875000000000000000000000000000E+04
    0.277319486485794186592102050781250000000000E-03    0.118713769531250000000000000000000000000000E+04
    0.282921682810410857200622558593750000000000E-03    0.121019238281250000000000000000000000000000E+04
    0.288637093035504221916198730468750000000000E-03    0.123369104003906250000000000000000000000000E+04
    0.294467929052188992500305175781250000000000E-03    0.125764221191406250000000000000000000000000E+04
    0.300416606478393077850341796875000000000000E-03    0.128205419921875000000000000000000000000000E+04
    0.306485395412892103195190429687500000000000E-03    0.130693579101562500000000000000000000000000E+04
    0.312676827888935804367065429687500000000000E-03    0.133229553222656250000000000000000000000000E+04
    0.318993290420621633529663085937500000000000E-03    0.135814257812500000000000000000000000000000E+04
    0.325437402352690696716308593750000000000000E-03    0.138448596191406250000000000000000000000000E+04
    0.332011666614562273025512695312500000000000E-03    0.141133496093750000000000000000000000000000E+04
    0.338718760758638381958007812500000000000000E-03    0.143869885253906250000000000000000000000000E+04
    0.345561362337321043014526367187500000000000E-03    0.146658740234375000000000000000000000000000E+04
    0.352542119799181818962097167968750000000000E-03    0.149501013183593750000000000000000000000000E+04
    0.359663943527266383171081542968750000000000E-03    0.152397705078125000000000000000000000000000E+04
    0.366929627489298582077026367187500000000000E-03    0.155349804687500000000000000000000000000000E+04
    0.374342111172154545783996582031250000000000E-03    0.158358325195312500000000000000000000000000E+04
    0.381904304958879947662353515625000000000000E-03    0.161424328613281250000000000000000000000000E+04
    0.389619322959333658218383789062500000000000E-03    0.164548852539062500000000000000000000000000E+04
    0.397490162868052721023559570312500000000000E-03    0.167732958984375000000000000000000000000000E+04
    0.405519997002556920051574707031250000000000E-03    0.170977758789062500000000000000000000000000E+04
    0.413712026784196496009826660156250000000000E-03    0.174284350585937500000000000000000000000000E+04
    0.422069540945813059806823730468750000000000E-03    0.177653857421875000000000000000000000000000E+04
    0.430595915531739592552185058593750000000000E-03    0.181087414550781250000000000000000000000000E+04
    0.439294555690139532089233398437500000000000E-03    0.184586181640625000000000000000000000000000E+04
    0.448168895673006772994995117187500000000000E-03    0.188151342773437500000000000000000000000000E+04
    0.457222486147657036781311035156250000000000E-03    0.191784069824218750000000000000000000000000E+04
    0.466458965092897415161132812500000000000000E-03    0.195485595703125000000000000000000000000000E+04
    0.475882086902856826782226562500000000000000E-03    0.199257141113281250000000000000000000000000E+04
    0.485495518660172820091247558593750000000000E-03    0.203099963378906250000000000000000000000000E+04
    0.495303189381957054138183593750000000000000E-03    0.207015307617187500000000000000000000000000E+04
    0.505309028085321187973022460937500000000000E-03    0.211004492187500000000000000000000000000000E+04
    0.515516963787376880645751953125000000000000E-03    0.215068798828125000000000000000000000000000E+04
    0.525931071024388074874877929687500000000000E-03    0.219209545898437500000000000000000000000000E+04
    0.536555540747940540313720703125000000000000E-03    0.223428100585937500000000000000000000000000E+04
    0.547394680324941873550415039062500000000000E-03    0.227725805664062500000000000000000000000000E+04
    0.558452797122299671173095703125000000000000E-03    0.232104028320312500000000000000000000000000E+04
    0.569734314922243356704711914062500000000000E-03    0.236564184570312500000000000000000000000000E+04
    0.581243715714663267135620117187500000000000E-03    0.241107714843750000000000000000000000000000E+04
    0.592985597904771566390991210937500000000000E-03    0.245736010742187500000000000000000000000000E+04
    0.604964734520763158798217773437500000000000E-03    0.250450561523437500000000000000000000000000E+04
    0.617185782175511121749877929687500000000000E-03    0.255252832031250000000000000000000000000000E+04
    0.629653746727854013442993164062500000000000E-03    0.260144311523437500000000000000000000000000E+04
    0.642373692244291305541992187500000000000000E-03    0.265126513671875000000000000000000000000000E+04
    0.655350449960678815841674804687500000000000E-03    0.270200976562500000000000000000000000000000E+04
    0.668589433189481496810913085937500000000000E-03    0.275369238281250000000000000000000000000000E+04
    0.682095822412520647048950195312500000000000E-03    0.280632885742187500000000000000000000000000E+04
    0.695875030942261219024658203125000000000000E-03    0.285993457031250000000000000000000000000000E+04
    0.709932646714150905609130859375000000000000E-03    0.291452636718750000000000000000000000000000E+04
    0.724274199455976486206054687500000000000000E-03    0.297011962890625000000000000000000000000000E+04
    0.738905626349151134490966796875000000000000E-03    0.302673168945312500000000000000000000000000E+04
    0.753832457121461629867553710937500000000000E-03    0.308437841796875000000000000000000000000000E+04
    0.769060861784964799880981445312500000000000E-03    0.314307714843750000000000000000000000000000E+04
    0.784596893936395645141601562500000000000000E-03    0.320284448242187500000000000000000000000000E+04
    0.800446781795471906661987304687500000000000E-03    0.326369775390625000000000000000000000000000E+04
    0.816616869997233152389526367187500000000000E-03    0.332565380859375000000000000000000000000000E+04
    0.833113677799701690673828125000000000000000E-03    0.338873046875000000000000000000000000000000E+04
    0.849943608045578002929687500000000000000000E-03    0.345294531250000000000000000000000000000000E+04
    0.867113587446510791778564453125000000000000E-03    0.351831567382812500000000000000000000000000E+04
    0.884630659129470586776733398437500000000000E-03    0.358485986328125000000000000000000000000000E+04
    0.902501342352479696273803710937500000000000E-03    0.365259570312500000000000000000000000000000E+04
    0.920733029488474130630493164062500000000000E-03    0.372154125976562500000000000000000000000000E+04
    0.939333112910389900207519531250000000000000E-03    0.379171508789062500000000000000000000000000E+04
    0.958308868575841188430786132812500000000000E-03    0.386313549804687500000000000000000000000000E+04
    0.977667979896068572998046875000000000000000E-03    0.393582080078125000000000000000000000000000E+04
    0.997418188489973545074462890625000000000000E-03    0.400978955078125000000000000000000000000000E+04
    0.101756735239177942276000976562500000000000E-02    0.408506079101562500000000000000000000000000E+04
    0.103812362067401409149169921875000000000000E-02    0.416165283203125000000000000000000000000000E+04
    0.105909502599388360977172851562500000000000E-02    0.423958496093750000000000000000000000000000E+04
    0.108049006666988134384155273437500000000000E-02    0.431887548828125000000000000000000000000000E+04
    0.110231747385114431381225585937500000000000E-02    0.439954345703125000000000000000000000000000E+04
    0.112458574585616588592529296875000000000000E-02    0.448160791015625000000000000000000000000000E+04
    0.114730407949537038803100585937500000000000E-02    0.456508789062500000000000000000000000000000E+04
    0.117048120591789484024047851562500000000000E-02    0.465000244140625000000000000000000000000000E+04
    0.119412643834948539733886718750000000000000E-02    0.473637011718750000000000000000000000000000E+04
    0.121824943926185369491577148437500000000000E-02    0.482420996093750000000000000000000000000000E+04
    0.124285963829606771469116210937500000000000E-02    0.491354199218750000000000000000000000000000E+04
    0.126796704716980457305908203125000000000000E-02    0.500438378906250000000000000000000000000000E+04
    0.129358167760074138641357421875000000000000E-02    0.509675488281250000000000000000000000000000E+04
    0.131971365772187709808349609375000000000000E-02    0.519067333984375000000000000000000000000000E+04
    0.134637358132749795913696289062500000000000E-02    0.528615917968750000000000000000000000000000E+04
    0.137357215862721204757690429687500000000000E-02    0.538323046875000000000000000000000000000000E+04
    0.140132009983062744140625000000000000000000E-02    0.548190527343750000000000000000000000000000E+04
    0.142962858080863952636718750000000000000000E-02    0.558220166015625000000000000000000000000000E+04
    0.145850901026278734207153320312500000000000E-02    0.568413769531250000000000000000000000000000E+04
    0.148797314614057540893554687500000000000000E-02    0.578773193359375000000000000000000000000000E+04
    0.151803228072822093963623046875000000000000E-02    0.589300146484375000000000000000000000000000E+04
    0.154869852121919393539428710937500000000000E-02    0.599996337890625000000000000000000000000000E+04
    0.157998420763760805130004882812500000000000E-02    0.610863525390625000000000000000000000000000E+04
    0.161190202925354242324829101562500000000000E-02    0.621903369140625000000000000000000000000000E+04
    0.164446467533707618713378906250000000000000E-02    0.633117529296875000000000000000000000000000E+04
    0.167768495157361030578613281250000000000000E-02    0.644507666015625000000000000000000000000000E+04
    0.171157636214047670364379882812500000000000E-02    0.656075292968750000000000000000000000000000E+04
    0.174615241121500730514526367187500000000000E-02    0.667821972656250000000000000000000000000000E+04
    0.178142718505114316940307617187500000000000E-02    0.679749218750000000000000000000000000000000E+04
    0.181741418782621622085571289062500000000000E-02    0.691858398437500000000000000000000000000000E+04
    0.185412843711674213409423828125000000000000E-02    0.704150927734375000000000000000000000000000E+04
    0.189158413559198379516601562500000000000000E-02    0.716628222656250000000000000000000000000000E+04
    0.192979711573570966720581054687500000000000E-02    0.729291455078125000000000000000000000000000E+04
    0.196878169663250446319580078125000000000000E-02    0.742141894531250000000000000000000000000000E+04
    0.200855359435081481933593750000000000000000E-02    0.755180761718750000000000000000000000000000E+04
    0.204912899062037467956542968750000000000000E-02    0.768409130859375000000000000000000000000000E+04
    0.209052418358623981475830078125000000000000E-02    0.781827978515625000000000000000000000000000E+04
    0.213275570422410964965820312500000000000000E-02    0.795438378906250000000000000000000000000000E+04
    0.217583985067903995513916015625000000000000E-02    0.809241064453125000000000000000000000000000E+04
    0.221979478374123573303222656250000000000000E-02    0.823237011718750000000000000000000000000000E+04
    0.226463773287832736968994140625000000000000E-02    0.837426855468750000000000000000000000000000E+04
    0.231038639321923255920410156250000000000000E-02    0.851811132812500000000000000000000000000000E+04
    0.235705915838479995727539062500000000000000E-02    0.866390527343750000000000000000000000000000E+04
    0.240467488765716552734375000000000000000000E-02    0.881165527343750000000000000000000000000000E+04
    0.245325244031846523284912109375000000000000E-02    0.896136328125000000000000000000000000000000E+04
    0.250281183980405330657958984375000000000000E-02    0.911303320312500000000000000000000000000000E+04
    0.255337217822670936584472656250000000000000E-02    0.926666601562500000000000000000000000000000E+04
    0.260495371185243129730224609375000000000000E-02    0.942226269531250000000000000000000000000000E+04
    0.265757716260850429534912109375000000000000E-02    0.957982031250000000000000000000000000000000E+04
    0.271126371808350086212158203125000000000000E-02    0.973933984375000000000000000000000000000000E+04
    0.276603479869663715362548828125000000000000E-02    0.990081640625000000000000000000000000000000E+04
    0.282191229052841663360595703125000000000000E-02    0.100642460937500000000000000000000000000000E+05
    0.287891877815127372741699218750000000000000E-02    0.102296220703125000000000000000000000000000E+05
    0.293707661330699920654296875000000000000000E-02    0.103969375000000000000000000000000000000000E+05
    0.299640954472124576568603515625000000000000E-02    0.105661835937500000000000000000000000000000E+05
    0.305694085545837879180908203125000000000000E-02    0.107373505859375000000000000000000000000000E+05
    0.311869522556662559509277343750000000000000E-02    0.109104257812500000000000000000000000000000E+05
    0.318169780075550079345703125000000000000000E-02    0.110853945312500000000000000000000000000000E+05
    0.324597232975065708160400390625000000000000E-02    0.112622421875000000000000000000000000000000E+05
    0.331154512241482734680175781250000000000000E-02    0.114409521484375000000000000000000000000000E+05
    0.337844272144138813018798828125000000000000E-02    0.116215048828125000000000000000000000000000E+05
    0.344669190235435962677001953125000000000000E-02    0.118038798828125000000000000000000000000000E+05
    0.351631967350840568542480468750000000000000E-02    0.119880517578125000000000000000000000000000E+05
    0.358735374175012111663818359375000000000000E-02    0.121739980468750000000000000000000000000000E+05
    0.365982321090996265411376953125000000000000E-02    0.123616904296875000000000000000000000000000E+05
    0.373375625349581241607666015625000000000000E-02    0.125510996093750000000000000000000000000000E+05
    0.380918313749134540557861328125000000000000E-02    0.127421914062500000000000000000000000000000E+05
    0.388613343238830566406250000000000000000000E-02    0.129349326171875000000000000000000000000000E+05
    0.396463880315423011779785156250000000000000E-02    0.131292841796875000000000000000000000000000E+05
    0.404472928494215011596679687500000000000000E-02    0.133252070312500000000000000000000000000000E+05
    0.412643933668732643127441406250000000000000E-02    0.135226582031250000000000000000000000000000E+05
    0.420979922637343406677246093750000000000000E-02    0.137215937500000000000000000000000000000000E+05
    0.429484248161315917968750000000000000000000E-02    0.139219658203125000000000000000000000000000E+05
    0.438160402700304985046386718750000000000000E-02    0.141237255859375000000000000000000000000000E+05
    0.447011832147836685180664062500000000000000E-02    0.143268193359375000000000000000000000000000E+05
    0.456042028963565826416015625000000000000000E-02    0.145311923828125000000000000000000000000000E+05
    0.465254718437790870666503906250000000000000E-02    0.147367880859375000000000000000000000000000E+05
    0.474653439596295356750488281250000000000000E-02    0.149435439453125000000000000000000000000000E+05
    0.484242103993892669677734375000000000000000E-02    0.151513994140625000000000000000000000000000E+05
    0.494024436920881271362304687500000000000000E-02    0.153602851562500000000000000000000000000000E+05
    0.504004349932074546813964843750000000000000E-02    0.155701289062500000000000000000000000000000E+05
    0.514185894280672073364257812500000000000000E-02    0.157808457031250000000000000000000000000000E+05
    0.524573167786002159118652343750000000000000E-02    0.159923515625000000000000000000000000000000E+05
    0.535170361399650573730468750000000000000000E-02    0.162045556640625000000000000000000000000000E+05
    0.545981479808688163757324218750000000000000E-02    0.164173671875000000000000000000000000000000E+05
    0.557011039927601814270019531250000000000000E-02    0.166306933593750000000000000000000000000000E+05
    0.568263372406363487243652343750000000000000E-02    0.168444433593750000000000000000000000000000E+05
    0.579743087291717529296875000000000000000000E-02    0.170585214843750000000000000000000000000000E+05
    0.591454654932022094726562500000000000000000E-02    0.172728281250000000000000000000000000000000E+05
    0.603402825072407722473144531250000000000000E-02    0.174872656250000000000000000000000000000000E+05
    0.615592347458004951477050781250000000000000E-02    0.177017187500000000000000000000000000000000E+05
    0.628028111532330513000488281250000000000000E-02    0.179160722656250000000000000000000000000000E+05
    0.640715099871158599853515625000000000000000E-02    0.181302011718750000000000000000000000000000E+05
    0.653658434748649597167968750000000000000000E-02    0.183439824218750000000000000000000000000000E+05
    0.666863145306706428527832031250000000000000E-02    0.185572851562500000000000000000000000000000E+05
    0.680334679782390594482421875000000000000000E-02    0.187699843750000000000000000000000000000000E+05
    0.694078346714377403259277343750000000000000E-02    0.189819453125000000000000000000000000000000E+05
    0.708099640905857086181640625000000000000000E-02    0.191930371093750000000000000000000000000000E+05
    0.722404150292277336120605468750000000000000E-02    0.194031191406250000000000000000000000000000E+05
    0.736997742205858230590820312500000000000000E-02    0.196120527343750000000000000000000000000000E+05
    0.751886051148176193237304687500000000000000E-02    0.198196816406250000000000000000000000000000E+05
    0.767075084149837493896484375000000000000000E-02    0.200258476562500000000000000000000000000000E+05
    0.782571360468864440917968750000000000000000E-02    0.202303867187500000000000000000000000000000E+05
    0.798380374908447265625000000000000000000000E-02    0.204331308593750000000000000000000000000000E+05
    0.814508739858865737915039062500000000000000E-02    0.206339101562500000000000000000000000000000E+05
    0.830962881445884704589843750000000000000000E-02    0.208325410156250000000000000000000000000000E+05
    0.847749505192041397094726562500000000000000E-02    0.210288359375000000000000000000000000000000E+05
    0.864875130355358123779296875000000000000000E-02    0.212226035156250000000000000000000000000000E+05
    0.882346741855144500732421875000000000000000E-02    0.214136503906250000000000000000000000000000E+05
    0.900171231478452682495117187500000000000000E-02    0.216017792968750000000000000000000000000000E+05
    0.918355956673622131347656250000000000000000E-02    0.217867812500000000000000000000000000000000E+05
    0.936907902359962463378906250000000000000000E-02    0.219684492187500000000000000000000000000000E+05
    0.955834705382585525512695312500000000000000E-02    0.221465644531250000000000000000000000000000E+05
    0.975143909454345703125000000000000000000000E-02    0.223209179687500000000000000000000000000000E+05
    0.994843058288097381591796875000000000000000E-02    0.224912851562500000000000000000000000000000E+05
    0.101494016125798225402832031250000000000000E-01    0.226574394531250000000000000000000000000000E+05
    0.103544332087039947509765625000000000000000E-01    0.228191464843750000000000000000000000000000E+05
    0.105636063963174819946289062500000000000000E-01    0.229761699218750000000000000000000000000000E+05
    0.107770059257745742797851562500000000000000E-01    0.231282734375000000000000000000000000000000E+05
    0.109947146847844123840332031250000000000000E-01    0.232752167968750000000000000000000000000000E+05
    0.112168220803141593933105468750000000000000E-01    0.234167343750000000000000000000000000000000E+05
    0.114434175193309783935546875000000000000000E-01    0.235525527343750000000000000000000000000000E+05
    0.116745894774794578552246093750000000000000E-01    0.236824042968750000000000000000000000000000E+05
    0.119104310870170593261718750000000000000000E-01    0.238060195312500000000000000000000000000000E+05
    0.121510382741689682006835937500000000000000E-01    0.239231406250000000000000000000000000000000E+05
    0.123965051025152206420898437500000000000000E-01    0.240335527343750000000000000000000000000000E+05
    0.126469302922487258911132812500000000000000E-01    0.241370566406250000000000000000000000000000E+05
    0.129024153575301170349121093750000000000000E-01    0.242334492187500000000000000000000000000000E+05
    0.131630674004554748535156250000000000000000E-01    0.243225390625000000000000000000000000000000E+05
    0.134289795532822608947753906250000000000000E-01    0.244040566406250000000000000000000000000000E+05
    0.137002617120742797851562500000000000000000E-01    0.244774921875000000000000000000000000000000E+05
    0.139770256355404853820800781250000000000000E-01    0.245423027343750000000000000000000000000000E+05
    0.142593793570995330810546875000000000000000E-01    0.245979433593750000000000000000000000000000E+05
    0.145474374294281005859375000000000000000000E-01    0.246438750000000000000000000000000000000000E+05
    0.148413162678480148315429687500000000000000E-01    0.246799082031250000000000000000000000000000E+05
    0.151411294937133789062500000000000000000000E-01    0.247067363281250000000000000000000000000000E+05
    0.154470009729266166687011718750000000000000E-01    0.247252011718750000000000000000000000000000E+05
    0.157590489834547042846679687500000000000000E-01    0.247361640625000000000000000000000000000000E+05
    0.160774048417806625366210937500000000000000E-01    0.247404843750000000000000000000000000000000E+05
    0.164021886885166168212890625000000000000000E-01    0.247382539062500000000000000000000000000000E+05
    0.167335346341133117675781250000000000000000E-01    0.247277949218750000000000000000000000000000E+05
    0.170715730637311935424804687500000000000000E-01    0.247071953125000000000000000000000000000000E+05
    0.174164418131113052368164062500000000000000E-01    0.246745585937500000000000000000000000000000E+05
    0.177682787179946899414062500000000000000000E-01    0.246280234375000000000000000000000000000000E+05
    0.181272197514772415161132812500000000000000E-01    0.245666699218750000000000000000000000000000E+05
    0.184934139251708984375000000000000000000000E-01    0.244914394531250000000000000000000000000000E+05
    0.188670046627521514892578125000000000000000E-01    0.244035000000000000000000000000000000000000E+05
    0.192481447011232376098632812500000000000000E-01    0.243040253906250000000000000000000000000000E+05
    0.196369830518960952758789062500000000000000E-01    0.241941855468750000000000000000000000000000E+05
    0.200336743146181106567382812500000000000000E-01    0.240742031250000000000000000000000000000000E+05
    0.204383805394172668457031250000000000000000E-01    0.239426562500000000000000000000000000000000E+05
    0.208512637764215469360351562500000000000000E-01    0.237980058593750000000000000000000000000000E+05
    0.212724860757589340209960937500000000000000E-01    0.236387734375000000000000000000000000000000E+05
    0.217022281140089035034179687500000000000000E-01    0.234635722656250000000000000000000000000000E+05
    0.221406426280736923217773437500000000000000E-01    0.232722773437500000000000000000000000000000E+05
    0.225879121571779251098632812500000000000000E-01    0.230666601562500000000000000000000000000000E+05
    0.230442192405462265014648437500000000000000E-01    0.228486308593750000000000000000000000000000E+05
    0.235097426921129226684570312500000000000000E-01    0.226200644531250000000000000000000000000000E+05
    0.239846706390380859375000000000000000000000E-01    0.223827812500000000000000000000000000000000E+05
    0.244691912084817886352539062500000000000000E-01    0.221377929687500000000000000000000000000000E+05
    0.249635018408298492431640625000000000000000E-01    0.218850683593750000000000000000000000000000E+05
    0.254677981138229370117187500000000000000000E-01    0.216245117187500000000000000000000000000000E+05
    0.259822811931371688842773437500000000000000E-01    0.213560664062500000000000000000000000000000E+05
    0.265071578323841094970703125000000000000000E-01    0.210796933593750000000000000000000000000000E+05
    0.270426385104656219482421875000000000000000E-01    0.207953554687500000000000000000000000000000E+05
    0.275889337062835693359375000000000000000000E-01    0.205030019531250000000000000000000000000000E+05
    0.281462669372558593750000000000000000000000E-01    0.202026210937500000000000000000000000000000E+05
    0.287148579955101013183593750000000000000000E-01    0.198942304687500000000000000000000000000000E+05
    0.292949359863996505737304687500000000000000E-01    0.195778964843750000000000000000000000000000E+05
    0.298867337405681610107421875000000000000000E-01    0.192541152343750000000000000000000000000000E+05
    0.304904840886592864990234375000000000000000E-01    0.189238144531250000000000000000000000000000E+05
    0.311064328998327255249023437500000000000000E-01    0.185879199218750000000000000000000000000000E+05
    0.317348241806030273437500000000000000000000E-01    0.182473320312500000000000000000000000000000E+05
    0.323759093880653381347656250000000000000000E-01    0.179029316406250000000000000000000000000000E+05
    0.330299474298954010009765625000000000000000E-01    0.175559101562500000000000000000000000000000E+05
    0.336971953511238098144531250000000000000000E-01    0.172077226562500000000000000000000000000000E+05
    0.343779213726520538330078125000000000000000E-01    0.168597500000000000000000000000000000000000E+05
    0.350724011659622192382812500000000000000000E-01    0.165132753906250000000000000000000000000000E+05
    0.357809104025363922119140625000000000000000E-01    0.161694687500000000000000000000000000000000E+05
    0.365037508308887481689453125000000000000000E-01    0.158289160156250000000000000000000000000000E+05
    0.372411720454692840576171875000000000000000E-01    0.154917324218750000000000000000000000000000E+05
    0.379934944212436676025390625000000000000000E-01    0.151580146484375000000000000000000000000000E+05
    0.387610122561454772949218750000000000000000E-01    0.148278535156250000000000000000000000000000E+05
    0.395440347492694854736328125000000000000000E-01    0.145013779296875000000000000000000000000000E+05
    0.403428785502910614013671875000000000000000E-01    0.141793398437500000000000000000000000000000E+05
    0.411578565835952758789062500000000000000000E-01    0.138629111328125000000000000000000000000000E+05
    0.419893004000186920166015625000000000000000E-01    0.135531669921875000000000000000000000000000E+05
    0.428375415503978729248046875000000000000000E-01    0.132510830078125000000000000000000000000000E+05
    0.437029153108596801757812500000000000000000E-01    0.129575371093750000000000000000000000000000E+05
    0.445857718586921691894531250000000000000000E-01    0.126733281250000000000000000000000000000000E+05
    0.454864650964736938476562500000000000000000E-01    0.123991777343750000000000000000000000000000E+05
    0.464053489267826080322265625000000000000000E-01    0.121357304687500000000000000000000000000000E+05
    0.473427996039390563964843750000000000000000E-01    0.118835605468750000000000000000000000000000E+05
    0.482991859316825866699218750000000000000000E-01    0.116429199218750000000000000000000000000000E+05
    0.492748916149139404296875000000000000000000E-01    0.114125224609375000000000000000000000000000E+05
    0.502703115344047546386718750000000000000000E-01    0.111906328125000000000000000000000000000000E+05
    0.512858368456363677978515625000000000000000E-01    0.109756376953125000000000000000000000000000E+05
    0.523218810558319091796875000000000000000000E-01    0.107660566406250000000000000000000000000000E+05
    0.533788502216339111328125000000000000000000E-01    0.105609013671875000000000000000000000000000E+05
    0.544571764767169952392578125000000000000000E-01    0.103596142578125000000000000000000000000000E+05
    0.555572807788848876953125000000000000000000E-01    0.101616875000000000000000000000000000000000E+05
    0.566796138882637023925781250000000000000000E-01    0.996661914062500000000000000000000000000000E+04
    0.578246153891086578369140625000000000000000E-01    0.977340136718750000000000000000000000000000E+04
    0.589927472174167633056640625000000000000000E-01    0.958059667968750000000000000000000000000000E+04
    0.601844787597656250000000000000000000000000E-01    0.938686621093750000000000000000000000000000E+04
    0.614003166556358337402343750000000000000000E-01    0.919100976562500000000000000000000000000000E+04
    0.626406818628311157226562500000000000000000E-01    0.899209765625000000000000000000000000000000E+04
    0.639061108231544494628906250000000000000000E-01    0.878936816406250000000000000000000000000000E+04
    0.651970952749252319335937500000000000000000E-01    0.858213769531250000000000000000000000000000E+04
    0.665141642093658447265625000000000000000000E-01    0.836837792968750000000000000000000000000000E+04
    0.678578317165374755859375000000000000000000E-01    0.814432373046875000000000000000000000000000E+04
    0.692286565899848937988281250000000000000000E-01    0.790658105468750000000000000000000000000000E+04
    0.706271678209304809570312500000000000000000E-01    0.765397509765625000000000000000000000000000E+04
    0.720539242029190063476562500000000000000000E-01    0.738992431640625000000000000000000000000000E+04
    0.735095068812370300292968750000000000000000E-01    0.711832275390625000000000000000000000000000E+04
    0.749944970011711120605468750000000000000000E-01    0.684082226562500000000000000000000000000000E+04
    0.765094906091690063476562500000000000000000E-01    0.655370214843750000000000000000000000000000E+04
    0.780550837516784667968750000000000000000000E-01    0.625324609375000000000000000000000000000000E+04
    0.796318948268890380859375000000000000000000E-01    0.593921191406250000000000000000000000000000E+04
    0.812405645847320556640625000000000000000000E-01    0.561633837890625000000000000000000000000000E+04
    0.828817337751388549804687500000000000000000E-01    0.528940625000000000000000000000000000000000E+04
    0.845560505986213684082031250000000000000000E-01    0.496128320312500000000000000000000000000000E+04
    0.862641930580139160156250000000000000000000E-01    0.463349951171875000000000000000000000000000E+04
    0.880068466067314147949218750000000000000000E-01    0.430803662109375000000000000000000000000000E+04
    0.897847041487693786621093750000000000000000E-01    0.398827783203125000000000000000000000000000E+04
    0.915984734892845153808593750000000000000000E-01    0.367744189453125000000000000000000000000000E+04
    0.934488773345947265625000000000000000000000E-01    0.337781372070312500000000000000000000000000E+04
    0.953366756439208984375000000000000000000000E-01    0.309094482421875000000000000000000000000000E+04
    0.972625985741615295410156250000000000000000E-01    0.281804101562500000000000000000000000000000E+04
    0.992274358868598937988281250000000000000000E-01    0.256028759765625000000000000000000000000000E+04
    0.101232007145881652832031250000000000000000E+00    0.231926855468750000000000000000000000000000E+04
    0.103277020156383514404296875000000000000000E+00    0.209603271484375000000000000000000000000000E+04
    0.105363354086875915527343750000000000000000E+00    0.189076245117187500000000000000000000000000E+04
    0.107491828501224517822265625000000000000000E+00    0.170191906738281250000000000000000000000000E+04
    0.109663315117359161376953125000000000000000E+00    0.152774682617187500000000000000000000000000E+04
    0.111878655850887298583984375000000000000000E+00    0.136683178710937500000000000000000000000000E+04
    0.114138752222061157226562500000000000000000E+00    0.121794482421875000000000000000000000000000E+04
    0.116444505751132965087890625000000000000000E+00    0.108011315917968750000000000000000000000000E+04
    0.118796832859516143798828125000000000000000E+00    0.952233154296875000000000000000000000000000E+03
    0.121196687221527099609375000000000000000000E+00    0.832161926269531250000000000000000000000000E+03
    0.123645029962062835693359375000000000000000E+00    0.718498168945312500000000000000000000000000E+03
    0.126142814755439758300781250000000000000000E+00    0.610986206054687500000000000000000000000000E+03
    0.128691077232360839843750000000000000000000E+00    0.510256042480468750000000000000000000000000E+03
    0.131290808320045471191406250000000000000000E+00    0.417089447021484375000000000000000000000000E+03
    0.133943051099777221679687500000000000000000E+00    0.330765075683593750000000000000000000000000E+03
    0.136648878455162048339843750000000000000000E+00    0.251485900878906250000000000000000000000000E+03
    0.139409363269805908203125000000000000000000E+00    0.182098739624023437500000000000000000000000E+03
    0.142225623130798339843750000000000000000000E+00    0.125907966613769531250000000000000000000000E+03
    0.145098760724067687988281250000000000000000E+00    0.820223159790039062500000000000000000000000E+02
    0.148029953241348266601562500000000000000000E+00    0.459231986999511718750000000000000000000000E+02
    0.151020348072052001953125000000000000000000E+00    0.199282646179199218750000000000000000000000E+02
    0.154071167111396789550781250000000000000000E+00    0.670293140411376953125000000000000000000000E+01
    0.157183602452278137207031250000000000000000E+00    0.190873014926910400390625000000000000000000E+01
    0.160358920693397521972656250000000000000000E+00    0.807642996311187744140625000000000000000000E+00
    0.163598373532295227050781250000000000000000E+00    0.119050049781799316406250000000000000000000E+01
    0.166903272271156311035156250000000000000000E+00    0.415937042236328125000000000000000000000000E+01
    0.170275032520294189453125000000000000000000E+00    0.881611633300781250000000000000000000000000E+01
    0.173714801669120788574218750000000000000000E+00    0.905089855194091796875000000000000000000000E+01
    0.177224084734916687011718750000000000000000E+00    0.824679660797119140625000000000000000000000E+01
    0.180804237723350524902343750000000000000000E+00    0.666616058349609375000000000000000000000000E+01
    0.184456720948219299316406250000000000000000E+00    0.384495639801025390625000000000000000000000E+01
    0.188182994723320007324218750000000000000000E+00    0.267522096633911132812500000000000000000000E+01
    0.191984534263610839843750000000000000000000E+00    0.176418268680572509765625000000000000000000E+01
    0.195862874388694763183593750000000000000000E+00    0.719253495335578918457031250000000000000000E-01
    0.199819564819335937500000000000000000000000E+00    0.143242860212922096252441406250000000000000E-02
    0.203856185078620910644531250000000000000000E+00    0.925857294350862503051757812500000000000000E-02
    0.207974359393119812011718750000000000000000E+00    0.317151755094528198242187500000000000000000E+00
    0.212175697088241577148437500000000000000000E+00    0.364654153585433959960937500000000000000000E+00
    0.216461926698684692382812500000000000000000E+00    0.205991730093955993652343750000000000000000E+00
    0.220834761857986450195312500000000000000000E+00    0.175425872206687927246093750000000000000000E+00
    0.225295916199684143066406250000000000000000E+00    0.836709588766098022460937500000000000000000E-01
    0.229847192764282226562500000000000000000000E+00    0.445884838700294494628906250000000000000000E-02
    0.234490394592285156250000000000000000000000E+00    0.104508211370557546615600585937500000000000E-02
    0.239227414131164550781250000000000000000000E+00    0.606679730117321014404296875000000000000000E-02
    0.244060128927230834960937500000000000000000E+00    0.109786214306950569152832031250000000000000E-01
    0.248990446329116821289062500000000000000000E+00    0.118524245917797088623046875000000000000000E-01
    0.254020392894744873046875000000000000000000E+00    0.180312350858002901077270507812500000000000E-02
    0.259151935577392578125000000000000000000000E+00    0.134383386466652154922485351562500000000000E-03
    0.264387160539627075195312500000000000000000E+00    0.116568861994892358779907226562500000000000E-02
    0.269728124141693115234375000000000000000000E+00    0.370103935711085796356201171875000000000000E-02
    0.275177001953125000000000000000000000000000E+00    0.433836458250880241394042968750000000000000E-02
    0.280736058950424194335937500000000000000000E+00    0.558511354029178619384765625000000000000000E-03
    0.286407291889190673828125000000000000000000E+00    0.119943899335339665412902832031250000000000E-03
    0.292193114757537841796875000000000000000000E+00    0.152540591079741716384887695312500000000000E-02
    0.298095792531967163085937500000000000000000E+00    0.387777457945048809051513671875000000000000E-02
    0.304117560386657714843750000000000000000000E+00    0.450071599334478378295898437500000000000000E-02
    0.310261309146881103515625000000000000000000E+00    0.236789765767753124237060546875000000000000E-02
    0.316528826951980590820312500000000000000000E+00    0.273404639301588758826255798339843750000000E-04
    0.322923272848129272460937500000000000000000E+00    0.891331641469150781631469726562500000000000E-03
    0.329446613788604736328125000000000000000000E+00    0.371487415395677089691162109375000000000000E-02
    0.336102008819580078125000000000000000000000E+00    0.341527839191257953643798828125000000000000E-02
    0.342891573905944824218750000000000000000000E+00    0.110448151826858520507812500000000000000000E-02
    0.349818587303161621093750000000000000000000E+00    0.147105583891971036791801452636718750000000E-04
    0.356885224580764770507812500000000000000000E+00    0.196096533909440040588378906250000000000000E-02
    0.364094972610473632812500000000000000000000E+00    0.199599470943212509155273437500000000000000E-02
    0.371450334787368774414062500000000000000000E+00    0.559657695703208446502685546875000000000000E-03
    0.378953933715820312500000000000000000000000E+00    0.102501580840907990932464599609375000000000E-03
    0.386609494686126708984375000000000000000000E+00    0.532894046045839786529541015625000000000000E-03
    0.394419312477111816406250000000000000000000E+00    0.567274517379701137542724609375000000000000E-03
    0.402387291193008422851562500000000000000000E+00    0.155913148773834109306335449218750000000000E-04
    0.410515844821929931640625000000000000000000E+00    0.707939378230548754800111055374145507812500E-07
    0.418809026479721069335937500000000000000000E+00    0.186054196092300117015838623046875000000000E-03
    0.427269339561462402343750000000000000000000E+00    0.460255978396162390708923339843750000000000E-04
    0.435900926589965820312500000000000000000000E+00    0.860250020195962861180305480957031250000000E-05
    0.444706469774246215820312500000000000000000E+00    0.866976748170600330922752618789672851562500E-07
    0.453690379858016967773437500000000000000000E+00    0.311882013193098828196525573730468750000000E-05
    0.462855309247970581054687500000000000000000E+00    0.173592998180538415908813476562500000000000E-04
    0.472205787897109985351562500000000000000000E+00    0.149144607348716817796230316162109375000000E-04
    0.481744766235351562500000000000000000000000E+00    0.134381525640492327511310577392578125000000E-05
    0.491476893424987792968750000000000000000000E+00    0.141677173814969137310981750488281250000000E-04
    0.501405119895935058593750000000000000000000E+00    0.268812755166436545550823211669921875000000E-05
    0.511534392833709716796875000000000000000000E+00    0.710484300725511275231838226318359375000000E-06
    0.521867811679840087890625000000000000000000E+00    0.150371795371029293164610862731933593750000E-05
    0.532410502433776855468750000000000000000000E+00    0.324950576668925350531935691833496093750000E-06
    0.543165624141693115234375000000000000000000E+00    0.233785101499961456283926963806152343750000E-06
    0.554138541221618652343750000000000000000000E+00    0.471406487179137911880388855934143066406250E-07
    0.565332591533660888671875000000000000000000E+00    0.107460982690099626779556274414062500000000E-05
    0.576753377914428710937500000000000000000000E+00    0.742310524159961460100021213293075561523438E-08
    0.588404297828674316406250000000000000000000E+00    0.270010474423543200828135013580322265625000E-06
    0.600291073322296142578125000000000000000000E+00    0.868780158924664647202007472515106201171875E-08
    0.612418055534362792968750000000000000000000E+00    0.592735061033522470097523182630538940429688E-08
    0.624789416790008544921875000000000000000000E+00    0.752202211629082739818841218948364257812500E-08
    0.637411296367645263671875000000000000000000E+00    0.325197675010713282972574234008789062500000E-05
    0.650287508964538574218750000000000000000000E+00    0.280690778708958532661199569702148437500000E-05
    0.663424491882324218750000000000000000000000E+00    0.808453322065361135173588991165161132812500E-07
    0.676826238632202148437500000000000000000000E+00    0.151405155079942232987377792596817016601562E-08
    0.690499365329742431640625000000000000000000E+00    0.151259935132763700948999030515551567077637E-09
    0.704448044300079345703125000000000000000000E+00    0.640649339134213846591592300683259963989258E-10
    0.718679130077362060546875000000000000000000E+00    0.619057236028730528687447076663374900817871E-10
    0.733197033405303955078125000000000000000000E+00    0.743772265998643433704273775219917297363281E-10
    0.748008966445922851562500000000000000000000E+00    0.828014601328419530545943416655063629150391E-10
    0.763119339942932128906250000000000000000000E+00    0.881818229547803866807953454554080963134766E-10
    0.778535783290863037109375000000000000000000E+00    0.941746750027228074486629338935017585754395E-10
    0.794262826442718505859375000000000000000000E+00    0.104270335421485782489980920217931270599365E-09
    0.810308396816253662109375000000000000000000E+00    0.112934224472116540027855080552399158477783E-09
    0.826677322387695312500000000000000000000000E+00    0.108794785680377259495799080468714237213135E-09
    0.843377590179443359375000000000000000000000E+00    0.847926867608705947532143909484148025512695E-10
    0.860414624214172363281250000000000000000000E+00    0.551455790753774266477194032631814479827881E-10
    0.877796530723571777343750000000000000000000E+00    0.412921745407412998929430614225566387176514E-10
    0.895528674125671386718750000000000000000000E+00    0.511757893006947739422685117460787296295166E-10
    0.913619995117187500000000000000000000000000E+00    0.141561470878848183474474353715777397155762E-09
    0.932075977325439453125000000000000000000000E+00    0.341569550421638723491923883557319641113281E-09
    0.950905561447143554687500000000000000000000E+00    0.915526682243594791543728206306695938110352E-10
    0.970114648342132568359375000000000000000000E+00    0.333385988086909446082017893786542117595673E-12
    0.989712655544281005859375000000000000000000E+00    0.780665434295088248419294818525315804436104E-17
    0.100970673561096191406250000000000000000000E+01    0.107043552833540657025461343473254904878900E-20
    0.103010356426239013671875000000000000000000E+01    0.108089281995631010518141794764582219734450E-19
    0.105091357231140136718750000000000000000000E+01    0.205326033952957232031621970236301422119141E-10
    0.107214283943176269531250000000000000000000E+01    0.252884258672425588088117365259677171707153E-10
    0.109380209445953369140625000000000000000000E+01    0.214473109411139617463959439191967248916626E-10
    0.111589777469635009765625000000000000000000E+01    0.167014648638774687583463673945516347885132E-10
    0.113844096660614013671875000000000000000000E+01    0.193971904510759074469206098001450300216675E-10
    0.116143846511840820312500000000000000000000E+01    0.602617782063941120895833591930568218231201E-11
    0.118490147590637207031250000000000000000000E+01    0.148825862657936403010694448312278836965561E-11
    0.120883750915527343750000000000000000000000E+01    0.441419958311511928528148018813226372003555E-12
    0.123325824737548828125000000000000000000000E+01    0.380657701540276782736782479332759976387024E-11
    0.125817120075225830078125000000000000000000E+01    0.106869764773809272639937262283638119697571E-10
    0.128358840942382812500000000000000000000000E+01    0.321422879631660940447090979432687163352966E-11
    0.130951797962188720703125000000000000000000E+01    0.454830964558006201059470186010003089904785E-11
    0.133597266674041748046875000000000000000000E+01    0.715900732792262850523457018425688147544861E-11
    0.136296045780181884765625000000000000000000E+01    0.237782515032092245377270955941639840602875E-11
    0.139049470424652099609375000000000000000000E+01    0.498432198292597661293257260695099830627441E-11
    0.141858386993408203125000000000000000000000E+01    0.223892909420597696623644878854975104331970E-11
    0.144724178314208984375000000000000000000000E+01    0.220526396622899856225785697461105883121490E-11
    0.147647726535797119140625000000000000000000E+01    0.309165518706799868908774442388676106929779E-11
    0.150630474090576171875000000000000000000000E+01    0.127774310229589183052212320035323500633240E-11
    0.153673338890075683593750000000000000000000E+01    0.759565533300227135882209950068499892950058E-12
    0.156777822971343994140625000000000000000000E+01    0.113837606875721863985972959198988974094391E-11
    0.159944856166839599609375000000000000000000E+01    0.180161799107764197813708051398862153291702E-11
    0.163176035881042480468750000000000000000000E+01    0.235508162450825953015964842052198946475983E-11
    0.166472315788269042968750000000000000000000E+01    0.254678678320019447056665740092284977436066E-11
    0.169835364818572998046875000000000000000000E+01    0.207857342449102588943787850439548492431641E-11
    0.173266339302062988281250000000000000000000E+01    0.147124749449306646553736754867713898420334E-11
    0.176766479015350341796875000000000000000000E+01    0.142828945285528030595401105529163032770157E-11
    0.180337476730346679687500000000000000000000E+01    0.106098181455738238554431518423371016979218E-11
    0.183980441093444824218750000000000000000000E+01    0.496417522973663372098940271825995296239853E-12
    0.187697184085845947265625000000000000000000E+01    0.725392890286308267278059247473720461130142E-12
    0.191488826274871826171875000000000000000000E+01    0.714356850582686941919519085786305367946625E-12
    0.195357239246368408203125000000000000000000E+01    0.813839013541484135316750325728207826614380E-12
    0.199303627014160156250000000000000000000000E+01    0.114048917879139288800161011749878525733948E-11
    0.203329920768737792968750000000000000000000E+01    0.111010571395009360884387206169776618480682E-11
    0.207437348365783691406250000000000000000000E+01    0.978030265282037181151508775656111538410187E-12
    0.211627960205078125000000000000000000000000E+01    0.915375089095837868313765284256078302860260E-12
    0.215903019905090332031250000000000000000000E+01    0.663595101178110491346728849748615175485611E-12
    0.220264649391174316406250000000000000000000E+01    0.405885448948734017804440554755274206399918E-12
    0.224714183807373046875000000000000000000000E+01    0.324294004193717566586485645530046895146370E-12
    0.229253816604614257812500000000000000000000E+01    0.440112546016765970868789281666977331042290E-12
    0.233884930610656738281250000000000000000000E+01    0.541710990301091932508370518917217850685120E-12
    0.238609838485717773437500000000000000000000E+01    0.643593522659663408447272558987606316804886E-12
    0.243429946899414062500000000000000000000000E+01    0.606311984126250980153827185858972370624542E-12
    0.248347663879394531250000000000000000000000E+01    0.475731596043943438800738476857077330350876E-12
    0.253364515304565429687500000000000000000000E+01    0.356679339926294081131175062182592228055000E-12
    0.258482933044433593750000000000000000000000E+01    0.262712730259365145890626536129275336861610E-12
    0.263704514503479003906250000000000000000000E+01    0.251821702596313756750134871253976598381996E-12
    0.269031810760498046875000000000000000000000E+01    0.338804722124774748692743742140009999275208E-12
    0.274466466903686523437500000000000000000000E+01    0.337314215188150301472091996402014046907425E-12
    0.280011177062988281250000000000000000000000E+01    0.402578144431675610803722520358860492706299E-12
    0.285667920112609863281250000000000000000000E+01    0.339714665903087520426595347089460119605064E-12
    0.291438651084899902343750000000000000000000E+01    0.255807121362153222499102867004694417119026E-12
    0.297326231002807617187500000000000000000000E+01    0.202810140101199187778746590993250720202923E-12
    0.303332471847534179687500000000000000000000E+01    0.165134561840724058967566634237300604581833E-12
    0.309460353851318359375000000000000000000000E+01    0.172504642948628772458619096141774207353592E-12
    0.315711688995361328125000000000000000000000E+01    0.196966358154138099223473545862361788749695E-12
    0.322089648246765136718750000000000000000000E+01    0.226696523423879081615694985885056667029858E-12
    0.328596115112304687500000000000000000000000E+01    0.216299404060503464020115416133194230496883E-12
    0.335234355926513671875000000000000000000000E+01    0.172003253653962850933112349594011902809143E-12
    0.342006349563598632812500000000000000000000E+01    0.144425012856171097741508901890483684837818E-12
    0.348915529251098632812500000000000000000000E+01    0.993628736147694757718795699474867433309555E-13
    0.355963897705078125000000000000000000000000E+01    0.966298167783680161946335829270537942647934E-13
    0.363155031204223632812500000000000000000000E+01    0.945357006110029984835563254819135181605816E-13
    0.370491051673889160156250000000000000000000E+01    0.123497227526823960541690894388011656701565E-12
    0.377975654602050781250000000000000000000000E+01    0.134782742150334200470496170964906923472881E-12
    0.385611033439636230468750000000000000000000E+01    0.117259094144575581886158488487126305699348E-12
    0.393401122093200683593750000000000000000000E+01    0.882564962952081533131831747596152126789093E-13
    0.401348161697387695312500000000000000000000E+01    0.671426212154810353460732130770338699221611E-13
    0.409456062316894531250000000000000000000000E+01    0.565728562086642572381833815597929060459137E-13
    0.417727470397949218750000000000000000000000E+01    0.588345697031047998315500535682076588273048E-13
    0.426166296005249023437500000000000000000000E+01    0.795146487173568894402109208385809324681759E-13
    0.434775209426879882812500000000000000000000E+01    0.694353157870003512286416480492334812879562E-13
    0.443558454513549804687500000000000000000000E+01    0.643094586372412735375547754301805980503559E-13
