    0.999999974737875163555145263671875000000000E-04    0.472495849609375000000000000000000000000000E+03
    0.102020130725577473640441894531250000000000E-03    0.481702209472656250000000000000000000000000E+03
    0.104081082099582999944686889648437500000000E-03    0.491087707519531250000000000000000000000000E+03
    0.106183659227099269628524780273437500000000E-03    0.500655822753906250000000000000000000000000E+03
    0.108328706119209527969360351562500000000000E-03    0.510410034179687500000000000000000000000000E+03
    0.110517095890827476978302001953125000000000E-03    0.520354003906250000000000000000000000000000E+03
    0.112749679828993976116180419921875000000000E-03    0.530491333007812500000000000000000000000000E+03
    0.115027374704368412494659423828125000000000E-03    0.540825805664062500000000000000000000000000E+03
    0.117351090011652559041976928710937500000000E-03    0.551361206054687500000000000000000000000000E+03
    0.119721727969590574502944946289062500000000E-03    0.562101440429687500000000000000000000000000E+03
    0.122140278108417987823486328125000000000000E-03    0.573050537109375000000000000000000000000000E+03
    0.124607671750709414482116699218750000000000E-03    0.584212463378906250000000000000000000000000E+03
    0.127124920254573225975036621093750000000000E-03    0.595591308593750000000000000000000000000000E+03
    0.129692998598329722881317138671875000000000E-03    0.607191345214843750000000000000000000000000E+03
    0.132312969071790575981140136718750000000000E-03    0.619016784667968750000000000000000000000000E+03
    0.134985879412852227687835693359375000000000E-03    0.631071960449218750000000000000000000000000E+03
    0.137712777359411120414733886718750000000000E-03    0.643361328125000000000000000000000000000000E+03
    0.140494754305109381675720214843750000000000E-03    0.655889343261718750000000000000000000000000E+03
    0.143332930747419595718383789062500000000000E-03    0.668660705566406250000000000000000000000000E+03
    0.146228456287644803524017333984375000000000E-03    0.681679992675781250000000000000000000000000E+03
    0.149182465975172817707061767578125000000000E-03    0.694952087402343750000000000000000000000000E+03
    0.152196153067052364349365234375000000000000E-03    0.708481689453125000000000000000000000000000E+03
    0.155270710820332169532775878906250000000000E-03    0.722273925781250000000000000000000000000000E+03
    0.158407390699721872806549072265625000000000E-03    0.736333740234375000000000000000000000000000E+03
    0.161607444169931113719940185546875000000000E-03    0.750666259765625000000000000000000000000000E+03
    0.164872122695669531822204589843750000000000E-03    0.765276855468750000000000000000000000000000E+03
    0.168202750501222908496856689453125000000000E-03    0.780170715332031250000000000000000000000000E+03
    0.171600666362792253494262695312500000000000E-03    0.795353332519531250000000000000000000000000E+03
    0.175067238160409033298492431640625000000000E-03    0.810830200195312500000000000000000000000000E+03
    0.178603833774104714393615722656250000000000E-03    0.826606933593750000000000000000000000000000E+03
    0.182211864739656448364257812500000000000000E-03    0.842689331054687500000000000000000000000000E+03
    0.185892800800502300262451171875000000000000E-03    0.859083129882812500000000000000000000000000E+03
    0.189648068044334650039672851562500000000000E-03    0.875794372558593750000000000000000000000000E+03
    0.193479223526082932949066162109375000000000E-03    0.892829040527343750000000000000000000000000E+03
    0.197387780644930899143218994140625000000000E-03    0.910193298339843750000000000000000000000000E+03
    0.201375267351977527141571044921875000000000E-03    0.927893554687500000000000000000000000000000E+03
    0.205443298909813165664672851562500000000000E-03    0.945936035156250000000000000000000000000000E+03
    0.209593548788689076900482177734375000000000E-03    0.964327392578125000000000000000000000000000E+03
    0.213827603147365152835845947265625000000000E-03    0.983074096679687500000000000000000000000000E+03
    0.218147222767584025859832763671875000000000E-03    0.100218298339843750000000000000000000000000E+04
    0.222554081119596958160400390625000000000000E-03    0.102166082763671875000000000000000000000000E+04
    0.227049968088977038860321044921875000000000E-03    0.104151464843750000000000000000000000000000E+04
    0.231636688113212585449218750000000000000000E-03    0.106175158691406250000000000000000000000000E+04
    0.236316060181707143783569335937500000000000E-03    0.108237878417968750000000000000000000000000E+04
    0.241089961491525173187255859375000000000000E-03    0.110340368652343750000000000000000000000000E+04
    0.245960312895476818084716796875000000000000E-03    0.112483361816406250000000000000000000000000E+04
    0.250929006142541766166687011718750000000000E-03    0.114667639160156250000000000000000000000000E+04
    0.255998136708512902259826660156250000000000E-03    0.116893957519531250000000000000000000000000E+04
    0.261169654550030827522277832031250000000000E-03    0.119163110351562500000000000000000000000000E+04
    0.266445596935227513313293457031250000000000E-03    0.121475903320312500000000000000000000000000E+04
    0.271828175755217671394348144531250000000000E-03    0.123833142089843750000000000000000000000000E+04
    0.277319486485794186592102050781250000000000E-03    0.126235656738281250000000000000000000000000E+04
    0.282921682810410857200622558593750000000000E-03    0.128684301757812500000000000000000000000000E+04
    0.288637093035504221916198730468750000000000E-03    0.131179907226562500000000000000000000000000E+04
    0.294467929052188992500305175781250000000000E-03    0.133723364257812500000000000000000000000000E+04
    0.300416606478393077850341796875000000000000E-03    0.136315551757812500000000000000000000000000E+04
    0.306485395412892103195190429687500000000000E-03    0.138957360839843750000000000000000000000000E+04
    0.312676827888935804367065429687500000000000E-03    0.141649707031250000000000000000000000000000E+04
    0.318993290420621633529663085937500000000000E-03    0.144393518066406250000000000000000000000000E+04
    0.325437402352690696716308593750000000000000E-03    0.147189733886718750000000000000000000000000E+04
    0.332011666614562273025512695312500000000000E-03    0.150039306640625000000000000000000000000000E+04
    0.338718760758638381958007812500000000000000E-03    0.152943212890625000000000000000000000000000E+04
    0.345561362337321043014526367187500000000000E-03    0.155902441406250000000000000000000000000000E+04
    0.352542119799181818962097167968750000000000E-03    0.158917980957031250000000000000000000000000E+04
    0.359663943527266383171081542968750000000000E-03    0.161990856933593750000000000000000000000000E+04
    0.366929627489298582077026367187500000000000E-03    0.165122094726562500000000000000000000000000E+04
    0.374342111172154545783996582031250000000000E-03    0.168312731933593750000000000000000000000000E+04
    0.381904304958879947662353515625000000000000E-03    0.171563854980468750000000000000000000000000E+04
    0.389619322959333658218383789062500000000000E-03    0.174876513671875000000000000000000000000000E+04
    0.397490162868052721023559570312500000000000E-03    0.178251794433593750000000000000000000000000E+04
    0.405519997002556920051574707031250000000000E-03    0.181690832519531250000000000000000000000000E+04
    0.413712026784196496009826660156250000000000E-03    0.185194714355468750000000000000000000000000E+04
    0.422069540945813059806823730468750000000000E-03    0.188764599609375000000000000000000000000000E+04
    0.430595915531739592552185058593750000000000E-03    0.192401611328125000000000000000000000000000E+04
    0.439294555690139532089233398437500000000000E-03    0.196106921386718750000000000000000000000000E+04
    0.448168895673006772994995117187500000000000E-03    0.199881713867187500000000000000000000000000E+04
    0.457222486147657036781311035156250000000000E-03    0.203727172851562500000000000000000000000000E+04
    0.466458965092897415161132812500000000000000E-03    0.207644506835937500000000000000000000000000E+04
    0.475882086902856826782226562500000000000000E-03    0.211634912109375000000000000000000000000000E+04
    0.485495518660172820091247558593750000000000E-03    0.215699658203125000000000000000000000000000E+04
    0.495303189381957054138183593750000000000000E-03    0.219839965820312500000000000000000000000000E+04
    0.505309028085321187973022460937500000000000E-03    0.224057080078125000000000000000000000000000E+04
    0.515516963787376880645751953125000000000000E-03    0.228352319335937500000000000000000000000000E+04
    0.525931071024388074874877929687500000000000E-03    0.232726904296875000000000000000000000000000E+04
    0.536555540747940540313720703125000000000000E-03    0.237182153320312500000000000000000000000000E+04
    0.547394680324941873550415039062500000000000E-03    0.241719384765625000000000000000000000000000E+04
    0.558452797122299671173095703125000000000000E-03    0.246339892578125000000000000000000000000000E+04
    0.569734314922243356704711914062500000000000E-03    0.251044995117187500000000000000000000000000E+04
    0.581243715714663267135620117187500000000000E-03    0.255836059570312500000000000000000000000000E+04
    0.592985597904771566390991210937500000000000E-03    0.260714379882812500000000000000000000000000E+04
    0.604964734520763158798217773437500000000000E-03    0.265681347656250000000000000000000000000000E+04
    0.617185782175511121749877929687500000000000E-03    0.270738305664062500000000000000000000000000E+04
    0.629653746727854013442993164062500000000000E-03    0.275886596679687500000000000000000000000000E+04
    0.642373692244291305541992187500000000000000E-03    0.281127612304687500000000000000000000000000E+04
    0.655350449960678815841674804687500000000000E-03    0.286462744140625000000000000000000000000000E+04
    0.668589433189481496810913085937500000000000E-03    0.291893359375000000000000000000000000000000E+04
    0.682095822412520647048950195312500000000000E-03    0.297420849609375000000000000000000000000000E+04
    0.695875030942261219024658203125000000000000E-03    0.303046606445312500000000000000000000000000E+04
    0.709932646714150905609130859375000000000000E-03    0.308771997070312500000000000000000000000000E+04
    0.724274199455976486206054687500000000000000E-03    0.314598413085937500000000000000000000000000E+04
    0.738905626349151134490966796875000000000000E-03    0.320527270507812500000000000000000000000000E+04
    0.753832457121461629867553710937500000000000E-03    0.326559936523437500000000000000000000000000E+04
    0.769060861784964799880981445312500000000000E-03    0.332697827148437500000000000000000000000000E+04
    0.784596893936395645141601562500000000000000E-03    0.338942333984375000000000000000000000000000E+04
    0.800446781795471906661987304687500000000000E-03    0.345294799804687500000000000000000000000000E+04
    0.816616869997233152389526367187500000000000E-03    0.351756689453125000000000000000000000000000E+04
    0.833113677799701690673828125000000000000000E-03    0.358329321289062500000000000000000000000000E+04
    0.849943608045578002929687500000000000000000E-03    0.365014111328125000000000000000000000000000E+04
    0.867113587446510791778564453125000000000000E-03    0.371812426757812500000000000000000000000000E+04
    0.884630659129470586776733398437500000000000E-03    0.378725659179687500000000000000000000000000E+04
    0.902501342352479696273803710937500000000000E-03    0.385755126953125000000000000000000000000000E+04
    0.920733029488474130630493164062500000000000E-03    0.392902270507812500000000000000000000000000E+04
    0.939333112910389900207519531250000000000000E-03    0.400168408203125000000000000000000000000000E+04
    0.958308868575841188430786132812500000000000E-03    0.407554907226562500000000000000000000000000E+04
    0.977667979896068572998046875000000000000000E-03    0.415063085937500000000000000000000000000000E+04
    0.997418188489973545074462890625000000000000E-03    0.422694384765625000000000000000000000000000E+04
    0.101756735239177942276000976562500000000000E-02    0.430450097656250000000000000000000000000000E+04
    0.103812362067401409149169921875000000000000E-02    0.438331591796875000000000000000000000000000E+04
    0.105909502599388360977172851562500000000000E-02    0.446340283203125000000000000000000000000000E+04
    0.108049006666988134384155273437500000000000E-02    0.454477539062500000000000000000000000000000E+04
    0.110231747385114431381225585937500000000000E-02    0.462744628906250000000000000000000000000000E+04
    0.112458574585616588592529296875000000000000E-02    0.471143066406250000000000000000000000000000E+04
    0.114730407949537038803100585937500000000000E-02    0.479674267578125000000000000000000000000000E+04
    0.117048120591789484024047851562500000000000E-02    0.488339599609375000000000000000000000000000E+04
    0.119412643834948539733886718750000000000000E-02    0.497140527343750000000000000000000000000000E+04
    0.121824943926185369491577148437500000000000E-02    0.506078417968750000000000000000000000000000E+04
    0.124285963829606771469116210937500000000000E-02    0.515154833984375000000000000000000000000000E+04
    0.126796704716980457305908203125000000000000E-02    0.524371386718750000000000000000000000000000E+04
    0.129358167760074138641357421875000000000000E-02    0.533729541015625000000000000000000000000000E+04
    0.131971365772187709808349609375000000000000E-02    0.543230908203125000000000000000000000000000E+04
    0.134637358132749795913696289062500000000000E-02    0.552877050781250000000000000000000000000000E+04
    0.137357215862721204757690429687500000000000E-02    0.562669726562500000000000000000000000000000E+04
    0.140132009983062744140625000000000000000000E-02    0.572610644531250000000000000000000000000000E+04
    0.142962858080863952636718750000000000000000E-02    0.582701513671875000000000000000000000000000E+04
    0.145850901026278734207153320312500000000000E-02    0.592944091796875000000000000000000000000000E+04
    0.148797314614057540893554687500000000000000E-02    0.603340283203125000000000000000000000000000E+04
    0.151803228072822093963623046875000000000000E-02    0.613891845703125000000000000000000000000000E+04
    0.154869852121919393539428710937500000000000E-02    0.624600781250000000000000000000000000000000E+04
    0.157998420763760805130004882812500000000000E-02    0.635469042968750000000000000000000000000000E+04
    0.161190202925354242324829101562500000000000E-02    0.646498583984375000000000000000000000000000E+04
    0.164446467533707618713378906250000000000000E-02    0.657691357421875000000000000000000000000000E+04
    0.167768495157361030578613281250000000000000E-02    0.669049365234375000000000000000000000000000E+04
    0.171157636214047670364379882812500000000000E-02    0.680574658203125000000000000000000000000000E+04
    0.174615241121500730514526367187500000000000E-02    0.692269238281250000000000000000000000000000E+04
    0.178142718505114316940307617187500000000000E-02    0.704135156250000000000000000000000000000000E+04
    0.181741418782621622085571289062500000000000E-02    0.716174414062500000000000000000000000000000E+04
    0.185412843711674213409423828125000000000000E-02    0.728388867187500000000000000000000000000000E+04
    0.189158413559198379516601562500000000000000E-02    0.740780419921875000000000000000000000000000E+04
    0.192979711573570966720581054687500000000000E-02    0.753350927734375000000000000000000000000000E+04
    0.196878169663250446319580078125000000000000E-02    0.766102246093750000000000000000000000000000E+04
    0.200855359435081481933593750000000000000000E-02    0.779036132812500000000000000000000000000000E+04
    0.204912899062037467956542968750000000000000E-02    0.792154150390625000000000000000000000000000E+04
    0.209052418358623981475830078125000000000000E-02    0.805457714843750000000000000000000000000000E+04
    0.213275570422410964965820312500000000000000E-02    0.818948291015625000000000000000000000000000E+04
    0.217583985067903995513916015625000000000000E-02    0.832627343750000000000000000000000000000000E+04
    0.221979478374123573303222656250000000000000E-02    0.846495996093750000000000000000000000000000E+04
    0.226463773287832736968994140625000000000000E-02    0.860555175781250000000000000000000000000000E+04
    0.231038639321923255920410156250000000000000E-02    0.874805761718750000000000000000000000000000E+04
    0.235705915838479995727539062500000000000000E-02    0.889248339843750000000000000000000000000000E+04
    0.240467488765716552734375000000000000000000E-02    0.903883593750000000000000000000000000000000E+04
    0.245325244031846523284912109375000000000000E-02    0.918712109375000000000000000000000000000000E+04
    0.250281183980405330657958984375000000000000E-02    0.933733691406250000000000000000000000000000E+04
    0.255337217822670936584472656250000000000000E-02    0.948948535156250000000000000000000000000000E+04
    0.260495371185243129730224609375000000000000E-02    0.964356445312500000000000000000000000000000E+04
    0.265757716260850429534912109375000000000000E-02    0.979956933593750000000000000000000000000000E+04
    0.271126371808350086212158203125000000000000E-02    0.995749707031250000000000000000000000000000E+04
    0.276603479869663715362548828125000000000000E-02    0.101173388671875000000000000000000000000000E+05
    0.282191229052841663360595703125000000000000E-02    0.102790839843750000000000000000000000000000E+05
    0.287891877815127372741699218750000000000000E-02    0.104427216796875000000000000000000000000000E+05
    0.293707661330699920654296875000000000000000E-02    0.106082382812500000000000000000000000000000E+05
    0.299640954472124576568603515625000000000000E-02    0.107756201171875000000000000000000000000000E+05
    0.305694085545837879180908203125000000000000E-02    0.109448496093750000000000000000000000000000E+05
    0.311869522556662559509277343750000000000000E-02    0.111159082031250000000000000000000000000000E+05
    0.318169780075550079345703125000000000000000E-02    0.112887763671875000000000000000000000000000E+05
    0.324597232975065708160400390625000000000000E-02    0.114634306640625000000000000000000000000000E+05
    0.331154512241482734680175781250000000000000E-02    0.116398496093750000000000000000000000000000E+05
    0.337844272144138813018798828125000000000000E-02    0.118180078125000000000000000000000000000000E+05
    0.344669190235435962677001953125000000000000E-02    0.119978779296875000000000000000000000000000E+05
    0.351631967350840568542480468750000000000000E-02    0.121794326171875000000000000000000000000000E+05
    0.358735374175012111663818359375000000000000E-02    0.123626425781250000000000000000000000000000E+05
    0.365982321090996265411376953125000000000000E-02    0.125474726562500000000000000000000000000000E+05
    0.373375625349581241607666015625000000000000E-02    0.127338906250000000000000000000000000000000E+05
    0.380918313749134540557861328125000000000000E-02    0.129218583984375000000000000000000000000000E+05
    0.388613343238830566406250000000000000000000E-02    0.131113378906250000000000000000000000000000E+05
    0.396463880315423011779785156250000000000000E-02    0.133022871093750000000000000000000000000000E+05
    0.404472928494215011596679687500000000000000E-02    0.134946621093750000000000000000000000000000E+05
    0.412643933668732643127441406250000000000000E-02    0.136884169921875000000000000000000000000000E+05
    0.420979922637343406677246093750000000000000E-02    0.138835009765625000000000000000000000000000E+05
    0.429484248161315917968750000000000000000000E-02    0.140798623046875000000000000000000000000000E+05
    0.438160402700304985046386718750000000000000E-02    0.142774482421875000000000000000000000000000E+05
    0.447011832147836685180664062500000000000000E-02    0.144761962890625000000000000000000000000000E+05
    0.456042028963565826416015625000000000000000E-02    0.146760400390625000000000000000000000000000E+05
    0.465254718437790870666503906250000000000000E-02    0.148769111328125000000000000000000000000000E+05
    0.474653439596295356750488281250000000000000E-02    0.150787343750000000000000000000000000000000E+05
    0.484242103993892669677734375000000000000000E-02    0.152814355468750000000000000000000000000000E+05
    0.494024436920881271362304687500000000000000E-02    0.154849492187500000000000000000000000000000E+05
    0.504004349932074546813964843750000000000000E-02    0.156892099609375000000000000000000000000000E+05
    0.514185894280672073364257812500000000000000E-02    0.158941533203125000000000000000000000000000E+05
    0.524573167786002159118652343750000000000000E-02    0.160997138671875000000000000000000000000000E+05
    0.535170361399650573730468750000000000000000E-02    0.163058193359375000000000000000000000000000E+05
    0.545981479808688163757324218750000000000000E-02    0.165123671875000000000000000000000000000000E+05
    0.557011039927601814270019531250000000000000E-02    0.167192304687500000000000000000000000000000E+05
    0.568263372406363487243652343750000000000000E-02    0.169262851562500000000000000000000000000000E+05
    0.579743087291717529296875000000000000000000E-02    0.171333925781250000000000000000000000000000E+05
    0.591454654932022094726562500000000000000000E-02    0.173404218750000000000000000000000000000000E+05
    0.603402825072407722473144531250000000000000E-02    0.175472578125000000000000000000000000000000E+05
    0.615592347458004951477050781250000000000000E-02    0.177538046875000000000000000000000000000000E+05
    0.628028111532330513000488281250000000000000E-02    0.179599589843750000000000000000000000000000E+05
    0.640715099871158599853515625000000000000000E-02    0.181656171875000000000000000000000000000000E+05
    0.653658434748649597167968750000000000000000E-02    0.183706718750000000000000000000000000000000E+05
    0.666863145306706428527832031250000000000000E-02    0.185749882812500000000000000000000000000000E+05
    0.680334679782390594482421875000000000000000E-02    0.187784238281250000000000000000000000000000E+05
    0.694078346714377403259277343750000000000000E-02    0.189808281250000000000000000000000000000000E+05
    0.708099640905857086181640625000000000000000E-02    0.191820468750000000000000000000000000000000E+05
    0.722404150292277336120605468750000000000000E-02    0.193819238281250000000000000000000000000000E+05
    0.736997742205858230590820312500000000000000E-02    0.195803046875000000000000000000000000000000E+05
    0.751886051148176193237304687500000000000000E-02    0.197770371093750000000000000000000000000000E+05
    0.767075084149837493896484375000000000000000E-02    0.199719589843750000000000000000000000000000E+05
    0.782571360468864440917968750000000000000000E-02    0.201649101562500000000000000000000000000000E+05
    0.798380374908447265625000000000000000000000E-02    0.203557265625000000000000000000000000000000E+05
    0.814508739858865737915039062500000000000000E-02    0.205442246093750000000000000000000000000000E+05
    0.830962881445884704589843750000000000000000E-02    0.207302187500000000000000000000000000000000E+05
    0.847749505192041397094726562500000000000000E-02    0.209135175781250000000000000000000000000000E+05
    0.864875130355358123779296875000000000000000E-02    0.210939257812500000000000000000000000000000E+05
    0.882346741855144500732421875000000000000000E-02    0.212712480468750000000000000000000000000000E+05
    0.900171231478452682495117187500000000000000E-02    0.214452832031250000000000000000000000000000E+05
    0.918355956673622131347656250000000000000000E-02    0.216158242187500000000000000000000000000000E+05
    0.936907902359962463378906250000000000000000E-02    0.217826679687500000000000000000000000000000E+05
    0.955834705382585525512695312500000000000000E-02    0.219456035156250000000000000000000000000000E+05
    0.975143909454345703125000000000000000000000E-02    0.221044199218750000000000000000000000000000E+05
    0.994843058288097381591796875000000000000000E-02    0.222588886718750000000000000000000000000000E+05
    0.101494016125798225402832031250000000000000E-01    0.224087832031250000000000000000000000000000E+05
    0.103544332087039947509765625000000000000000E-01    0.225538671875000000000000000000000000000000E+05
    0.105636063963174819946289062500000000000000E-01    0.226939101562500000000000000000000000000000E+05
    0.107770059257745742797851562500000000000000E-01    0.228286718750000000000000000000000000000000E+05
    0.109947146847844123840332031250000000000000E-01    0.229578867187500000000000000000000000000000E+05
    0.112168220803141593933105468750000000000000E-01    0.230812812500000000000000000000000000000000E+05
    0.114434175193309783935546875000000000000000E-01    0.231985839843750000000000000000000000000000E+05
    0.116745894774794578552246093750000000000000E-01    0.233095253906250000000000000000000000000000E+05
    0.119104310870170593261718750000000000000000E-01    0.234138515625000000000000000000000000000000E+05
    0.121510382741689682006835937500000000000000E-01    0.235113769531250000000000000000000000000000E+05
    0.123965051025152206420898437500000000000000E-01    0.236019316406250000000000000000000000000000E+05
    0.126469302922487258911132812500000000000000E-01    0.236853476562500000000000000000000000000000E+05
    0.129024153575301170349121093750000000000000E-01    0.237614667968750000000000000000000000000000E+05
    0.131630674004554748535156250000000000000000E-01    0.238300292968750000000000000000000000000000E+05
    0.134289795532822608947753906250000000000000E-01    0.238904726562500000000000000000000000000000E+05
    0.137002617120742797851562500000000000000000E-01    0.239421757812500000000000000000000000000000E+05
    0.139770256355404853820800781250000000000000E-01    0.239845253906250000000000000000000000000000E+05
    0.142593793570995330810546875000000000000000E-01    0.240169140625000000000000000000000000000000E+05
    0.145474374294281005859375000000000000000000E-01    0.240391523437500000000000000000000000000000E+05
    0.148413162678480148315429687500000000000000E-01    0.240521406250000000000000000000000000000000E+05
    0.151411294937133789062500000000000000000000E-01    0.240569609375000000000000000000000000000000E+05
    0.154470009729266166687011718750000000000000E-01    0.240547070312500000000000000000000000000000E+05
    0.157590489834547042846679687500000000000000E-01    0.240464785156250000000000000000000000000000E+05
    0.160774048417806625366210937500000000000000E-01    0.240324589843750000000000000000000000000000E+05
    0.164021886885166168212890625000000000000000E-01    0.240107421875000000000000000000000000000000E+05
    0.167335346341133117675781250000000000000000E-01    0.239791367187500000000000000000000000000000E+05
    0.170715730637311935424804687500000000000000E-01    0.239354804687500000000000000000000000000000E+05
    0.174164418131113052368164062500000000000000E-01    0.238776445312500000000000000000000000000000E+05
    0.177682787179946899414062500000000000000000E-01    0.238045703125000000000000000000000000000000E+05
    0.181272197514772415161132812500000000000000E-01    0.237173164062500000000000000000000000000000E+05
    0.184934139251708984375000000000000000000000E-01    0.236171953125000000000000000000000000000000E+05
    0.188670046627521514892578125000000000000000E-01    0.235055292968750000000000000000000000000000E+05
    0.192481447011232376098632812500000000000000E-01    0.233836230468750000000000000000000000000000E+05
    0.196369830518960952758789062500000000000000E-01    0.232518613281250000000000000000000000000000E+05
    0.200336743146181106567382812500000000000000E-01    0.231090214843750000000000000000000000000000E+05
    0.204383805394172668457031250000000000000000E-01    0.229537636718750000000000000000000000000000E+05
    0.208512637764215469360351562500000000000000E-01    0.227848085937500000000000000000000000000000E+05
    0.212724860757589340209960937500000000000000E-01    0.226009589843750000000000000000000000000000E+05
    0.217022281140089035034179687500000000000000E-01    0.224021152343750000000000000000000000000000E+05
    0.221406426280736923217773437500000000000000E-01    0.221898203125000000000000000000000000000000E+05
    0.225879121571779251098632812500000000000000E-01    0.219657382812500000000000000000000000000000E+05
    0.230442192405462265014648437500000000000000E-01    0.217315058593750000000000000000000000000000E+05
    0.235097426921129226684570312500000000000000E-01    0.214887031250000000000000000000000000000000E+05
    0.239846706390380859375000000000000000000000E-01    0.212382988281250000000000000000000000000000E+05
    0.244691912084817886352539062500000000000000E-01    0.209804453125000000000000000000000000000000E+05
    0.249635018408298492431640625000000000000000E-01    0.207152558593750000000000000000000000000000E+05
    0.254677981138229370117187500000000000000000E-01    0.204428554687500000000000000000000000000000E+05
    0.259822811931371688842773437500000000000000E-01    0.201633925781250000000000000000000000000000E+05
    0.265071578323841094970703125000000000000000E-01    0.198769062500000000000000000000000000000000E+05
    0.270426385104656219482421875000000000000000E-01    0.195833203125000000000000000000000000000000E+05
    0.275889337062835693359375000000000000000000E-01    0.192825800781250000000000000000000000000000E+05
    0.281462669372558593750000000000000000000000E-01    0.189746718750000000000000000000000000000000E+05
    0.287148579955101013183593750000000000000000E-01    0.186596289062500000000000000000000000000000E+05
    0.292949359863996505737304687500000000000000E-01    0.183379667968750000000000000000000000000000E+05
    0.298867337405681610107421875000000000000000E-01    0.180106894531250000000000000000000000000000E+05
    0.304904840886592864990234375000000000000000E-01    0.176787910156250000000000000000000000000000E+05
    0.311064328998327255249023437500000000000000E-01    0.173432285156250000000000000000000000000000E+05
    0.317348241806030273437500000000000000000000E-01    0.170049296875000000000000000000000000000000E+05
    0.323759093880653381347656250000000000000000E-01    0.166650605468750000000000000000000000000000E+05
    0.330299474298954010009765625000000000000000E-01    0.163249882812500000000000000000000000000000E+05
    0.336971953511238098144531250000000000000000E-01    0.159859970703125000000000000000000000000000E+05
    0.343779213726520538330078125000000000000000E-01    0.156492851562500000000000000000000000000000E+05
    0.350724011659622192382812500000000000000000E-01    0.153159541015625000000000000000000000000000E+05
    0.357809104025363922119140625000000000000000E-01    0.149869228515625000000000000000000000000000E+05
    0.365037508308887481689453125000000000000000E-01    0.146629531250000000000000000000000000000000E+05
    0.372411720454692840576171875000000000000000E-01    0.143447373046875000000000000000000000000000E+05
    0.379934944212436676025390625000000000000000E-01    0.140329023437500000000000000000000000000000E+05
    0.387610122561454772949218750000000000000000E-01    0.137280185546875000000000000000000000000000E+05
    0.395440347492694854736328125000000000000000E-01    0.134306181640625000000000000000000000000000E+05
    0.403428785502910614013671875000000000000000E-01    0.131411914062500000000000000000000000000000E+05
    0.411578565835952758789062500000000000000000E-01    0.128601777343750000000000000000000000000000E+05
    0.419893004000186920166015625000000000000000E-01    0.125879658203125000000000000000000000000000E+05
    0.428375415503978729248046875000000000000000E-01    0.123249277343750000000000000000000000000000E+05
    0.437029153108596801757812500000000000000000E-01    0.120717470703125000000000000000000000000000E+05
    0.445857718586921691894531250000000000000000E-01    0.118292783203125000000000000000000000000000E+05
    0.454864650964736938476562500000000000000000E-01    0.115983007812500000000000000000000000000000E+05
    0.464053489267826080322265625000000000000000E-01    0.113795263671875000000000000000000000000000E+05
    0.473427996039390563964843750000000000000000E-01    0.111733974609375000000000000000000000000000E+05
    0.482991859316825866699218750000000000000000E-01    0.109791513671875000000000000000000000000000E+05
    0.492748916149139404296875000000000000000000E-01    0.107956630859375000000000000000000000000000E+05
    0.502703115344047546386718750000000000000000E-01    0.106218798828125000000000000000000000000000E+05
    0.512858368456363677978515625000000000000000E-01    0.104568203125000000000000000000000000000000E+05
    0.523218810558319091796875000000000000000000E-01    0.102996240234375000000000000000000000000000E+05
    0.533788502216339111328125000000000000000000E-01    0.101495351562500000000000000000000000000000E+05
    0.544571764767169952392578125000000000000000E-01    0.100058457031250000000000000000000000000000E+05
    0.555572807788848876953125000000000000000000E-01    0.986786621093750000000000000000000000000000E+04
    0.566796138882637023925781250000000000000000E-01    0.973458007812500000000000000000000000000000E+04
    0.578246153891086578369140625000000000000000E-01    0.960468652343750000000000000000000000000000E+04
    0.589927472174167633056640625000000000000000E-01    0.947694042968750000000000000000000000000000E+04
    0.601844787597656250000000000000000000000000E-01    0.935010546875000000000000000000000000000000E+04
    0.614003166556358337402343750000000000000000E-01    0.922263769531250000000000000000000000000000E+04
    0.626406818628311157226562500000000000000000E-01    0.909292578125000000000000000000000000000000E+04
    0.639061108231544494628906250000000000000000E-01    0.895944433593750000000000000000000000000000E+04
    0.651970952749252319335937500000000000000000E-01    0.882036132812500000000000000000000000000000E+04
    0.665141642093658447265625000000000000000000E-01    0.867342187500000000000000000000000000000000E+04
    0.678578317165374755859375000000000000000000E-01    0.851652148437500000000000000000000000000000E+04
    0.692286565899848937988281250000000000000000E-01    0.834870019531250000000000000000000000000000E+04
    0.706271678209304809570312500000000000000000E-01    0.817155224609375000000000000000000000000000E+04
    0.720539242029190063476562500000000000000000E-01    0.798700439453125000000000000000000000000000E+04
    0.735095068812370300292968750000000000000000E-01    0.779574853515625000000000000000000000000000E+04
    0.749944970011711120605468750000000000000000E-01    0.759528808593750000000000000000000000000000E+04
    0.765094906091690063476562500000000000000000E-01    0.738294433593750000000000000000000000000000E+04
    0.780550837516784667968750000000000000000000E-01    0.715847314453125000000000000000000000000000E+04
    0.796318948268890380859375000000000000000000E-01    0.692554296875000000000000000000000000000000E+04
    0.812405645847320556640625000000000000000000E-01    0.668790039062500000000000000000000000000000E+04
    0.828817337751388549804687500000000000000000E-01    0.644802392578125000000000000000000000000000E+04
    0.845560505986213684082031250000000000000000E-01    0.620738476562500000000000000000000000000000E+04
    0.862641930580139160156250000000000000000000E-01    0.596753027343750000000000000000000000000000E+04
    0.880068466067314147949218750000000000000000E-01    0.573073535156250000000000000000000000000000E+04
    0.897847041487693786621093750000000000000000E-01    0.549923730468750000000000000000000000000000E+04
    0.915984734892845153808593750000000000000000E-01    0.527567138671875000000000000000000000000000E+04
    0.934488773345947265625000000000000000000000E-01    0.506286572265625000000000000000000000000000E+04
    0.953366756439208984375000000000000000000000E-01    0.486318066406250000000000000000000000000000E+04
    0.972625985741615295410156250000000000000000E-01    0.467853906250000000000000000000000000000000E+04
    0.992274358868598937988281250000000000000000E-01    0.451047216796875000000000000000000000000000E+04
    0.101232007145881652832031250000000000000000E+00    0.436024511718750000000000000000000000000000E+04
    0.103277020156383514404296875000000000000000E+00    0.422860791015625000000000000000000000000000E+04
    0.105363354086875915527343750000000000000000E+00    0.411427050781250000000000000000000000000000E+04
    0.107491828501224517822265625000000000000000E+00    0.401541528320312500000000000000000000000000E+04
    0.109663315117359161376953125000000000000000E+00    0.393024975585937500000000000000000000000000E+04
    0.111878655850887298583984375000000000000000E+00    0.385581762695312500000000000000000000000000E+04
    0.114138752222061157226562500000000000000000E+00    0.378887377929687500000000000000000000000000E+04
    0.116444505751132965087890625000000000000000E+00    0.372639526367187500000000000000000000000000E+04
    0.118796832859516143798828125000000000000000E+00    0.366546142578125000000000000000000000000000E+04
    0.121196687221527099609375000000000000000000E+00    0.360331152343750000000000000000000000000000E+04
    0.123645029962062835693359375000000000000000E+00    0.353730102539062500000000000000000000000000E+04
    0.126142814755439758300781250000000000000000E+00    0.346486499023437500000000000000000000000000E+04
    0.128691077232360839843750000000000000000000E+00    0.338372729492187500000000000000000000000000E+04
    0.131290808320045471191406250000000000000000E+00    0.329233666992187500000000000000000000000000E+04
    0.133943051099777221679687500000000000000000E+00    0.318971215820312500000000000000000000000000E+04
    0.136648878455162048339843750000000000000000E+00    0.307612280273437500000000000000000000000000E+04
    0.139409363269805908203125000000000000000000E+00    0.295372290039062500000000000000000000000000E+04
    0.142225623130798339843750000000000000000000E+00    0.282512792968750000000000000000000000000000E+04
    0.145098760724067687988281250000000000000000E+00    0.269435644531250000000000000000000000000000E+04
    0.148029953241348266601562500000000000000000E+00    0.256537890625000000000000000000000000000000E+04
    0.151020348072052001953125000000000000000000E+00    0.244182373046875000000000000000000000000000E+04
    0.154071167111396789550781250000000000000000E+00    0.232679785156250000000000000000000000000000E+04
    0.157183602452278137207031250000000000000000E+00    0.222250073242187500000000000000000000000000E+04
    0.160358920693397521972656250000000000000000E+00    0.213042871093750000000000000000000000000000E+04
    0.163598373532295227050781250000000000000000E+00    0.205120117187500000000000000000000000000000E+04
    0.166903272271156311035156250000000000000000E+00    0.198475671386718750000000000000000000000000E+04
    0.170275032520294189453125000000000000000000E+00    0.192987377929687500000000000000000000000000E+04
    0.173714801669120788574218750000000000000000E+00    0.188444458007812500000000000000000000000000E+04
    0.177224084734916687011718750000000000000000E+00    0.184524951171875000000000000000000000000000E+04
    0.180804237723350524902343750000000000000000E+00    0.180850207519531250000000000000000000000000E+04
    0.184456720948219299316406250000000000000000E+00    0.177037731933593750000000000000000000000000E+04
    0.188182994723320007324218750000000000000000E+00    0.172755297851562500000000000000000000000000E+04
    0.191984534263610839843750000000000000000000E+00    0.167793505859375000000000000000000000000000E+04
    0.195862874388694763183593750000000000000000E+00    0.162077819824218750000000000000000000000000E+04
    0.199819564819335937500000000000000000000000E+00    0.155679455566406250000000000000000000000000E+04
    0.203856185078620910644531250000000000000000E+00    0.148805676269531250000000000000000000000000E+04
    0.207974359393119812011718750000000000000000E+00    0.141736926269531250000000000000000000000000E+04
    0.212175697088241577148437500000000000000000E+00    0.134793884277343750000000000000000000000000E+04
    0.216461926698684692382812500000000000000000E+00    0.128273950195312500000000000000000000000000E+04
    0.220834761857986450195312500000000000000000E+00    0.122417639160156250000000000000000000000000E+04
    0.225295916199684143066406250000000000000000E+00    0.117374169921875000000000000000000000000000E+04
    0.229847192764282226562500000000000000000000E+00    0.113156188964843750000000000000000000000000E+04
    0.234490394592285156250000000000000000000000E+00    0.109643933105468750000000000000000000000000E+04
    0.239227414131164550781250000000000000000000E+00    0.106601928710937500000000000000000000000000E+04
    0.244060128927230834960937500000000000000000E+00    0.103760717773437500000000000000000000000000E+04
    0.248990446329116821289062500000000000000000E+00    0.100875659179687500000000000000000000000000E+04
    0.254020392894744873046875000000000000000000E+00    0.977492675781250000000000000000000000000000E+03
    0.259151935577392578125000000000000000000000E+00    0.942540344238281250000000000000000000000000E+03
    0.264387160539627075195312500000000000000000E+00    0.903913940429687500000000000000000000000000E+03
    0.269728124141693115234375000000000000000000E+00    0.863194091796875000000000000000000000000000E+03
    0.275177001953125000000000000000000000000000E+00    0.822744628906250000000000000000000000000000E+03
    0.280736058950424194335937500000000000000000E+00    0.784694580078125000000000000000000000000000E+03
    0.286407291889190673828125000000000000000000E+00    0.750436706542968750000000000000000000000000E+03
    0.292193114757537841796875000000000000000000E+00    0.720607727050781250000000000000000000000000E+03
    0.298095792531967163085937500000000000000000E+00    0.694894165039062500000000000000000000000000E+03
    0.304117560386657714843750000000000000000000E+00    0.671964721679687500000000000000000000000000E+03
    0.310261309146881103515625000000000000000000E+00    0.650067626953125000000000000000000000000000E+03
    0.316528826951980590820312500000000000000000E+00    0.627713989257812500000000000000000000000000E+03
    0.322923272848129272460937500000000000000000E+00    0.604048034667968750000000000000000000000000E+03
    0.329446613788604736328125000000000000000000E+00    0.579064331054687500000000000000000000000000E+03
    0.336102008819580078125000000000000000000000E+00    0.553565307617187500000000000000000000000000E+03
    0.342891573905944824218750000000000000000000E+00    0.528770507812500000000000000000000000000000E+03
    0.349818587303161621093750000000000000000000E+00    0.505810760498046875000000000000000000000000E+03
    0.356885224580764770507812500000000000000000E+00    0.485207977294921875000000000000000000000000E+03
    0.364094972610473632812500000000000000000000E+00    0.466676422119140625000000000000000000000000E+03
    0.371450334787368774414062500000000000000000E+00    0.449461486816406250000000000000000000000000E+03
    0.378953933715820312500000000000000000000000E+00    0.432693572998046875000000000000000000000000E+03
    0.386609494686126708984375000000000000000000E+00    0.415709167480468750000000000000000000000000E+03
    0.394419312477111816406250000000000000000000E+00    0.398421173095703125000000000000000000000000E+03
    0.402387291193008422851562500000000000000000E+00    0.381224761962890625000000000000000000000000E+03
    0.410515844821929931640625000000000000000000E+00    0.364691192626953125000000000000000000000000E+03
    0.418809026479721069335937500000000000000000E+00    0.349302398681640625000000000000000000000000E+03
    0.427269339561462402343750000000000000000000E+00    0.335122100830078125000000000000000000000000E+03
    0.435900926589965820312500000000000000000000E+00    0.321822174072265625000000000000000000000000E+03
    0.444706469774246215820312500000000000000000E+00    0.308976440429687500000000000000000000000000E+03
    0.453690379858016967773437500000000000000000E+00    0.296275573730468750000000000000000000000000E+03
    0.462855309247970581054687500000000000000000E+00    0.283725463867187500000000000000000000000000E+03
    0.472205787897109985351562500000000000000000E+00    0.271538940429687500000000000000000000000000E+03
    0.481744766235351562500000000000000000000000E+00    0.259949249267578125000000000000000000000000E+03
    0.491476893424987792968750000000000000000000E+00    0.249061508178710937500000000000000000000000E+03
    0.501405119895935058593750000000000000000000E+00    0.238751144409179687500000000000000000000000E+03
    0.511534392833709716796875000000000000000000E+00    0.228821060180664062500000000000000000000000E+03
    0.521867811679840087890625000000000000000000E+00    0.219151763916015625000000000000000000000000E+03
    0.532410502433776855468750000000000000000000E+00    0.209752899169921875000000000000000000000000E+03
    0.543165624141693115234375000000000000000000E+00    0.200734283447265625000000000000000000000000E+03
    0.554138541221618652343750000000000000000000E+00    0.192146926879882812500000000000000000000000E+03
    0.565332591533660888671875000000000000000000E+00    0.183983657836914062500000000000000000000000E+03
    0.576753377914428710937500000000000000000000E+00    0.176145156860351562500000000000000000000000E+03
    0.588404297828674316406250000000000000000000E+00    0.168582946777343750000000000000000000000000E+03
    0.600291073322296142578125000000000000000000E+00    0.161286727905273437500000000000000000000000E+03
    0.612418055534362792968750000000000000000000E+00    0.154299667358398437500000000000000000000000E+03
    0.624789416790008544921875000000000000000000E+00    0.147619827270507812500000000000000000000000E+03
    0.637411296367645263671875000000000000000000E+00    0.141223800659179687500000000000000000000000E+03
    0.650287508964538574218750000000000000000000E+00    0.135094787597656250000000000000000000000000E+03
    0.663424491882324218750000000000000000000000E+00    0.129217407226562500000000000000000000000000E+03
    0.676826238632202148437500000000000000000000E+00    0.123578804016113281250000000000000000000000E+03
    0.690499365329742431640625000000000000000000E+00    0.118171142578125000000000000000000000000000E+03
    0.704448044300079345703125000000000000000000E+00    0.112987434387207031250000000000000000000000E+03
    0.718679130077362060546875000000000000000000E+00    0.108020668029785156250000000000000000000000E+03
    0.733197033405303955078125000000000000000000E+00    0.103263069152832031250000000000000000000000E+03
    0.748008966445922851562500000000000000000000E+00    0.987061538696289062500000000000000000000000E+02
    0.763119339942932128906250000000000000000000E+00    0.943417053222656250000000000000000000000000E+02
    0.778535783290863037109375000000000000000000E+00    0.901618576049804687500000000000000000000000E+02
    0.794262826442718505859375000000000000000000E+00    0.861591491699218750000000000000000000000000E+02
    0.810308396816253662109375000000000000000000E+00    0.823264236450195312500000000000000000000000E+02
    0.826677322387695312500000000000000000000000E+00    0.786568298339843750000000000000000000000000E+02
    0.843377590179443359375000000000000000000000E+00    0.751438369750976562500000000000000000000000E+02
    0.860414624214172363281250000000000000000000E+00    0.717814178466796875000000000000000000000000E+02
    0.877796530723571777343750000000000000000000E+00    0.685637741088867187500000000000000000000000E+02
    0.895528674125671386718750000000000000000000E+00    0.654852523803710937500000000000000000000000E+02
    0.913619995117187500000000000000000000000000E+00    0.625399742126464843750000000000000000000000E+02
    0.932075977325439453125000000000000000000000E+00    0.597218856811523437500000000000000000000000E+02
    0.950905561447143554687500000000000000000000E+00    0.570252342224121093750000000000000000000000E+02
    0.970114648342132568359375000000000000000000E+00    0.544447555541992187500000000000000000000000E+02
    0.989712655544281005859375000000000000000000E+00    0.519767265319824218750000000000000000000000E+02
    0.100970673561096191406250000000000000000000E+01    0.496179084777832031250000000000000000000000E+02
