    0.999999974737875163555145263671875000000000E-04    0.444116210937500000000000000000000000000000E+03
    0.102020130725577473640441894531250000000000E-03    0.452770812988281250000000000000000000000000E+03
    0.104081082099582999944686889648437500000000E-03    0.461593963623046875000000000000000000000000E+03
    0.106183659227099269628524780273437500000000E-03    0.470588867187500000000000000000000000000000E+03
    0.108328706119209527969360351562500000000000E-03    0.479758758544921875000000000000000000000000E+03
    0.110517095890827476978302001953125000000000E-03    0.489107147216796875000000000000000000000000E+03
    0.112749679828993976116180419921875000000000E-03    0.498637481689453125000000000000000000000000E+03
    0.115027374704368412494659423828125000000000E-03    0.508353240966796875000000000000000000000000E+03
    0.117351090011652559041976928710937500000000E-03    0.518258056640625000000000000000000000000000E+03
    0.119721727969590574502944946289062500000000E-03    0.528355590820312500000000000000000000000000E+03
    0.122140278108417987823486328125000000000000E-03    0.538649475097656250000000000000000000000000E+03
    0.124607671750709414482116699218750000000000E-03    0.549143737792968750000000000000000000000000E+03
    0.127124920254573225975036621093750000000000E-03    0.559841979980468750000000000000000000000000E+03
    0.129692998598329722881317138671875000000000E-03    0.570748352050781250000000000000000000000000E+03
    0.132312969071790575981140136718750000000000E-03    0.581866760253906250000000000000000000000000E+03
    0.134985879412852227687835693359375000000000E-03    0.593201354980468750000000000000000000000000E+03
    0.137712777359411120414733886718750000000000E-03    0.604756347656250000000000000000000000000000E+03
    0.140494754305109381675720214843750000000000E-03    0.616536071777343750000000000000000000000000E+03
    0.143332930747419595718383789062500000000000E-03    0.628544616699218750000000000000000000000000E+03
    0.146228456287644803524017333984375000000000E-03    0.640786621093750000000000000000000000000000E+03
    0.149182465975172817707061767578125000000000E-03    0.653266418457031250000000000000000000000000E+03
    0.152196153067052364349365234375000000000000E-03    0.665988769531250000000000000000000000000000E+03
    0.155270710820332169532775878906250000000000E-03    0.678958190917968750000000000000000000000000E+03
    0.158407390699721872806549072265625000000000E-03    0.692179626464843750000000000000000000000000E+03
    0.161607444169931113719940185546875000000000E-03    0.705657836914062500000000000000000000000000E+03
    0.164872122695669531822204589843750000000000E-03    0.719397766113281250000000000000000000000000E+03
    0.168202750501222908496856689453125000000000E-03    0.733404479980468750000000000000000000000000E+03
    0.171600666362792253494262695312500000000000E-03    0.747683166503906250000000000000000000000000E+03
    0.175067238160409033298492431640625000000000E-03    0.762238769531250000000000000000000000000000E+03
    0.178603833774104714393615722656250000000000E-03    0.777076965332031250000000000000000000000000E+03
    0.182211864739656448364257812500000000000000E-03    0.792203002929687500000000000000000000000000E+03
    0.185892800800502300262451171875000000000000E-03    0.807622375488281250000000000000000000000000E+03
    0.189648068044334650039672851562500000000000E-03    0.823340881347656250000000000000000000000000E+03
    0.193479223526082932949066162109375000000000E-03    0.839364196777343750000000000000000000000000E+03
    0.197387780644930899143218994140625000000000E-03    0.855698059082031250000000000000000000000000E+03
    0.201375267351977527141571044921875000000000E-03    0.872348388671875000000000000000000000000000E+03
    0.205443298909813165664672851562500000000000E-03    0.889321472167968750000000000000000000000000E+03
    0.209593548788689076900482177734375000000000E-03    0.906623352050781250000000000000000000000000E+03
    0.213827603147365152835845947265625000000000E-03    0.924260131835937500000000000000000000000000E+03
    0.218147222767584025859832763671875000000000E-03    0.942238525390625000000000000000000000000000E+03
    0.222554081119596958160400390625000000000000E-03    0.960564880371093750000000000000000000000000E+03
    0.227049968088977038860321044921875000000000E-03    0.979245727539062500000000000000000000000000E+03
    0.231636688113212585449218750000000000000000E-03    0.998288085937500000000000000000000000000000E+03
    0.236316060181707143783569335937500000000000E-03    0.101769873046875000000000000000000000000000E+04
    0.241089961491525173187255859375000000000000E-03    0.103748437500000000000000000000000000000000E+04
    0.245960312895476818084716796875000000000000E-03    0.105765270996093750000000000000000000000000E+04
    0.250929006142541766166687011718750000000000E-03    0.107821044921875000000000000000000000000000E+04
    0.255998136708512902259826660156250000000000E-03    0.109916528320312500000000000000000000000000E+04
    0.261169654550030827522277832031250000000000E-03    0.112052453613281250000000000000000000000000E+04
    0.266445596935227513313293457031250000000000E-03    0.114229602050781250000000000000000000000000E+04
    0.271828175755217671394348144531250000000000E-03    0.116448754882812500000000000000000000000000E+04
    0.277319486485794186592102050781250000000000E-03    0.118710681152343750000000000000000000000000E+04
    0.282921682810410857200622558593750000000000E-03    0.121016235351562500000000000000000000000000E+04
    0.288637093035504221916198730468750000000000E-03    0.123366162109375000000000000000000000000000E+04
    0.294467929052188992500305175781250000000000E-03    0.125761376953125000000000000000000000000000E+04
    0.300416606478393077850341796875000000000000E-03    0.128202673339843750000000000000000000000000E+04
    0.306485395412892103195190429687500000000000E-03    0.130690917968750000000000000000000000000000E+04
    0.312676827888935804367065429687500000000000E-03    0.133227026367187500000000000000000000000000E+04
    0.318993290420621633529663085937500000000000E-03    0.135811865234375000000000000000000000000000E+04
    0.325437402352690696716308593750000000000000E-03    0.138446325683593750000000000000000000000000E+04
    0.332011666614562273025512695312500000000000E-03    0.141131396484375000000000000000000000000000E+04
    0.338718760758638381958007812500000000000000E-03    0.143867944335937500000000000000000000000000E+04
    0.345561362337321043014526367187500000000000E-03    0.146656958007812500000000000000000000000000E+04
    0.352542119799181818962097167968750000000000E-03    0.149499438476562500000000000000000000000000E+04
    0.359663943527266383171081542968750000000000E-03    0.152396313476562500000000000000000000000000E+04
    0.366929627489298582077026367187500000000000E-03    0.155348632812500000000000000000000000000000E+04
    0.374342111172154545783996582031250000000000E-03    0.158357409667968750000000000000000000000000E+04
    0.381904304958879947662353515625000000000000E-03    0.161423657226562500000000000000000000000000E+04
    0.389619322959333658218383789062500000000000E-03    0.164548474121093750000000000000000000000000E+04
    0.397490162868052721023559570312500000000000E-03    0.167732873535156250000000000000000000000000E+04
    0.405519997002556920051574707031250000000000E-03    0.170978002929687500000000000000000000000000E+04
    0.413712026784196496009826660156250000000000E-03    0.174284936523437500000000000000000000000000E+04
    0.422069540945813059806823730468750000000000E-03    0.177654821777343750000000000000000000000000E+04
    0.430595915531739592552185058593750000000000E-03    0.181088732910156250000000000000000000000000E+04
    0.439294555690139532089233398437500000000000E-03    0.184587915039062500000000000000000000000000E+04
    0.448168895673006772994995117187500000000000E-03    0.188153503417968750000000000000000000000000E+04
    0.457222486147657036781311035156250000000000E-03    0.191786718750000000000000000000000000000000E+04
    0.466458965092897415161132812500000000000000E-03    0.195488720703125000000000000000000000000000E+04
    0.475882086902856826782226562500000000000000E-03    0.199260766601562500000000000000000000000000E+04
    0.485495518660172820091247558593750000000000E-03    0.203104125976562500000000000000000000000000E+04
    0.495303189381957054138183593750000000000000E-03    0.207020068359375000000000000000000000000000E+04
    0.505309028085321187973022460937500000000000E-03    0.211009814453125000000000000000000000000000E+04
    0.515516963787376880645751953125000000000000E-03    0.215074780273437500000000000000000000000000E+04
    0.525931071024388074874877929687500000000000E-03    0.219216210937500000000000000000000000000000E+04
    0.536555540747940540313720703125000000000000E-03    0.223435473632812500000000000000000000000000E+04
    0.547394680324941873550415039062500000000000E-03    0.227733911132812500000000000000000000000000E+04
    0.558452797122299671173095703125000000000000E-03    0.232112890625000000000000000000000000000000E+04
    0.569734314922243356704711914062500000000000E-03    0.236573876953125000000000000000000000000000E+04
    0.581243715714663267135620117187500000000000E-03    0.241118237304687500000000000000000000000000E+04
    0.592985597904771566390991210937500000000000E-03    0.245747436523437500000000000000000000000000E+04
    0.604964734520763158798217773437500000000000E-03    0.250462866210937500000000000000000000000000E+04
    0.617185782175511121749877929687500000000000E-03    0.255266088867187500000000000000000000000000E+04
    0.629653746727854013442993164062500000000000E-03    0.260158544921875000000000000000000000000000E+04
    0.642373692244291305541992187500000000000000E-03    0.265141748046875000000000000000000000000000E+04
    0.655350449960678815841674804687500000000000E-03    0.270217236328125000000000000000000000000000E+04
    0.668589433189481496810913085937500000000000E-03    0.275386547851562500000000000000000000000000E+04
    0.682095822412520647048950195312500000000000E-03    0.280651342773437500000000000000000000000000E+04
    0.695875030942261219024658203125000000000000E-03    0.286013061523437500000000000000000000000000E+04
    0.709932646714150905609130859375000000000000E-03    0.291473388671875000000000000000000000000000E+04
    0.724274199455976486206054687500000000000000E-03    0.297033911132812500000000000000000000000000E+04
    0.738905626349151134490966796875000000000000E-03    0.302696289062500000000000000000000000000000E+04
    0.753832457121461629867553710937500000000000E-03    0.308462207031250000000000000000000000000000E+04
    0.769060861784964799880981445312500000000000E-03    0.314333251953125000000000000000000000000000E+04
    0.784596893936395645141601562500000000000000E-03    0.320311206054687500000000000000000000000000E+04
    0.800446781795471906661987304687500000000000E-03    0.326397680664062500000000000000000000000000E+04
    0.816616869997233152389526367187500000000000E-03    0.332594482421875000000000000000000000000000E+04
    0.833113677799701690673828125000000000000000E-03    0.338903320312500000000000000000000000000000E+04
    0.849943608045578002929687500000000000000000E-03    0.345325952148437500000000000000000000000000E+04
    0.867113587446510791778564453125000000000000E-03    0.351864038085937500000000000000000000000000E+04
    0.884630659129470586776733398437500000000000E-03    0.358519506835937500000000000000000000000000E+04
    0.902501342352479696273803710937500000000000E-03    0.365294042968750000000000000000000000000000E+04
    0.920733029488474130630493164062500000000000E-03    0.372189550781250000000000000000000000000000E+04
    0.939333112910389900207519531250000000000000E-03    0.379207714843750000000000000000000000000000E+04
    0.958308868575841188430786132812500000000000E-03    0.386350366210937500000000000000000000000000E+04
    0.977667979896068572998046875000000000000000E-03    0.393619458007812500000000000000000000000000E+04
    0.997418188489973545074462890625000000000000E-03    0.401016699218750000000000000000000000000000E+04
    0.101756735239177942276000976562500000000000E-02    0.408543994140625000000000000000000000000000E+04
    0.103812362067401409149169921875000000000000E-02    0.416203125000000000000000000000000000000000E+04
    0.105909502599388360977172851562500000000000E-02    0.423996044921875000000000000000000000000000E+04
    0.108049006666988134384155273437500000000000E-02    0.431924560546875000000000000000000000000000E+04
    0.110231747385114431381225585937500000000000E-02    0.439990478515625000000000000000000000000000E+04
    0.112458574585616588592529296875000000000000E-02    0.448195751953125000000000000000000000000000E+04
    0.114730407949537038803100585937500000000000E-02    0.456542138671875000000000000000000000000000E+04
    0.117048120591789484024047851562500000000000E-02    0.465031445312500000000000000000000000000000E+04
    0.119412643834948539733886718750000000000000E-02    0.473665625000000000000000000000000000000000E+04
    0.121824943926185369491577148437500000000000E-02    0.482446630859375000000000000000000000000000E+04
    0.124285963829606771469116210937500000000000E-02    0.491376074218750000000000000000000000000000E+04
    0.126796704716980457305908203125000000000000E-02    0.500455908203125000000000000000000000000000E+04
    0.129358167760074138641357421875000000000000E-02    0.509687792968750000000000000000000000000000E+04
    0.131971365772187709808349609375000000000000E-02    0.519073730468750000000000000000000000000000E+04
    0.134637358132749795913696289062500000000000E-02    0.528615380859375000000000000000000000000000E+04
    0.137357215862721204757690429687500000000000E-02    0.538314599609375000000000000000000000000000E+04
    0.140132009983062744140625000000000000000000E-02    0.548172998046875000000000000000000000000000E+04
    0.142962858080863952636718750000000000000000E-02    0.558192333984375000000000000000000000000000E+04
    0.145850901026278734207153320312500000000000E-02    0.568374414062500000000000000000000000000000E+04
    0.148797314614057540893554687500000000000000E-02    0.578720751953125000000000000000000000000000E+04
    0.151803228072822093963623046875000000000000E-02    0.589233105468750000000000000000000000000000E+04
    0.154869852121919393539428710937500000000000E-02    0.599912890625000000000000000000000000000000E+04
    0.157998420763760805130004882812500000000000E-02    0.610761816406250000000000000000000000000000E+04
    0.161190202925354242324829101562500000000000E-02    0.621781591796875000000000000000000000000000E+04
    0.164446467533707618713378906250000000000000E-02    0.632973339843750000000000000000000000000000E+04
    0.167768495157361030578613281250000000000000E-02    0.644338720703125000000000000000000000000000E+04
    0.171157636214047670364379882812500000000000E-02    0.655878955078125000000000000000000000000000E+04
    0.174615241121500730514526367187500000000000E-02    0.667595361328125000000000000000000000000000E+04
    0.178142718505114316940307617187500000000000E-02    0.679489160156250000000000000000000000000000E+04
    0.181741418782621622085571289062500000000000E-02    0.691561767578125000000000000000000000000000E+04
    0.185412843711674213409423828125000000000000E-02    0.703813964843750000000000000000000000000000E+04
    0.189158413559198379516601562500000000000000E-02    0.716247119140625000000000000000000000000000E+04
    0.192979711573570966720581054687500000000000E-02    0.728862011718750000000000000000000000000000E+04
    0.196878169663250446319580078125000000000000E-02    0.741659423828125000000000000000000000000000E+04
    0.200855359435081481933593750000000000000000E-02    0.754640527343750000000000000000000000000000E+04
    0.204912899062037467956542968750000000000000E-02    0.767805664062500000000000000000000000000000E+04
    0.209052418358623981475830078125000000000000E-02    0.781155615234375000000000000000000000000000E+04
    0.213275570422410964965820312500000000000000E-02    0.794690917968750000000000000000000000000000E+04
    0.217583985067903995513916015625000000000000E-02    0.808411865234375000000000000000000000000000E+04
    0.221979478374123573303222656250000000000000E-02    0.822318847656250000000000000000000000000000E+04
    0.226463773287832736968994140625000000000000E-02    0.836411816406250000000000000000000000000000E+04
    0.231038639321923255920410156250000000000000E-02    0.850691113281250000000000000000000000000000E+04
    0.235705915838479995727539062500000000000000E-02    0.865156347656250000000000000000000000000000E+04
    0.240467488765716552734375000000000000000000E-02    0.879807421875000000000000000000000000000000E+04
    0.245325244031846523284912109375000000000000E-02    0.894643652343750000000000000000000000000000E+04
    0.250281183980405330657958984375000000000000E-02    0.909664843750000000000000000000000000000000E+04
    0.255337217822670936584472656250000000000000E-02    0.924870117187500000000000000000000000000000E+04
    0.260495371185243129730224609375000000000000E-02    0.940258691406250000000000000000000000000000E+04
    0.265757716260850429534912109375000000000000E-02    0.955829003906250000000000000000000000000000E+04
    0.271126371808350086212158203125000000000000E-02    0.971580175781250000000000000000000000000000E+04
    0.276603479869663715362548828125000000000000E-02    0.987510644531250000000000000000000000000000E+04
    0.282191229052841663360595703125000000000000E-02    0.100361855468750000000000000000000000000000E+05
    0.287891877815127372741699218750000000000000E-02    0.101990195312500000000000000000000000000000E+05
    0.293707661330699920654296875000000000000000E-02    0.103635869140625000000000000000000000000000E+05
    0.299640954472124576568603515625000000000000E-02    0.105298632812500000000000000000000000000000E+05
    0.305694085545837879180908203125000000000000E-02    0.106978212890625000000000000000000000000000E+05
    0.311869522556662559509277343750000000000000E-02    0.108674296875000000000000000000000000000000E+05
    0.318169780075550079345703125000000000000000E-02    0.110386582031250000000000000000000000000000E+05
    0.324597232975065708160400390625000000000000E-02    0.112114687500000000000000000000000000000000E+05
    0.331154512241482734680175781250000000000000E-02    0.113858222656250000000000000000000000000000E+05
    0.337844272144138813018798828125000000000000E-02    0.115616757812500000000000000000000000000000E+05
    0.344669190235435962677001953125000000000000E-02    0.117389843750000000000000000000000000000000E+05
    0.351631967350840568542480468750000000000000E-02    0.119176972656250000000000000000000000000000E+05
    0.358735374175012111663818359375000000000000E-02    0.120977597656250000000000000000000000000000E+05
    0.365982321090996265411376953125000000000000E-02    0.122791171875000000000000000000000000000000E+05
    0.373375625349581241607666015625000000000000E-02    0.124617021484375000000000000000000000000000E+05
    0.380918313749134540557861328125000000000000E-02    0.126454492187500000000000000000000000000000E+05
    0.388613343238830566406250000000000000000000E-02    0.128302861328125000000000000000000000000000E+05
    0.396463880315423011779785156250000000000000E-02    0.130161396484375000000000000000000000000000E+05
    0.404472928494215011596679687500000000000000E-02    0.132029257812500000000000000000000000000000E+05
    0.412643933668732643127441406250000000000000E-02    0.133905556640625000000000000000000000000000E+05
    0.420979922637343406677246093750000000000000E-02    0.135789394531250000000000000000000000000000E+05
    0.429484248161315917968750000000000000000000E-02    0.137679755859375000000000000000000000000000E+05
    0.438160402700304985046386718750000000000000E-02    0.139575615234375000000000000000000000000000E+05
    0.447011832147836685180664062500000000000000E-02    0.141475830078125000000000000000000000000000E+05
    0.456042028963565826416015625000000000000000E-02    0.143379257812500000000000000000000000000000E+05
    0.465254718437790870666503906250000000000000E-02    0.145284580078125000000000000000000000000000E+05
    0.474653439596295356750488281250000000000000E-02    0.147190488281250000000000000000000000000000E+05
    0.484242103993892669677734375000000000000000E-02    0.149095654296875000000000000000000000000000E+05
    0.494024436920881271362304687500000000000000E-02    0.150998544921875000000000000000000000000000E+05
    0.504004349932074546813964843750000000000000E-02    0.152897607421875000000000000000000000000000E+05
    0.514185894280672073364257812500000000000000E-02    0.154791191406250000000000000000000000000000E+05
    0.524573167786002159118652343750000000000000E-02    0.156677587890625000000000000000000000000000E+05
    0.535170361399650573730468750000000000000000E-02    0.158554960937500000000000000000000000000000E+05
    0.545981479808688163757324218750000000000000E-02    0.160421435546875000000000000000000000000000E+05
    0.557011039927601814270019531250000000000000E-02    0.162275048828125000000000000000000000000000E+05
    0.568263372406363487243652343750000000000000E-02    0.164121386718750000000000000000000000000000E+05
    0.579743087291717529296875000000000000000000E-02    0.165943144531250000000000000000000000000000E+05
    0.591454654932022094726562500000000000000000E-02    0.167745058593750000000000000000000000000000E+05
    0.603402825072407722473144531250000000000000E-02    0.169525097656250000000000000000000000000000E+05
    0.615592347458004951477050781250000000000000E-02    0.171280820312500000000000000000000000000000E+05
    0.628028111532330513000488281250000000000000E-02    0.173009785156250000000000000000000000000000E+05
    0.640715099871158599853515625000000000000000E-02    0.174709257812500000000000000000000000000000E+05
    0.653658434748649597167968750000000000000000E-02    0.176376582031250000000000000000000000000000E+05
    0.666863145306706428527832031250000000000000E-02    0.178009003906250000000000000000000000000000E+05
    0.680334679782390594482421875000000000000000E-02    0.179603671875000000000000000000000000000000E+05
    0.694078346714377403259277343750000000000000E-02    0.181157734375000000000000000000000000000000E+05
    0.708099640905857086181640625000000000000000E-02    0.182668222656250000000000000000000000000000E+05
    0.722404150292277336120605468750000000000000E-02    0.184132187500000000000000000000000000000000E+05
    0.736997742205858230590820312500000000000000E-02    0.185547734375000000000000000000000000000000E+05
    0.751886051148176193237304687500000000000000E-02    0.186909785156250000000000000000000000000000E+05
    0.767075084149837493896484375000000000000000E-02    0.188216484375000000000000000000000000000000E+05
    0.782571360468864440917968750000000000000000E-02    0.189464804687500000000000000000000000000000E+05
    0.798380374908447265625000000000000000000000E-02    0.190651992187500000000000000000000000000000E+05
    0.814508739858865737915039062500000000000000E-02    0.191775214843750000000000000000000000000000E+05
    0.830962881445884704589843750000000000000000E-02    0.192831835937500000000000000000000000000000E+05
    0.847749505192041397094726562500000000000000E-02    0.193819238281250000000000000000000000000000E+05
    0.864875130355358123779296875000000000000000E-02    0.194735156250000000000000000000000000000000E+05
    0.882346741855144500732421875000000000000000E-02    0.195577324218750000000000000000000000000000E+05
    0.900171231478452682495117187500000000000000E-02    0.196342851562500000000000000000000000000000E+05
    0.918355956673622131347656250000000000000000E-02    0.197031796875000000000000000000000000000000E+05
    0.936907902359962463378906250000000000000000E-02    0.197641816406250000000000000000000000000000E+05
    0.955834705382585525512695312500000000000000E-02    0.198171777343750000000000000000000000000000E+05
    0.975143909454345703125000000000000000000000E-02    0.198620800781250000000000000000000000000000E+05
    0.994843058288097381591796875000000000000000E-02    0.198988378906250000000000000000000000000000E+05
    0.101494016125798225402832031250000000000000E-01    0.199274335937500000000000000000000000000000E+05
    0.103544332087039947509765625000000000000000E-01    0.199478867187500000000000000000000000000000E+05
    0.105636063963174819946289062500000000000000E-01    0.199602871093750000000000000000000000000000E+05
    0.107770059257745742797851562500000000000000E-01    0.199646503906250000000000000000000000000000E+05
    0.109947146847844123840332031250000000000000E-01    0.199611269531250000000000000000000000000000E+05
    0.112168220803141593933105468750000000000000E-01    0.199498691406250000000000000000000000000000E+05
    0.114434175193309783935546875000000000000000E-01    0.199310410156250000000000000000000000000000E+05
    0.116745894774794578552246093750000000000000E-01    0.199048417968750000000000000000000000000000E+05
    0.119104310870170593261718750000000000000000E-01    0.198714648437500000000000000000000000000000E+05
    0.121510382741689682006835937500000000000000E-01    0.198311113281250000000000000000000000000000E+05
    0.123965051025152206420898437500000000000000E-01    0.197840078125000000000000000000000000000000E+05
    0.126469302922487258911132812500000000000000E-01    0.197303515625000000000000000000000000000000E+05
    0.129024153575301170349121093750000000000000E-01    0.196703183593750000000000000000000000000000E+05
    0.131630674004554748535156250000000000000000E-01    0.196040664062500000000000000000000000000000E+05
    0.134289795532822608947753906250000000000000E-01    0.195317187500000000000000000000000000000000E+05
    0.137002617120742797851562500000000000000000E-01    0.194533652343750000000000000000000000000000E+05
    0.139770256355404853820800781250000000000000E-01    0.193690644531250000000000000000000000000000E+05
    0.142593793570995330810546875000000000000000E-01    0.192788281250000000000000000000000000000000E+05
    0.145474374294281005859375000000000000000000E-01    0.191826367187500000000000000000000000000000E+05
    0.148413162678480148315429687500000000000000E-01    0.190804453125000000000000000000000000000000E+05
    0.151411294937133789062500000000000000000000E-01    0.189721835937500000000000000000000000000000E+05
    0.154470009729266166687011718750000000000000E-01    0.188577675781250000000000000000000000000000E+05
    0.157590489834547042846679687500000000000000E-01    0.187371152343750000000000000000000000000000E+05
    0.160774048417806625366210937500000000000000E-01    0.186101523437500000000000000000000000000000E+05
    0.164021886885166168212890625000000000000000E-01    0.184768300781250000000000000000000000000000E+05
    0.167335346341133117675781250000000000000000E-01    0.183371308593750000000000000000000000000000E+05
    0.170715730637311935424804687500000000000000E-01    0.181910781250000000000000000000000000000000E+05
    0.174164418131113052368164062500000000000000E-01    0.180387402343750000000000000000000000000000E+05
    0.177682787179946899414062500000000000000000E-01    0.178802246093750000000000000000000000000000E+05
    0.181272197514772415161132812500000000000000E-01    0.177156875000000000000000000000000000000000E+05
    0.184934139251708984375000000000000000000000E-01    0.175452949218750000000000000000000000000000E+05
    0.188670046627521514892578125000000000000000E-01    0.173692441406250000000000000000000000000000E+05
    0.192481447011232376098632812500000000000000E-01    0.171877128906250000000000000000000000000000E+05
    0.196369830518960952758789062500000000000000E-01    0.170008632812500000000000000000000000000000E+05
    0.200336743146181106567382812500000000000000E-01    0.168088300781250000000000000000000000000000E+05
    0.204383805394172668457031250000000000000000E-01    0.166117128906250000000000000000000000000000E+05
    0.208512637764215469360351562500000000000000E-01    0.164095761718750000000000000000000000000000E+05
    0.212724860757589340209960937500000000000000E-01    0.162024736328125000000000000000000000000000E+05
    0.217022281140089035034179687500000000000000E-01    0.159904697265625000000000000000000000000000E+05
    0.221406426280736923217773437500000000000000E-01    0.157736445312500000000000000000000000000000E+05
    0.225879121571779251098632812500000000000000E-01    0.155521445312500000000000000000000000000000E+05
    0.230442192405462265014648437500000000000000E-01    0.153261738281250000000000000000000000000000E+05
    0.235097426921129226684570312500000000000000E-01    0.150959873046875000000000000000000000000000E+05
    0.239846706390380859375000000000000000000000E-01    0.148618750000000000000000000000000000000000E+05
    0.244691912084817886352539062500000000000000E-01    0.146241386718750000000000000000000000000000E+05
    0.249635018408298492431640625000000000000000E-01    0.143830664062500000000000000000000000000000E+05
    0.254677981138229370117187500000000000000000E-01    0.141389101562500000000000000000000000000000E+05
    0.259822811931371688842773437500000000000000E-01    0.138919121093750000000000000000000000000000E+05
    0.265071578323841094970703125000000000000000E-01    0.136423203125000000000000000000000000000000E+05
    0.270426385104656219482421875000000000000000E-01    0.133904345703125000000000000000000000000000E+05
    0.275889337062835693359375000000000000000000E-01    0.131366347656250000000000000000000000000000E+05
    0.281462669372558593750000000000000000000000E-01    0.128813320312500000000000000000000000000000E+05
    0.287148579955101013183593750000000000000000E-01    0.126249716796875000000000000000000000000000E+05
    0.292949359863996505737304687500000000000000E-01    0.123680175781250000000000000000000000000000E+05
    0.298867337405681610107421875000000000000000E-01    0.121108789062500000000000000000000000000000E+05
    0.304904840886592864990234375000000000000000E-01    0.118539619140625000000000000000000000000000E+05
    0.311064328998327255249023437500000000000000E-01    0.115977050781250000000000000000000000000000E+05
    0.317348241806030273437500000000000000000000E-01    0.113425996093750000000000000000000000000000E+05
    0.323759093880653381347656250000000000000000E-01    0.110891826171875000000000000000000000000000E+05
    0.330299474298954010009765625000000000000000E-01    0.108379658203125000000000000000000000000000E+05
    0.336971953511238098144531250000000000000000E-01    0.105891621093750000000000000000000000000000E+05
    0.343779213726520538330078125000000000000000E-01    0.103393105468750000000000000000000000000000E+05
    0.350724011659622192382812500000000000000000E-01    0.102334716796875000000000000000000000000000E+05
    0.357809104025363922119140625000000000000000E-01    0.999717871093750000000000000000000000000000E+04
    0.365037508308887481689453125000000000000000E-01    0.976703710937500000000000000000000000000000E+04
    0.372411720454692840576171875000000000000000E-01    0.953914550781250000000000000000000000000000E+04
    0.379934944212436676025390625000000000000000E-01    0.931651953125000000000000000000000000000000E+04
    0.387610122561454772949218750000000000000000E-01    0.909978808593750000000000000000000000000000E+04
    0.395440347492694854736328125000000000000000E-01    0.888951464843750000000000000000000000000000E+04
    0.403428785502910614013671875000000000000000E-01    0.868618066406250000000000000000000000000000E+04
    0.411578565835952758789062500000000000000000E-01    0.849018945312500000000000000000000000000000E+04
    0.419893004000186920166015625000000000000000E-01    0.830190429687500000000000000000000000000000E+04
    0.428375415503978729248046875000000000000000E-01    0.812156152343750000000000000000000000000000E+04
    0.437029153108596801757812500000000000000000E-01    0.794867187500000000000000000000000000000000E+04
    0.445857718586921691894531250000000000000000E-01    0.770977050781250000000000000000000000000000E+04
    0.454864650964736938476562500000000000000000E-01    0.754903759765625000000000000000000000000000E+04
    0.464053489267826080322265625000000000000000E-01    0.739973242187500000000000000000000000000000E+04
    0.473427996039390563964843750000000000000000E-01    0.725855078125000000000000000000000000000000E+04
    0.482991859316825866699218750000000000000000E-01    0.712494287109375000000000000000000000000000E+04
    0.492748916149139404296875000000000000000000E-01    0.699850732421875000000000000000000000000000E+04
    0.502703115344047546386718750000000000000000E-01    0.687874511718750000000000000000000000000000E+04
    0.512858368456363677978515625000000000000000E-01    0.676516259765625000000000000000000000000000E+04
    0.523218810558319091796875000000000000000000E-01    0.665732226562500000000000000000000000000000E+04
    0.533788502216339111328125000000000000000000E-01    0.655479199218750000000000000000000000000000E+04
    0.544571764767169952392578125000000000000000E-01    0.649893554687500000000000000000000000000000E+04
    0.555572807788848876953125000000000000000000E-01    0.640695605468750000000000000000000000000000E+04
    0.566796138882637023925781250000000000000000E-01    0.631611230468750000000000000000000000000000E+04
    0.578246153891086578369140625000000000000000E-01    0.622885400390625000000000000000000000000000E+04
    0.589927472174167633056640625000000000000000E-01    0.614391699218750000000000000000000000000000E+04
    0.601844787597656250000000000000000000000000E-01    0.605998046875000000000000000000000000000000E+04
    0.614003166556358337402343750000000000000000E-01    0.597616503906250000000000000000000000000000E+04
    0.626406818628311157226562500000000000000000E-01    0.589154931640625000000000000000000000000000E+04
    0.639061108231544494628906250000000000000000E-01    0.580616748046875000000000000000000000000000E+04
    0.651970952749252319335937500000000000000000E-01    0.568386230468750000000000000000000000000000E+04
    0.665141642093658447265625000000000000000000E-01    0.558935839843750000000000000000000000000000E+04
    0.678578317165374755859375000000000000000000E-01    0.548972021484375000000000000000000000000000E+04
    0.692286565899848937988281250000000000000000E-01    0.538435693359375000000000000000000000000000E+04
    0.706271678209304809570312500000000000000000E-01    0.527253076171875000000000000000000000000000E+04
    0.720539242029190063476562500000000000000000E-01    0.515365087890625000000000000000000000000000E+04
    0.735095068812370300292968750000000000000000E-01    0.502696142578125000000000000000000000000000E+04
    0.749944970011711120605468750000000000000000E-01    0.490965576171875000000000000000000000000000E+04
    0.765094906091690063476562500000000000000000E-01    0.477017382812500000000000000000000000000000E+04
    0.780550837516784667968750000000000000000000E-01    0.462387060546875000000000000000000000000000E+04
    0.796318948268890380859375000000000000000000E-01    0.447222998046875000000000000000000000000000E+04
    0.812405645847320556640625000000000000000000E-01    0.431661279296875000000000000000000000000000E+04
    0.828817337751388549804687500000000000000000E-01    0.415860498046875000000000000000000000000000E+04
    0.845560505986213684082031250000000000000000E-01    0.399995629882812500000000000000000000000000E+04
    0.862641930580139160156250000000000000000000E-01    0.384249194335937500000000000000000000000000E+04
    0.880068466067314147949218750000000000000000E-01    0.368803100585937500000000000000000000000000E+04
    0.897847041487693786621093750000000000000000E-01    0.353830761718750000000000000000000000000000E+04
    0.915984734892845153808593750000000000000000E-01    0.339490600585937500000000000000000000000000E+04
    0.934488773345947265625000000000000000000000E-01    0.325921240234375000000000000000000000000000E+04
    0.953366756439208984375000000000000000000000E-01    0.313237353515625000000000000000000000000000E+04
    0.972625985741615295410156250000000000000000E-01    0.301529638671875000000000000000000000000000E+04
    0.992274358868598937988281250000000000000000E-01    0.290856030273437500000000000000000000000000E+04
    0.101232007145881652832031250000000000000000E+00    0.281244360351562500000000000000000000000000E+04
    0.103277020156383514404296875000000000000000E+00    0.272692456054687500000000000000000000000000E+04
    0.105363354086875915527343750000000000000000E+00    0.265166186523437500000000000000000000000000E+04
    0.107491828501224517822265625000000000000000E+00    0.258598291015625000000000000000000000000000E+04
    0.109663315117359161376953125000000000000000E+00    0.252888403320312500000000000000000000000000E+04
    0.111878655850887298583984375000000000000000E+00    0.247903637695312500000000000000000000000000E+04
    0.114138752222061157226562500000000000000000E+00    0.243480541992187500000000000000000000000000E+04
    0.116444505751132965087890625000000000000000E+00    0.239429541015625000000000000000000000000000E+04
    0.118796832859516143798828125000000000000000E+00    0.235542382812500000000000000000000000000000E+04
    0.121196687221527099609375000000000000000000E+00    0.231603857421875000000000000000000000000000E+04
    0.123645029962062835693359375000000000000000E+00    0.227406982421875000000000000000000000000000E+04
    0.126142814755439758300781250000000000000000E+00    0.222770312500000000000000000000000000000000E+04
    0.128691077232360839843750000000000000000000E+00    0.217554370117187500000000000000000000000000E+04
    0.131290808320045471191406250000000000000000E+00    0.211674047851562500000000000000000000000000E+04
    0.133943051099777221679687500000000000000000E+00    0.205104638671875000000000000000000000000000E+04
    0.136648878455162048339843750000000000000000E+00    0.197885290527343750000000000000000000000000E+04
    0.139409363269805908203125000000000000000000E+00    0.190108312988281250000000000000000000000000E+04
    0.142225623130798339843750000000000000000000E+00    0.181921374511718750000000000000000000000000E+04
    0.145098760724067687988281250000000000000000E+00    0.173544201660156250000000000000000000000000E+04
    0.148029953241348266601562500000000000000000E+00    0.165203381347656250000000000000000000000000E+04
    0.151020348072052001953125000000000000000000E+00    0.157164294433593750000000000000000000000000E+04
    0.154071167111396789550781250000000000000000E+00    0.149672326660156250000000000000000000000000E+04
    0.157183602452278137207031250000000000000000E+00    0.142920288085937500000000000000000000000000E+04
    0.160358920693397521972656250000000000000000E+00    0.137018615722656250000000000000000000000000E+04
    0.163598373532295227050781250000000000000000E+00    0.131985986328125000000000000000000000000000E+04
    0.166903272271156311035156250000000000000000E+00    0.127762731933593750000000000000000000000000E+04
    0.170275032520294189453125000000000000000000E+00    0.124236279296875000000000000000000000000000E+04
    0.173714801669120788574218750000000000000000E+00    0.121261621093750000000000000000000000000000E+04
    0.177224084734916687011718750000000000000000E+00    0.118666345214843750000000000000000000000000E+04
    0.180804237723350524902343750000000000000000E+00    0.116246350097656250000000000000000000000000E+04
    0.184456720948219299316406250000000000000000E+00    0.113773229980468750000000000000000000000000E+04
    0.188182994723320007324218750000000000000000E+00    0.111028674316406250000000000000000000000000E+04
    0.191984534263610839843750000000000000000000E+00    0.107856774902343750000000000000000000000000E+04
    0.195862874388694763183593750000000000000000E+00    0.104203308105468750000000000000000000000000E+04
    0.199819564819335937500000000000000000000000E+00    0.100116815185546875000000000000000000000000E+04
    0.203856185078620910644531250000000000000000E+00    0.957227600097656250000000000000000000000000E+03
    0.207974359393119812011718750000000000000000E+00    0.911888488769531250000000000000000000000000E+03
    0.212175697088241577148437500000000000000000E+00    0.867124267578125000000000000000000000000000E+03
    0.216461926698684692382812500000000000000000E+00    0.825016967773437500000000000000000000000000E+03
    0.220834761857986450195312500000000000000000E+00    0.787350891113281250000000000000000000000000E+03
    0.225295916199684143066406250000000000000000E+00    0.755092102050781250000000000000000000000000E+03
    0.229847192764282226562500000000000000000000E+00    0.728124511718750000000000000000000000000000E+03
    0.234490394592285156250000000000000000000000E+00    0.705463256835937500000000000000000000000000E+03
    0.239227414131164550781250000000000000000000E+00    0.685697204589843750000000000000000000000000E+03
    0.244060128927230834960937500000000000000000E+00    0.667294372558593750000000000000000000000000E+03
    0.248990446329116821289062500000000000000000E+00    0.648701599121093750000000000000000000000000E+03
    0.254020392894744873046875000000000000000000E+00    0.628524719238281250000000000000000000000000E+03
    0.259151935577392578125000000000000000000000E+00    0.605948120117187500000000000000000000000000E+03
    0.264387160539627075195312500000000000000000E+00    0.581105224609375000000000000000000000000000E+03
    0.269728124141693115234375000000000000000000E+00    0.555009399414062500000000000000000000000000E+03
    0.275177001953125000000000000000000000000000E+00    0.529072082519531250000000000000000000000000E+03
    0.280736058950424194335937500000000000000000E+00    0.504620880126953125000000000000000000000000E+03
    0.286407291889190673828125000000000000000000E+00    0.482637481689453125000000000000000000000000E+03
    0.292193114757537841796875000000000000000000E+00    0.463555969238281250000000000000000000000000E+03
    0.298095792531967163085937500000000000000000E+00    0.447070953369140625000000000000000000000000E+03
    0.304117560386657714843750000000000000000000E+00    0.432269165039062500000000000000000000000000E+03
    0.310261309146881103515625000000000000000000E+00    0.418093078613281250000000000000000000000000E+03
    0.316528826951980590820312500000000000000000E+00    0.403669372558593750000000000000000000000000E+03
    0.322923272848129272460937500000000000000000E+00    0.388419250488281250000000000000000000000000E+03
    0.329446613788604736328125000000000000000000E+00    0.372288604736328125000000000000000000000000E+03
    0.336102008819580078125000000000000000000000E+00    0.355863494873046875000000000000000000000000E+03
    0.342891573905944824218750000000000000000000E+00    0.339989898681640625000000000000000000000000E+03
    0.349818587303161621093750000000000000000000E+00    0.325310943603515625000000000000000000000000E+03
    0.356885224580764770507812500000000000000000E+00    0.312093841552734375000000000000000000000000E+03
    0.364094972610473632812500000000000000000000E+00    0.300181030273437500000000000000000000000000E+03
    0.371450334787368774414062500000000000000000E+00    0.289092254638671875000000000000000000000000E+03
    0.378953933715820312500000000000000000000000E+00    0.278273376464843750000000000000000000000000E+03
    0.386609494686126708984375000000000000000000E+00    0.267318969726562500000000000000000000000000E+03
    0.394419312477111816406250000000000000000000E+00    0.256169952392578125000000000000000000000000E+03
    0.402387291193008422851562500000000000000000E+00    0.245106338500976562500000000000000000000000E+03
    0.410515844821929931640625000000000000000000E+00    0.234511398315429687500000000000000000000000E+03
    0.418809026479721069335937500000000000000000E+00    0.224651885986328125000000000000000000000000E+03
    0.427269339561462402343750000000000000000000E+00    0.215541000366210937500000000000000000000000E+03
    0.435900926589965820312500000000000000000000E+00    0.206973556518554687500000000000000000000000E+03
    0.444706469774246215820312500000000000000000E+00    0.198699356079101562500000000000000000000000E+03
    0.453690379858016967773437500000000000000000E+00    0.190518661499023437500000000000000000000000E+03
    0.462855309247970581054687500000000000000000E+00    0.182432052612304687500000000000000000000000E+03
    0.472205787897109985351562500000000000000000E+00    0.174609390258789062500000000000000000000000E+03
    0.481744766235351562500000000000000000000000E+00    0.167171646118164062500000000000000000000000E+03
    0.491476893424987792968750000000000000000000E+00    0.160175491333007812500000000000000000000000E+03
    0.501405119895935058593750000000000000000000E+00    0.153541580200195312500000000000000000000000E+03
    0.511534392833709716796875000000000000000000E+00    0.147146881103515625000000000000000000000000E+03
    0.521867811679840087890625000000000000000000E+00    0.140923568725585937500000000000000000000000E+03
    0.532410502433776855468750000000000000000000E+00    0.134878356933593750000000000000000000000000E+03
    0.543165624141693115234375000000000000000000E+00    0.129085983276367187500000000000000000000000E+03
    0.554138541221618652343750000000000000000000E+00    0.123567108154296875000000000000000000000000E+03
    0.565332591533660888671875000000000000000000E+00    0.118316726684570312500000000000000000000000E+03
    0.576753377914428710937500000000000000000000E+00    0.113272720336914062500000000000000000000000E+03
    0.588404297828674316406250000000000000000000E+00    0.108406646728515625000000000000000000000000E+03
    0.600291073322296142578125000000000000000000E+00    0.103716415405273437500000000000000000000000E+03
    0.612418055534362792968750000000000000000000E+00    0.992247543334960937500000000000000000000000E+02
    0.624789416790008544921875000000000000000000E+00    0.949323348999023437500000000000000000000000E+02
    0.637411296367645263671875000000000000000000E+00    0.908269500732421875000000000000000000000000E+02
    0.650287508964538574218750000000000000000000E+00    0.868812942504882812500000000000000000000000E+02
    0.663424491882324218750000000000000000000000E+00    0.830932922363281250000000000000000000000000E+02
    0.676826238632202148437500000000000000000000E+00    0.794591445922851562500000000000000000000000E+02
    0.690499365329742431640625000000000000000000E+00    0.759841461181640625000000000000000000000000E+02
    0.704448044300079345703125000000000000000000E+00    0.726548919677734375000000000000000000000000E+02
    0.718679130077362060546875000000000000000000E+00    0.694634094238281250000000000000000000000000E+02
    0.733197033405303955078125000000000000000000E+00    0.664041290283203125000000000000000000000000E+02
    0.748008966445922851562500000000000000000000E+00    0.634725074768066406250000000000000000000000E+02
    0.763119339942932128906250000000000000000000E+00    0.606675872802734375000000000000000000000000E+02
    0.778535783290863037109375000000000000000000E+00    0.579802627563476562500000000000000000000000E+02
    0.794262826442718505859375000000000000000000E+00    0.554051361083984375000000000000000000000000E+02
    0.810308396816253662109375000000000000000000E+00    0.529405784606933593750000000000000000000000E+02
    0.826677322387695312500000000000000000000000E+00    0.505810089111328125000000000000000000000000E+02
    0.843377590179443359375000000000000000000000E+00    0.483219223022460937500000000000000000000000E+02
    0.860414624214172363281250000000000000000000E+00    0.461601257324218750000000000000000000000000E+02
    0.877796530723571777343750000000000000000000E+00    0.440910263061523437500000000000000000000000E+02
    0.895528674125671386718750000000000000000000E+00    0.421107063293457031250000000000000000000000E+02
    0.913619995117187500000000000000000000000000E+00    0.402162399291992187500000000000000000000000E+02
    0.932075977325439453125000000000000000000000E+00    0.384040756225585937500000000000000000000000E+02
    0.950905561447143554687500000000000000000000E+00    0.366705169677734375000000000000000000000000E+02
    0.970114648342132568359375000000000000000000E+00    0.350120124816894531250000000000000000000000E+02
    0.989712655544281005859375000000000000000000E+00    0.334256095886230468750000000000000000000000E+02
    0.100970673561096191406250000000000000000000E+01    0.319084758758544921875000000000000000000000E+02
    0.103010356426239013671875000000000000000000E+01    0.304577369689941406250000000000000000000000E+02
    0.105091357231140136718750000000000000000000E+01    0.290705070495605468750000000000000000000000E+02
    0.107214283943176269531250000000000000000000E+01    0.277441368103027343750000000000000000000000E+02
    0.109380209445953369140625000000000000000000E+01    0.264760837554931640625000000000000000000000E+02
    0.111589777469635009765625000000000000000000E+01    0.252639942169189453125000000000000000000000E+02
    0.113844096660614013671875000000000000000000E+01    0.241055564880371093750000000000000000000000E+02
    0.116143846511840820312500000000000000000000E+01    0.229985675811767578125000000000000000000000E+02
    0.118490147590637207031250000000000000000000E+01    0.219408416748046875000000000000000000000000E+02
    0.120883750915527343750000000000000000000000E+01    0.209302215576171875000000000000000000000000E+02
    0.123325824737548828125000000000000000000000E+01    0.199646835327148437500000000000000000000000E+02
    0.125817120075225830078125000000000000000000E+01    0.190422325134277343750000000000000000000000E+02
    0.128358840942382812500000000000000000000000E+01    0.181609859466552734375000000000000000000000E+02
    0.130951797962188720703125000000000000000000E+01    0.173191623687744140625000000000000000000000E+02
    0.133597266674041748046875000000000000000000E+01    0.165150833129882812500000000000000000000000E+02
    0.136296045780181884765625000000000000000000E+01    0.157471714019775390625000000000000000000000E+02
    0.139049470424652099609375000000000000000000E+01    0.150139179229736328125000000000000000000000E+02
    0.141858386993408203125000000000000000000000E+01    0.143139171600341796875000000000000000000000E+02
    0.144724178314208984375000000000000000000000E+01    0.136456441879272460937500000000000000000000E+02
    0.147647726535797119140625000000000000000000E+01    0.130076313018798828125000000000000000000000E+02
