    0.10000E-03    0.45312E+03
    0.10202E-03    0.46195E+03
    0.10408E-03    0.47094E+03
    0.10618E-03    0.48012E+03
    0.10833E-03    0.48947E+03
    0.11052E-03    0.49900E+03
    0.11275E-03    0.50871E+03
    0.11503E-03    0.51862E+03
    0.11735E-03    0.52872E+03
    0.11972E-03    0.53901E+03
    0.12214E-03    0.54950E+03
    0.12461E-03    0.56020E+03
    0.12712E-03    0.57111E+03
    0.12969E-03    0.58222E+03
    0.13231E-03    0.59355E+03
    0.13499E-03    0.60510E+03
    0.13771E-03    0.61688E+03
    0.14049E-03    0.62888E+03
    0.14333E-03    0.64112E+03
    0.14623E-03    0.65359E+03
    0.14918E-03    0.66631E+03
    0.15220E-03    0.67927E+03
    0.15527E-03    0.69248E+03
    0.15841E-03    0.70595E+03
    0.16161E-03    0.71967E+03
    0.16487E-03    0.73367E+03
    0.16820E-03    0.74793E+03
    0.17160E-03    0.76247E+03
    0.17507E-03    0.77729E+03
    0.17860E-03    0.79239E+03
    0.18221E-03    0.80779E+03
    0.18589E-03    0.82349E+03
    0.18965E-03    0.83948E+03
    0.19348E-03    0.85579E+03
    0.19739E-03    0.87241E+03
    0.20138E-03    0.88935E+03
    0.20544E-03    0.90661E+03
    0.20959E-03    0.92421E+03
    0.21383E-03    0.94215E+03
    0.21815E-03    0.96043E+03
    0.22255E-03    0.97906E+03
    0.22705E-03    0.99805E+03
    0.23164E-03    0.10174E+04
    0.23632E-03    0.10371E+04
    0.24109E-03    0.10572E+04
    0.24596E-03    0.10777E+04
    0.25093E-03    0.10986E+04
    0.25600E-03    0.11199E+04
    0.26117E-03    0.11416E+04
    0.26645E-03    0.11637E+04
    0.27183E-03    0.11862E+04
    0.27732E-03    0.12091E+04
    0.28292E-03    0.12325E+04
    0.28864E-03    0.12563E+04
    0.29447E-03    0.12806E+04
    0.30042E-03    0.13054E+04
    0.30649E-03    0.13306E+04
    0.31268E-03    0.13563E+04
    0.31899E-03    0.13824E+04
    0.32544E-03    0.14091E+04
    0.33201E-03    0.14363E+04
    0.33872E-03    0.14639E+04
    0.34556E-03    0.14922E+04
    0.35254E-03    0.15209E+04
    0.35966E-03    0.15502E+04
    0.36693E-03    0.15800E+04
    0.37434E-03    0.16103E+04
    0.38190E-03    0.16413E+04
    0.38962E-03    0.16728E+04
    0.39749E-03    0.17049E+04
    0.40552E-03    0.17376E+04
    0.41371E-03    0.17709E+04
    0.42207E-03    0.18048E+04
    0.43060E-03    0.18394E+04
    0.43929E-03    0.18746E+04
    0.44817E-03    0.19104E+04
    0.45722E-03    0.19469E+04
    0.46646E-03    0.19840E+04
    0.47588E-03    0.20219E+04
    0.48550E-03    0.20604E+04
    0.49530E-03    0.20996E+04
    0.50531E-03    0.21395E+04
    0.51552E-03    0.21801E+04
    0.52593E-03    0.22215E+04
    0.53656E-03    0.22636E+04
    0.54739E-03    0.23065E+04
    0.55845E-03    0.23501E+04
    0.56973E-03    0.23945E+04
    0.58124E-03    0.24397E+04
    0.59299E-03    0.24856E+04
    0.60496E-03    0.25324E+04
    0.61719E-03    0.25800E+04
    0.62965E-03    0.26284E+04
    0.64237E-03    0.26776E+04
    0.65535E-03    0.27277E+04
    0.66859E-03    0.27787E+04
    0.68210E-03    0.28305E+04
    0.69588E-03    0.28831E+04
    0.70993E-03    0.29367E+04
    0.72427E-03    0.29912E+04
    0.73891E-03    0.30465E+04
    0.75383E-03    0.31028E+04
    0.76906E-03    0.31600E+04
    0.78460E-03    0.32181E+04
    0.80045E-03    0.32771E+04
    0.81662E-03    0.33371E+04
    0.83311E-03    0.33980E+04
    0.84994E-03    0.34599E+04
    0.86711E-03    0.35228E+04
    0.88463E-03    0.35866E+04
    0.90250E-03    0.36513E+04
    0.92073E-03    0.37171E+04
    0.93933E-03    0.37838E+04
    0.95831E-03    0.38515E+04
    0.97767E-03    0.39202E+04
    0.99742E-03    0.39898E+04
    0.10176E-02    0.40604E+04
    0.10381E-02    0.41320E+04
    0.10591E-02    0.42046E+04
    0.10805E-02    0.42781E+04
    0.11023E-02    0.43526E+04
    0.11246E-02    0.44280E+04
    0.11473E-02    0.45044E+04
    0.11705E-02    0.45817E+04
    0.11941E-02    0.46599E+04
    0.12182E-02    0.47390E+04
    0.12429E-02    0.48190E+04
    0.12680E-02    0.48999E+04
    0.12936E-02    0.49816E+04
    0.13197E-02    0.50641E+04
    0.13464E-02    0.51474E+04
    0.13736E-02    0.52315E+04
    0.14013E-02    0.53163E+04
    0.14296E-02    0.54018E+04
    0.14585E-02    0.54879E+04
    0.14880E-02    0.55747E+04
    0.15180E-02    0.56620E+04
    0.15487E-02    0.57498E+04
    0.15800E-02    0.58381E+04
    0.16119E-02    0.59268E+04
    0.16445E-02    0.60157E+04
    0.16777E-02    0.61050E+04
    0.17116E-02    0.61944E+04
    0.17462E-02    0.62839E+04
    0.17814E-02    0.63735E+04
    0.18174E-02    0.64629E+04
    0.18541E-02    0.65522E+04
    0.18916E-02    0.66412E+04
    0.19298E-02    0.67298E+04
    0.19688E-02    0.68178E+04
    0.20086E-02    0.69053E+04
    0.20491E-02    0.69919E+04
    0.20905E-02    0.70776E+04
    0.21328E-02    0.71622E+04
    0.21758E-02    0.72456E+04
    0.22198E-02    0.73276E+04
    0.22646E-02    0.74080E+04
    0.23104E-02    0.74866E+04
    0.23571E-02    0.75632E+04
    0.24047E-02    0.76377E+04
    0.24533E-02    0.77098E+04
    0.25028E-02    0.77793E+04
    0.25534E-02    0.78460E+04
    0.26050E-02    0.79096E+04
    0.26576E-02    0.79699E+04
    0.27113E-02    0.80267E+04
    0.27660E-02    0.80797E+04
    0.28219E-02    0.81286E+04
    0.28789E-02    0.81733E+04
    0.29371E-02    0.82133E+04
    0.29964E-02    0.82486E+04
    0.30569E-02    0.82787E+04
    0.31187E-02    0.83036E+04
    0.31817E-02    0.83228E+04
    0.32460E-02    0.83363E+04
    0.33115E-02    0.83438E+04
    0.33784E-02    0.83450E+04
    0.34467E-02    0.83398E+04
    0.35163E-02    0.83281E+04
    0.35874E-02    0.83096E+04
    0.36598E-02    0.82843E+04
    0.37338E-02    0.82521E+04
    0.38092E-02    0.82130E+04
    0.38861E-02    0.81670E+04
    0.39646E-02    0.81141E+04
    0.40447E-02    0.80544E+04
    0.41264E-02    0.79880E+04
    0.42098E-02    0.79152E+04
    0.42948E-02    0.78362E+04
    0.43816E-02    0.77513E+04
    0.44701E-02    0.76609E+04
    0.45604E-02    0.75653E+04
    0.46525E-02    0.74650E+04
    0.47465E-02    0.73614E+04
    0.48424E-02    0.72533E+04
    0.49402E-02    0.71420E+04
    0.50400E-02    0.70283E+04
    0.51419E-02    0.69127E+04
    0.52457E-02    0.67958E+04
    0.53517E-02    0.66784E+04
    0.54598E-02    0.65609E+04
    0.55701E-02    0.64442E+04
    0.56826E-02    0.63286E+04
    0.57974E-02    0.62148E+04
    0.59145E-02    0.61033E+04
    0.60340E-02    0.59944E+04
    0.61559E-02    0.58886E+04
    0.62803E-02    0.57861E+04
    0.64072E-02    0.56871E+04
    0.65366E-02    0.55918E+04
    0.66686E-02    0.55003E+04
    0.68033E-02    0.54124E+04
    0.69408E-02    0.53282E+04
    0.70810E-02    0.52473E+04
    0.72240E-02    0.51697E+04
    0.73700E-02    0.50952E+04
    0.75189E-02    0.50233E+04
    0.76708E-02    0.49540E+04
    0.78257E-02    0.48869E+04
    0.79838E-02    0.48218E+04
    0.81451E-02    0.47586E+04
    0.83096E-02    0.46972E+04
    0.84775E-02    0.46374E+04
    0.86488E-02    0.45793E+04
    0.88235E-02    0.45228E+04
    0.90017E-02    0.44679E+04
    0.91836E-02    0.44147E+04
    0.93691E-02    0.43631E+04
    0.95583E-02    0.43131E+04
    0.97514E-02    0.42646E+04
    0.99484E-02    0.42174E+04
    0.10149E-01    0.41714E+04
    0.10354E-01    0.41264E+04
    0.10564E-01    0.40823E+04
    0.10777E-01    0.40389E+04
    0.10995E-01    0.39961E+04
    0.11217E-01    0.39537E+04
    0.11443E-01    0.39117E+04
    0.11675E-01    0.38701E+04
    0.11910E-01    0.38286E+04
    0.12151E-01    0.37874E+04
    0.12397E-01    0.37462E+04
    0.12647E-01    0.37050E+04
    0.12902E-01    0.36636E+04
    0.13163E-01    0.36220E+04
    0.13429E-01    0.35801E+04
    0.13700E-01    0.35378E+04
    0.13977E-01    0.34951E+04
    0.14259E-01    0.34517E+04
    0.14547E-01    0.34078E+04
    0.14841E-01    0.33632E+04
    0.15141E-01    0.33179E+04
    0.15447E-01    0.32719E+04
    0.15759E-01    0.32250E+04
    0.16077E-01    0.31773E+04
    0.16402E-01    0.31287E+04
    0.16734E-01    0.30792E+04
    0.17072E-01    0.30289E+04
    0.17416E-01    0.29775E+04
    0.17768E-01    0.29253E+04
    0.18127E-01    0.28721E+04
    0.18493E-01    0.28180E+04
    0.18867E-01    0.27631E+04
    0.19248E-01    0.27072E+04
    0.19637E-01    0.26505E+04
    0.20034E-01    0.25931E+04
    0.20438E-01    0.25348E+04
    0.20851E-01    0.24760E+04
    0.21272E-01    0.24164E+04
    0.21702E-01    0.23564E+04
    0.22141E-01    0.22958E+04
    0.22588E-01    0.22349E+04
    0.23044E-01    0.21737E+04
    0.23510E-01    0.21123E+04
    0.23985E-01    0.20509E+04
    0.24469E-01    0.19895E+04
    0.24964E-01    0.19282E+04
    0.25468E-01    0.18672E+04
    0.25982E-01    0.18066E+04
    0.26507E-01    0.17465E+04
    0.27043E-01    0.16871E+04
    0.27589E-01    0.16285E+04
    0.28146E-01    0.15709E+04
    0.28715E-01    0.15143E+04
    0.29295E-01    0.14589E+04
    0.29887E-01    0.14048E+04
    0.30490E-01    0.13522E+04
    0.31106E-01    0.13012E+04
    0.31735E-01    0.12513E+04
    0.32376E-01    0.12029E+04
    0.33030E-01    0.11564E+04
    0.33697E-01    0.11118E+04
    0.34378E-01    0.10682E+04
    0.35072E-01    0.10627E+04
    0.35781E-01    0.10245E+04
    0.36504E-01    0.98913E+03
    0.37241E-01    0.95610E+03
    0.37993E-01    0.92536E+03
    0.38761E-01    0.89689E+03
    0.39544E-01    0.87062E+03
    0.40343E-01    0.84649E+03
    0.41158E-01    0.82442E+03
    0.41989E-01    0.80432E+03
    0.42838E-01    0.78609E+03
    0.43703E-01    0.76947E+03
    0.44586E-01    0.73791E+03
    0.45486E-01    0.72408E+03
    0.46405E-01    0.71247E+03
    0.47343E-01    0.70230E+03
    0.48299E-01    0.69363E+03
    0.49275E-01    0.68584E+03
    0.50270E-01    0.67901E+03
    0.51286E-01    0.67296E+03
    0.52322E-01    0.66757E+03
    0.53379E-01    0.66261E+03
    0.54457E-01    0.66763E+03
    0.55557E-01    0.66335E+03
    0.56680E-01    0.65829E+03
    0.57825E-01    0.65253E+03
    0.58993E-01    0.64577E+03
    0.60184E-01    0.63770E+03
    0.61400E-01    0.62802E+03
    0.62641E-01    0.61651E+03
    0.63906E-01    0.60327E+03
    0.65197E-01    0.57954E+03
    0.66514E-01    0.56207E+03
    0.67858E-01    0.54258E+03
    0.69229E-01    0.52132E+03
    0.70627E-01    0.49856E+03
    0.72054E-01    0.47461E+03
    0.73510E-01    0.44978E+03
    0.74994E-01    0.42752E+03
    0.76509E-01    0.40245E+03
    0.78055E-01    0.37791E+03
    0.79632E-01    0.35426E+03
    0.81241E-01    0.33184E+03
    0.82882E-01    0.31092E+03
    0.84556E-01    0.29174E+03
    0.86264E-01    0.27447E+03
    0.88007E-01    0.25927E+03
    0.89785E-01    0.24620E+03
    0.91598E-01    0.23532E+03
    0.93449E-01    0.22659E+03
    0.95337E-01    0.21995E+03
    0.97263E-01    0.21523E+03
    0.99227E-01    0.21219E+03
    0.10123E+00    0.21052E+03
    0.10328E+00    0.20985E+03
    0.10536E+00    0.20975E+03
    0.10749E+00    0.20979E+03
    0.10966E+00    0.20952E+03
    0.11188E+00    0.20852E+03
    0.11414E+00    0.20641E+03
    0.11644E+00    0.20286E+03
    0.11880E+00    0.19765E+03
    0.12120E+00    0.19069E+03
    0.12365E+00    0.18207E+03
    0.12614E+00    0.17208E+03
    0.12869E+00    0.16118E+03
    0.13129E+00    0.14994E+03
    0.13394E+00    0.13896E+03
    0.13665E+00    0.12872E+03
    0.13941E+00    0.11960E+03
    0.14223E+00    0.11181E+03
    0.14510E+00    0.10548E+03
    0.14803E+00    0.10065E+03
    0.15102E+00    0.97283E+02
    0.15407E+00    0.95236E+02
    0.15718E+00    0.94220E+02
    0.16036E+00    0.93818E+02
    0.16360E+00    0.93557E+02
    0.16690E+00    0.92998E+02
    0.17028E+00    0.91780E+02
    0.17371E+00    0.89638E+02
    0.17722E+00    0.86431E+02
    0.18080E+00    0.82216E+02
    0.18446E+00    0.77279E+02
    0.18818E+00    0.72055E+02
    0.19198E+00    0.66984E+02
    0.19586E+00    0.62411E+02
    0.19982E+00    0.58567E+02
    0.20386E+00    0.55579E+02
    0.20797E+00    0.53459E+02
    0.21218E+00    0.52082E+02
    0.21646E+00    0.51198E+02
    0.22083E+00    0.50476E+02
    0.22530E+00    0.49586E+02
    0.22985E+00    0.48292E+02
    0.23449E+00    0.46488E+02
    0.23923E+00    0.44214E+02
    0.24406E+00    0.41655E+02
    0.24899E+00    0.39084E+02
    0.25402E+00    0.36734E+02
    0.25915E+00    0.34756E+02
    0.26439E+00    0.33223E+02
    0.26973E+00    0.32099E+02
    0.27518E+00    0.31224E+02
    0.28074E+00    0.30397E+02
    0.28641E+00    0.29451E+02
    0.29219E+00    0.28302E+02
    0.29810E+00    0.26960E+02
    0.30412E+00    0.25530E+02
    0.31026E+00    0.24147E+02
    0.31653E+00    0.22917E+02
    0.32292E+00    0.21900E+02
    0.32945E+00    0.21072E+02
    0.33610E+00    0.20338E+02
    0.34289E+00    0.19605E+02
    0.34982E+00    0.18811E+02
    0.35689E+00    0.17951E+02
    0.36409E+00    0.17069E+02
    0.37145E+00    0.16229E+02
    0.37895E+00    0.15480E+02
    0.38661E+00    0.14827E+02
    0.39442E+00    0.14232E+02
    0.40239E+00    0.13654E+02
    0.41052E+00    0.13065E+02
    0.41881E+00    0.12465E+02
    0.42727E+00    0.11878E+02
    0.43590E+00    0.11331E+02
    0.44471E+00    0.10831E+02
