    0.999999974737875163555145263671875000000000E-04    0.443861450195312500000000000000000000000000E+03
    0.102020130725577473640441894531250000000000E-03    0.452511352539062500000000000000000000000000E+03
    0.104081082099582999944686889648437500000000E-03    0.461329650878906250000000000000000000000000E+03
    0.106183659227099269628524780273437500000000E-03    0.470319580078125000000000000000000000000000E+03
    0.108328706119209527969360351562500000000000E-03    0.479484436035156250000000000000000000000000E+03
    0.110517095890827476978302001953125000000000E-03    0.488827758789062500000000000000000000000000E+03
    0.112749679828993976116180419921875000000000E-03    0.498352844238281250000000000000000000000000E+03
    0.115027374704368412494659423828125000000000E-03    0.508063323974609375000000000000000000000000E+03
    0.117351090011652559041976928710937500000000E-03    0.517962829589843750000000000000000000000000E+03
    0.119721727969590574502944946289062500000000E-03    0.528054809570312500000000000000000000000000E+03
    0.122140278108417987823486328125000000000000E-03    0.538343261718750000000000000000000000000000E+03
    0.124607671750709414482116699218750000000000E-03    0.548831787109375000000000000000000000000000E+03
    0.127124920254573225975036621093750000000000E-03    0.559524291992187500000000000000000000000000E+03
    0.129692998598329722881317138671875000000000E-03    0.570424926757812500000000000000000000000000E+03
    0.132312969071790575981140136718750000000000E-03    0.581537414550781250000000000000000000000000E+03
    0.134985879412852227687835693359375000000000E-03    0.592866027832031250000000000000000000000000E+03
    0.137712777359411120414733886718750000000000E-03    0.604414978027343750000000000000000000000000E+03
    0.140494754305109381675720214843750000000000E-03    0.616188415527343750000000000000000000000000E+03
    0.143332930747419595718383789062500000000000E-03    0.628190795898437500000000000000000000000000E+03
    0.146228456287644803524017333984375000000000E-03    0.640426330566406250000000000000000000000000E+03
    0.149182465975172817707061767578125000000000E-03    0.652899780273437500000000000000000000000000E+03
    0.152196153067052364349365234375000000000000E-03    0.665615600585937500000000000000000000000000E+03
    0.155270710820332169532775878906250000000000E-03    0.678578491210937500000000000000000000000000E+03
    0.158407390699721872806549072265625000000000E-03    0.691793212890625000000000000000000000000000E+03
    0.161607444169931113719940185546875000000000E-03    0.705264587402343750000000000000000000000000E+03
    0.164872122695669531822204589843750000000000E-03    0.718997558593750000000000000000000000000000E+03
    0.168202750501222908496856689453125000000000E-03    0.732997314453125000000000000000000000000000E+03
    0.171600666362792253494262695312500000000000E-03    0.747268859863281250000000000000000000000000E+03
    0.175067238160409033298492431640625000000000E-03    0.761817443847656250000000000000000000000000E+03
    0.178603833774104714393615722656250000000000E-03    0.776648315429687500000000000000000000000000E+03
    0.182211864739656448364257812500000000000000E-03    0.791767028808593750000000000000000000000000E+03
    0.185892800800502300262451171875000000000000E-03    0.807179016113281250000000000000000000000000E+03
    0.189648068044334650039672851562500000000000E-03    0.822890075683593750000000000000000000000000E+03
    0.193479223526082932949066162109375000000000E-03    0.838905883789062500000000000000000000000000E+03
    0.197387780644930899143218994140625000000000E-03    0.855232055664062500000000000000000000000000E+03
    0.201375267351977527141571044921875000000000E-03    0.871874877929687500000000000000000000000000E+03
    0.205443298909813165664672851562500000000000E-03    0.888840209960937500000000000000000000000000E+03
    0.209593548788689076900482177734375000000000E-03    0.906134155273437500000000000000000000000000E+03
    0.213827603147365152835845947265625000000000E-03    0.923763244628906250000000000000000000000000E+03
    0.218147222767584025859832763671875000000000E-03    0.941733642578125000000000000000000000000000E+03
    0.222554081119596958160400390625000000000000E-03    0.960051940917968750000000000000000000000000E+03
    0.227049968088977038860321044921875000000000E-03    0.978724975585937500000000000000000000000000E+03
    0.231636688113212585449218750000000000000000E-03    0.997759155273437500000000000000000000000000E+03
    0.236316060181707143783569335937500000000000E-03    0.101716174316406250000000000000000000000000E+04
    0.241089961491525173187255859375000000000000E-03    0.103693945312500000000000000000000000000000E+04
    0.245960312895476818084716796875000000000000E-03    0.105709973144531250000000000000000000000000E+04
    0.250929006142541766166687011718750000000000E-03    0.107764929199218750000000000000000000000000E+04
    0.255998136708512902259826660156250000000000E-03    0.109859606933593750000000000000000000000000E+04
    0.261169654550030827522277832031250000000000E-03    0.111994738769531250000000000000000000000000E+04
    0.266445596935227513313293457031250000000000E-03    0.114171081542968750000000000000000000000000E+04
    0.271828175755217671394348144531250000000000E-03    0.116389428710937500000000000000000000000000E+04
    0.277319486485794186592102050781250000000000E-03    0.118650561523437500000000000000000000000000E+04
    0.282921682810410857200622558593750000000000E-03    0.120955297851562500000000000000000000000000E+04
    0.288637093035504221916198730468750000000000E-03    0.123304467773437500000000000000000000000000E+04
    0.294467929052188992500305175781250000000000E-03    0.125698901367187500000000000000000000000000E+04
    0.300416606478393077850341796875000000000000E-03    0.128139428710937500000000000000000000000000E+04
    0.306485395412892103195190429687500000000000E-03    0.130626940917968750000000000000000000000000E+04
    0.312676827888935804367065429687500000000000E-03    0.133162304687500000000000000000000000000000E+04
    0.318993290420621633529663085937500000000000E-03    0.135746435546875000000000000000000000000000E+04
    0.325437402352690696716308593750000000000000E-03    0.138380224609375000000000000000000000000000E+04
    0.332011666614562273025512695312500000000000E-03    0.141064575195312500000000000000000000000000E+04
    0.338718760758638381958007812500000000000000E-03    0.143800488281250000000000000000000000000000E+04
    0.345561362337321043014526367187500000000000E-03    0.146588903808593750000000000000000000000000E+04
    0.352542119799181818962097167968750000000000E-03    0.149430786132812500000000000000000000000000E+04
    0.359663943527266383171081542968750000000000E-03    0.152327111816406250000000000000000000000000E+04
    0.366929627489298582077026367187500000000000E-03    0.155278894042968750000000000000000000000000E+04
    0.374342111172154545783996582031250000000000E-03    0.158287182617187500000000000000000000000000E+04
    0.381904304958879947662353515625000000000000E-03    0.161353002929687500000000000000000000000000E+04
    0.389619322959333658218383789062500000000000E-03    0.164477404785156250000000000000000000000000E+04
    0.397490162868052721023559570312500000000000E-03    0.167661499023437500000000000000000000000000E+04
    0.405519997002556920051574707031250000000000E-03    0.170906335449218750000000000000000000000000E+04
    0.413712026784196496009826660156250000000000E-03    0.174213024902343750000000000000000000000000E+04
    0.422069540945813059806823730468750000000000E-03    0.177582739257812500000000000000000000000000E+04
    0.430595915531739592552185058593750000000000E-03    0.181016601562500000000000000000000000000000E+04
    0.439294555690139532089233398437500000000000E-03    0.184515747070312500000000000000000000000000E+04
    0.448168895673006772994995117187500000000000E-03    0.188081445312500000000000000000000000000000E+04
    0.457222486147657036781311035156250000000000E-03    0.191714807128906250000000000000000000000000E+04
    0.466458965092897415161132812500000000000000E-03    0.195417053222656250000000000000000000000000E+04
    0.475882086902856826782226562500000000000000E-03    0.199189514160156250000000000000000000000000E+04
    0.485495518660172820091247558593750000000000E-03    0.203033337402343750000000000000000000000000E+04
    0.495303189381957054138183593750000000000000E-03    0.206949853515625000000000000000000000000000E+04
    0.505309028085321187973022460937500000000000E-03    0.210940405273437500000000000000000000000000E+04
    0.515516963787376880645751953125000000000000E-03    0.215006225585937500000000000000000000000000E+04
    0.525931071024388074874877929687500000000000E-03    0.219148681640625000000000000000000000000000E+04
    0.536555540747940540313720703125000000000000E-03    0.223369140625000000000000000000000000000000E+04
    0.547394680324941873550415039062500000000000E-03    0.227668945312500000000000000000000000000000E+04
    0.558452797122299671173095703125000000000000E-03    0.232049511718750000000000000000000000000000E+04
    0.569734314922243356704711914062500000000000E-03    0.236512207031250000000000000000000000000000E+04
    0.581243715714663267135620117187500000000000E-03    0.241058544921875000000000000000000000000000E+04
    0.592985597904771566390991210937500000000000E-03    0.245689941406250000000000000000000000000000E+04
    0.604964734520763158798217773437500000000000E-03    0.250407836914062500000000000000000000000000E+04
    0.617185782175511121749877929687500000000000E-03    0.255213745117187500000000000000000000000000E+04
    0.629653746727854013442993164062500000000000E-03    0.260109179687500000000000000000000000000000E+04
    0.642373692244291305541992187500000000000000E-03    0.265095654296875000000000000000000000000000E+04
    0.655350449960678815841674804687500000000000E-03    0.270174755859375000000000000000000000000000E+04
    0.668589433189481496810913085937500000000000E-03    0.275348022460937500000000000000000000000000E+04
    0.682095822412520647048950195312500000000000E-03    0.280617041015625000000000000000000000000000E+04
    0.695875030942261219024658203125000000000000E-03    0.285983447265625000000000000000000000000000E+04
    0.709932646714150905609130859375000000000000E-03    0.291448901367187500000000000000000000000000E+04
    0.724274199455976486206054687500000000000000E-03    0.297014941406250000000000000000000000000000E+04
    0.738905626349151134490966796875000000000000E-03    0.302683276367187500000000000000000000000000E+04
    0.753832457121461629867553710937500000000000E-03    0.308455688476562500000000000000000000000000E+04
    0.769060861784964799880981445312500000000000E-03    0.314333764648437500000000000000000000000000E+04
    0.784596893936395645141601562500000000000000E-03    0.320319287109375000000000000000000000000000E+04
    0.800446781795471906661987304687500000000000E-03    0.326413964843750000000000000000000000000000E+04
    0.816616869997233152389526367187500000000000E-03    0.332619580078125000000000000000000000000000E+04
    0.833113677799701690673828125000000000000000E-03    0.338937890625000000000000000000000000000000E+04
    0.849943608045578002929687500000000000000000E-03    0.345370654296875000000000000000000000000000E+04
    0.867113587446510791778564453125000000000000E-03    0.351919775390625000000000000000000000000000E+04
    0.884630659129470586776733398437500000000000E-03    0.358587011718750000000000000000000000000000E+04
    0.902501342352479696273803710937500000000000E-03    0.365374243164062500000000000000000000000000E+04
    0.920733029488474130630493164062500000000000E-03    0.372283227539062500000000000000000000000000E+04
    0.939333112910389900207519531250000000000000E-03    0.379315917968750000000000000000000000000000E+04
    0.958308868575841188430786132812500000000000E-03    0.386474194335937500000000000000000000000000E+04
    0.977667979896068572998046875000000000000000E-03    0.393759912109375000000000000000000000000000E+04
    0.997418188489973545074462890625000000000000E-03    0.401174926757812500000000000000000000000000E+04
    0.101756735239177942276000976562500000000000E-02    0.408721289062500000000000000000000000000000E+04
    0.103812362067401409149169921875000000000000E-02    0.416400830078125000000000000000000000000000E+04
    0.105909502599388360977172851562500000000000E-02    0.424215527343750000000000000000000000000000E+04
    0.108049006666988134384155273437500000000000E-02    0.432167333984375000000000000000000000000000E+04
    0.110231747385114431381225585937500000000000E-02    0.440258056640625000000000000000000000000000E+04
    0.112458574585616588592529296875000000000000E-02    0.448489843750000000000000000000000000000000E+04
    0.114730407949537038803100585937500000000000E-02    0.456864501953125000000000000000000000000000E+04
    0.117048120591789484024047851562500000000000E-02    0.465384130859375000000000000000000000000000E+04
    0.119412643834948539733886718750000000000000E-02    0.474050439453125000000000000000000000000000E+04
    0.121824943926185369491577148437500000000000E-02    0.482865722656250000000000000000000000000000E+04
    0.124285963829606771469116210937500000000000E-02    0.491831640625000000000000000000000000000000E+04
    0.126796704716980457305908203125000000000000E-02    0.500950390625000000000000000000000000000000E+04
    0.129358167760074138641357421875000000000000E-02    0.510223730468750000000000000000000000000000E+04
    0.131971365772187709808349609375000000000000E-02    0.519653808593750000000000000000000000000000E+04
    0.134637358132749795913696289062500000000000E-02    0.529242333984375000000000000000000000000000E+04
    0.137357215862721204757690429687500000000000E-02    0.538991503906250000000000000000000000000000E+04
    0.140132009983062744140625000000000000000000E-02    0.548903027343750000000000000000000000000000E+04
    0.142962858080863952636718750000000000000000E-02    0.558978906250000000000000000000000000000000E+04
    0.145850901026278734207153320312500000000000E-02    0.569220996093750000000000000000000000000000E+04
    0.148797314614057540893554687500000000000000E-02    0.579631201171875000000000000000000000000000E+04
    0.151803228072822093963623046875000000000000E-02    0.590211376953125000000000000000000000000000E+04
    0.154869852121919393539428710937500000000000E-02    0.600963281250000000000000000000000000000000E+04
    0.157998420763760805130004882812500000000000E-02    0.611889062500000000000000000000000000000000E+04
    0.161190202925354242324829101562500000000000E-02    0.622990185546875000000000000000000000000000E+04
    0.164446467533707618713378906250000000000000E-02    0.634268652343750000000000000000000000000000E+04
    0.167768495157361030578613281250000000000000E-02    0.645725927734375000000000000000000000000000E+04
    0.171157636214047670364379882812500000000000E-02    0.657363720703125000000000000000000000000000E+04
    0.174615241121500730514526367187500000000000E-02    0.669183886718750000000000000000000000000000E+04
    0.178142718505114316940307617187500000000000E-02    0.681187939453125000000000000000000000000000E+04
    0.181741418782621622085571289062500000000000E-02    0.693377294921875000000000000000000000000000E+04
    0.185412843711674213409423828125000000000000E-02    0.705753808593750000000000000000000000000000E+04
    0.189158413559198379516601562500000000000000E-02    0.718318603515625000000000000000000000000000E+04
    0.192979711573570966720581054687500000000000E-02    0.731073339843750000000000000000000000000000E+04
    0.196878169663250446319580078125000000000000E-02    0.744019384765625000000000000000000000000000E+04
    0.200855359435081481933593750000000000000000E-02    0.757157812500000000000000000000000000000000E+04
    0.204912899062037467956542968750000000000000E-02    0.770490332031250000000000000000000000000000E+04
    0.209052418358623981475830078125000000000000E-02    0.784017626953125000000000000000000000000000E+04
    0.213275570422410964965820312500000000000000E-02    0.797741308593750000000000000000000000000000E+04
    0.217583985067903995513916015625000000000000E-02    0.811662060546875000000000000000000000000000E+04
    0.221979478374123573303222656250000000000000E-02    0.825780957031250000000000000000000000000000E+04
    0.226463773287832736968994140625000000000000E-02    0.840098828125000000000000000000000000000000E+04
    0.231038639321923255920410156250000000000000E-02    0.854616796875000000000000000000000000000000E+04
    0.235705915838479995727539062500000000000000E-02    0.869335351562500000000000000000000000000000E+04
    0.240467488765716552734375000000000000000000E-02    0.884254980468750000000000000000000000000000E+04
    0.245325244031846523284912109375000000000000E-02    0.899376464843750000000000000000000000000000E+04
    0.250281183980405330657958984375000000000000E-02    0.914700097656250000000000000000000000000000E+04
    0.255337217822670936584472656250000000000000E-02    0.930226367187500000000000000000000000000000E+04
    0.260495371185243129730224609375000000000000E-02    0.945955175781250000000000000000000000000000E+04
    0.265757716260850429534912109375000000000000E-02    0.961887109375000000000000000000000000000000E+04
    0.271126371808350086212158203125000000000000E-02    0.978021777343750000000000000000000000000000E+04
    0.276603479869663715362548828125000000000000E-02    0.994359082031250000000000000000000000000000E+04
    0.282191229052841663360595703125000000000000E-02    0.101089892578125000000000000000000000000000E+05
    0.287891877815127372741699218750000000000000E-02    0.102764052734375000000000000000000000000000E+05
    0.293707661330699920654296875000000000000000E-02    0.104458378906250000000000000000000000000000E+05
    0.299640954472124576568603515625000000000000E-02    0.106172773437500000000000000000000000000000E+05
    0.305694085545837879180908203125000000000000E-02    0.107907158203125000000000000000000000000000E+05
    0.311869522556662559509277343750000000000000E-02    0.109661435546875000000000000000000000000000E+05
    0.318169780075550079345703125000000000000000E-02    0.111435488281250000000000000000000000000000E+05
    0.324597232975065708160400390625000000000000E-02    0.113229189453125000000000000000000000000000E+05
    0.331154512241482734680175781250000000000000E-02    0.115042363281250000000000000000000000000000E+05
    0.337844272144138813018798828125000000000000E-02    0.116874882812500000000000000000000000000000E+05
    0.344669190235435962677001953125000000000000E-02    0.118726513671875000000000000000000000000000E+05
    0.351631967350840568542480468750000000000000E-02    0.120597041015625000000000000000000000000000E+05
    0.358735374175012111663818359375000000000000E-02    0.122486318359375000000000000000000000000000E+05
    0.365982321090996265411376953125000000000000E-02    0.124394003906250000000000000000000000000000E+05
    0.373375625349581241607666015625000000000000E-02    0.126319863281250000000000000000000000000000E+05
    0.380918313749134540557861328125000000000000E-02    0.128263632812500000000000000000000000000000E+05
    0.388613343238830566406250000000000000000000E-02    0.130224941406250000000000000000000000000000E+05
    0.396463880315423011779785156250000000000000E-02    0.132203486328125000000000000000000000000000E+05
    0.404472928494215011596679687500000000000000E-02    0.134198886718750000000000000000000000000000E+05
    0.412643933668732643127441406250000000000000E-02    0.136210751953125000000000000000000000000000E+05
    0.420979922637343406677246093750000000000000E-02    0.138238691406250000000000000000000000000000E+05
    0.429484248161315917968750000000000000000000E-02    0.140282246093750000000000000000000000000000E+05
    0.438160402700304985046386718750000000000000E-02    0.142340976562500000000000000000000000000000E+05
    0.447011832147836685180664062500000000000000E-02    0.144414375000000000000000000000000000000000E+05
    0.456042028963565826416015625000000000000000E-02    0.146501875000000000000000000000000000000000E+05
    0.465254718437790870666503906250000000000000E-02    0.148602998046875000000000000000000000000000E+05
    0.474653439596295356750488281250000000000000E-02    0.150717080078125000000000000000000000000000E+05
    0.484242103993892669677734375000000000000000E-02    0.152843535156250000000000000000000000000000E+05
    0.494024436920881271362304687500000000000000E-02    0.154981728515625000000000000000000000000000E+05
    0.504004349932074546813964843750000000000000E-02    0.157130966796875000000000000000000000000000E+05
    0.514185894280672073364257812500000000000000E-02    0.159290507812500000000000000000000000000000E+05
    0.524573167786002159118652343750000000000000E-02    0.161459619140625000000000000000000000000000E+05
    0.535170361399650573730468750000000000000000E-02    0.163637500000000000000000000000000000000000E+05
    0.545981479808688163757324218750000000000000E-02    0.165823339843750000000000000000000000000000E+05
    0.557011039927601814270019531250000000000000E-02    0.168016250000000000000000000000000000000000E+05
    0.568263372406363487243652343750000000000000E-02    0.170215058593750000000000000000000000000000E+05
    0.579743087291717529296875000000000000000000E-02    0.172426601562500000000000000000000000000000E+05
    0.591454654932022094726562500000000000000000E-02    0.174634921875000000000000000000000000000000E+05
    0.603402825072407722473144531250000000000000E-02    0.176846445312500000000000000000000000000000E+05
    0.615592347458004951477050781250000000000000E-02    0.179060136718750000000000000000000000000000E+05
    0.628028111532330513000488281250000000000000E-02    0.181274785156250000000000000000000000000000E+05
    0.640715099871158599853515625000000000000000E-02    0.183489199218750000000000000000000000000000E+05
    0.653658434748649597167968750000000000000000E-02    0.185702285156250000000000000000000000000000E+05
    0.666863145306706428527832031250000000000000E-02    0.187912695312500000000000000000000000000000E+05
    0.680334679782390594482421875000000000000000E-02    0.190119199218750000000000000000000000000000E+05
    0.694078346714377403259277343750000000000000E-02    0.192320410156250000000000000000000000000000E+05
    0.708099640905857086181640625000000000000000E-02    0.194515039062500000000000000000000000000000E+05
    0.722404150292277336120605468750000000000000E-02    0.196701542968750000000000000000000000000000E+05
    0.736997742205858230590820312500000000000000E-02    0.198879628906250000000000000000000000000000E+05
    0.751886051148176193237304687500000000000000E-02    0.201045644531250000000000000000000000000000E+05
    0.767075084149837493896484375000000000000000E-02    0.203199003906250000000000000000000000000000E+05
    0.782571360468864440917968750000000000000000E-02    0.205338105468750000000000000000000000000000E+05
    0.798380374908447265625000000000000000000000E-02    0.207461367187500000000000000000000000000000E+05
    0.814508739858865737915039062500000000000000E-02    0.209567011718750000000000000000000000000000E+05
    0.830962881445884704589843750000000000000000E-02    0.211653300781250000000000000000000000000000E+05
    0.847749505192041397094726562500000000000000E-02    0.213718457031250000000000000000000000000000E+05
    0.864875130355358123779296875000000000000000E-02    0.215760566406250000000000000000000000000000E+05
    0.882346741855144500732421875000000000000000E-02    0.217777636718750000000000000000000000000000E+05
    0.900171231478452682495117187500000000000000E-02    0.219766953125000000000000000000000000000000E+05
    0.918355956673622131347656250000000000000000E-02    0.221728105468750000000000000000000000000000E+05
    0.936907902359962463378906250000000000000000E-02    0.223658222656250000000000000000000000000000E+05
    0.955834705382585525512695312500000000000000E-02    0.225555136718750000000000000000000000000000E+05
    0.975143909454345703125000000000000000000000E-02    0.227416660156250000000000000000000000000000E+05
    0.994843058288097381591796875000000000000000E-02    0.229240527343750000000000000000000000000000E+05
    0.101494016125798225402832031250000000000000E-01    0.231024453125000000000000000000000000000000E+05
    0.103544332087039947509765625000000000000000E-01    0.232766132812500000000000000000000000000000E+05
    0.105636063963174819946289062500000000000000E-01    0.234463066406250000000000000000000000000000E+05
    0.107770059257745742797851562500000000000000E-01    0.236113417968750000000000000000000000000000E+05
    0.109947146847844123840332031250000000000000E-01    0.237713652343750000000000000000000000000000E+05
    0.112168220803141593933105468750000000000000E-01    0.239261777343750000000000000000000000000000E+05
    0.114434175193309783935546875000000000000000E-01    0.240755097656250000000000000000000000000000E+05
    0.116745894774794578552246093750000000000000E-01    0.242191230468750000000000000000000000000000E+05
    0.119104310870170593261718750000000000000000E-01    0.243567363281250000000000000000000000000000E+05
    0.121510382741689682006835937500000000000000E-01    0.244880878906250000000000000000000000000000E+05
    0.123965051025152206420898437500000000000000E-01    0.246128886718750000000000000000000000000000E+05
    0.126469302922487258911132812500000000000000E-01    0.247309042968750000000000000000000000000000E+05
    0.129024153575301170349121093750000000000000E-01    0.248418339843750000000000000000000000000000E+05
    0.131630674004554748535156250000000000000000E-01    0.249454082031250000000000000000000000000000E+05
    0.134289795532822608947753906250000000000000E-01    0.250413496093750000000000000000000000000000E+05
    0.137002617120742797851562500000000000000000E-01    0.251293750000000000000000000000000000000000E+05
    0.139770256355404853820800781250000000000000E-01    0.252092050781250000000000000000000000000000E+05
    0.142593793570995330810546875000000000000000E-01    0.252805546875000000000000000000000000000000E+05
    0.145474374294281005859375000000000000000000E-01    0.253431386718750000000000000000000000000000E+05
    0.148413162678480148315429687500000000000000E-01    0.253967011718750000000000000000000000000000E+05
    0.151411294937133789062500000000000000000000E-01    0.254410234375000000000000000000000000000000E+05
    0.154470009729266166687011718750000000000000E-01    0.254758007812500000000000000000000000000000E+05
    0.157590489834547042846679687500000000000000E-01    0.255007207031250000000000000000000000000000E+05
    0.160774048417806625366210937500000000000000E-01    0.255155625000000000000000000000000000000000E+05
    0.164021886885166168212890625000000000000000E-01    0.255200761718750000000000000000000000000000E+05
    0.167335346341133117675781250000000000000000E-01    0.255140351562500000000000000000000000000000E+05
    0.170715730637311935424804687500000000000000E-01    0.254969921875000000000000000000000000000000E+05
    0.174164418131113052368164062500000000000000E-01    0.254690371093750000000000000000000000000000E+05
    0.177682787179946899414062500000000000000000E-01    0.254299160156250000000000000000000000000000E+05
    0.181272197514772415161132812500000000000000E-01    0.253794355468750000000000000000000000000000E+05
    0.184934139251708984375000000000000000000000E-01    0.253173945312500000000000000000000000000000E+05
    0.188670046627521514892578125000000000000000E-01    0.252436093750000000000000000000000000000000E+05
    0.192481447011232376098632812500000000000000E-01    0.251579472656250000000000000000000000000000E+05
    0.196369830518960952758789062500000000000000E-01    0.250602949218750000000000000000000000000000E+05
    0.200336743146181106567382812500000000000000E-01    0.249505781250000000000000000000000000000000E+05
    0.204383805394172668457031250000000000000000E-01    0.248287207031250000000000000000000000000000E+05
    0.208512637764215469360351562500000000000000E-01    0.246946914062500000000000000000000000000000E+05
    0.212724860757589340209960937500000000000000E-01    0.245480292968750000000000000000000000000000E+05
    0.217022281140089035034179687500000000000000E-01    0.243895097656250000000000000000000000000000E+05
    0.221406426280736923217773437500000000000000E-01    0.242189082031250000000000000000000000000000E+05
    0.225879121571779251098632812500000000000000E-01    0.240363125000000000000000000000000000000000E+05
    0.230442192405462265014648437500000000000000E-01    0.238417851562500000000000000000000000000000E+05
    0.235097426921129226684570312500000000000000E-01    0.236355097656250000000000000000000000000000E+05
    0.239846706390380859375000000000000000000000E-01    0.234176523437500000000000000000000000000000E+05
    0.244691912084817886352539062500000000000000E-01    0.231884609375000000000000000000000000000000E+05
    0.249635018408298492431640625000000000000000E-01    0.229482246093750000000000000000000000000000E+05
    0.254677981138229370117187500000000000000000E-01    0.226972558593750000000000000000000000000000E+05
    0.259822811931371688842773437500000000000000E-01    0.224359296875000000000000000000000000000000E+05
    0.265071578323841094970703125000000000000000E-01    0.221646542968750000000000000000000000000000E+05
    0.270426385104656219482421875000000000000000E-01    0.218838828125000000000000000000000000000000E+05
    0.275889337062835693359375000000000000000000E-01    0.215941308593750000000000000000000000000000E+05
    0.281462669372558593750000000000000000000000E-01    0.212959453125000000000000000000000000000000E+05
    0.287148579955101013183593750000000000000000E-01    0.209899414062500000000000000000000000000000E+05
    0.292949359863996505737304687500000000000000E-01    0.206767519531250000000000000000000000000000E+05
    0.298867337405681610107421875000000000000000E-01    0.203570722656250000000000000000000000000000E+05
    0.304904840886592864990234375000000000000000E-01    0.200316425781250000000000000000000000000000E+05
    0.311064328998327255249023437500000000000000E-01    0.197012304687500000000000000000000000000000E+05
    0.317348241806030273437500000000000000000000E-01    0.193666562500000000000000000000000000000000E+05
    0.323759093880653381347656250000000000000000E-01    0.190288242187500000000000000000000000000000E+05
    0.330299474298954010009765625000000000000000E-01    0.186862714843750000000000000000000000000000E+05
    0.336971953511238098144531250000000000000000E-01    0.183435605468750000000000000000000000000000E+05
    0.343779213726520538330078125000000000000000E-01    0.179943535156250000000000000000000000000000E+05
    0.350724011659622192382812500000000000000000E-01    0.178548535156250000000000000000000000000000E+05
    0.357809104025363922119140625000000000000000E-01    0.175164414062500000000000000000000000000000E+05
    0.365037508308887481689453125000000000000000E-01    0.171822988281250000000000000000000000000000E+05
    0.372411720454692840576171875000000000000000E-01    0.168509277343750000000000000000000000000000E+05
    0.379934944212436676025390625000000000000000E-01    0.165194375000000000000000000000000000000000E+05
    0.387610122561454772949218750000000000000000E-01    0.161924062500000000000000000000000000000000E+05
    0.395440347492694854736328125000000000000000E-01    0.158709550781250000000000000000000000000000E+05
    0.403428785502910614013671875000000000000000E-01    0.155561152343750000000000000000000000000000E+05
    0.411578565835952758789062500000000000000000E-01    0.152488076171875000000000000000000000000000E+05
    0.419893004000186920166015625000000000000000E-01    0.149498369140625000000000000000000000000000E+05
    0.428375415503978729248046875000000000000000E-01    0.146599218750000000000000000000000000000000E+05
    0.437029153108596801757812500000000000000000E-01    0.143786152343750000000000000000000000000000E+05
    0.445857718586921691894531250000000000000000E-01    0.139929013671875000000000000000000000000000E+05
    0.454864650964736938476562500000000000000000E-01    0.137252089843750000000000000000000000000000E+05
    0.464053489267826080322265625000000000000000E-01    0.134732333984375000000000000000000000000000E+05
    0.473427996039390563964843750000000000000000E-01    0.132321826171875000000000000000000000000000E+05
    0.482991859316825866699218750000000000000000E-01    0.130015205078125000000000000000000000000000E+05
    0.492748916149139404296875000000000000000000E-01    0.127809228515625000000000000000000000000000E+05
    0.502703115344047546386718750000000000000000E-01    0.125676816406250000000000000000000000000000E+05
    0.512858368456363677978515625000000000000000E-01    0.123654482421875000000000000000000000000000E+05
    0.523218810558319091796875000000000000000000E-01    0.121715849609375000000000000000000000000000E+05
    0.533788502216339111328125000000000000000000E-01    0.119850498046875000000000000000000000000000E+05
    0.544571764767169952392578125000000000000000E-01    0.118717324218750000000000000000000000000000E+05
    0.555572807788848876953125000000000000000000E-01    0.117021142578125000000000000000000000000000E+05
    0.566796138882637023925781250000000000000000E-01    0.115345712890625000000000000000000000000000E+05
    0.578246153891086578369140625000000000000000E-01    0.113707587890625000000000000000000000000000E+05
    0.589927472174167633056640625000000000000000E-01    0.112114140625000000000000000000000000000000E+05
    0.601844787597656250000000000000000000000000E-01    0.110556337890625000000000000000000000000000E+05
    0.614003166556358337402343750000000000000000E-01    0.109008457031250000000000000000000000000000E+05
    0.626406818628311157226562500000000000000000E-01    0.107449414062500000000000000000000000000000E+05
    0.639061108231544494628906250000000000000000E-01    0.105896591796875000000000000000000000000000E+05
    0.651970952749252319335937500000000000000000E-01    0.103797041015625000000000000000000000000000E+05
    0.665141642093658447265625000000000000000000E-01    0.102121660156250000000000000000000000000000E+05
    0.678578317165374755859375000000000000000000E-01    0.100375322265625000000000000000000000000000E+05
    0.692286565899848937988281250000000000000000E-01    0.985469335937500000000000000000000000000000E+04
    0.706271678209304809570312500000000000000000E-01    0.966223828125000000000000000000000000000000E+04
    0.720539242029190063476562500000000000000000E-01    0.945896484375000000000000000000000000000000E+04
    0.735095068812370300292968750000000000000000E-01    0.923933496093750000000000000000000000000000E+04
    0.749944970011711120605468750000000000000000E-01    0.903791503906250000000000000000000000000000E+04
    0.765094906091690063476562500000000000000000E-01    0.879926367187500000000000000000000000000000E+04
    0.780550837516784667968750000000000000000000E-01    0.855051757812500000000000000000000000000000E+04
    0.796318948268890380859375000000000000000000E-01    0.829003125000000000000000000000000000000000E+04
    0.812405645847320556640625000000000000000000E-01    0.801980957031250000000000000000000000000000E+04
    0.828817337751388549804687500000000000000000E-01    0.774266650390625000000000000000000000000000E+04
    0.845560505986213684082031250000000000000000E-01    0.746158886718750000000000000000000000000000E+04
    0.862641930580139160156250000000000000000000E-01    0.718013085937500000000000000000000000000000E+04
    0.880068466067314147949218750000000000000000E-01    0.689917724609375000000000000000000000000000E+04
    0.897847041487693786621093750000000000000000E-01    0.662235302734375000000000000000000000000000E+04
    0.915984734892845153808593750000000000000000E-01    0.635256005859375000000000000000000000000000E+04
    0.934488773345947265625000000000000000000000E-01    0.609237988281250000000000000000000000000000E+04
    0.953366756439208984375000000000000000000000E-01    0.584364599609375000000000000000000000000000E+04
    0.972625985741615295410156250000000000000000E-01    0.560842333984375000000000000000000000000000E+04
    0.992274358868598937988281250000000000000000E-01    0.538822021484375000000000000000000000000000E+04
    0.101232007145881652832031250000000000000000E+00    0.518342285156250000000000000000000000000000E+04
    0.103277020156383514404296875000000000000000E+00    0.499593017578125000000000000000000000000000E+04
    0.105363354086875915527343750000000000000000E+00    0.482389111328125000000000000000000000000000E+04
    0.107491828501224517822265625000000000000000E+00    0.466977050781250000000000000000000000000000E+04
    0.109663315117359161376953125000000000000000E+00    0.452817480468750000000000000000000000000000E+04
    0.111878655850887298583984375000000000000000E+00    0.440181787109375000000000000000000000000000E+04
    0.114138752222061157226562500000000000000000E+00    0.428632958984375000000000000000000000000000E+04
    0.116444505751132965087890625000000000000000E+00    0.417979150390625000000000000000000000000000E+04
    0.118796832859516143798828125000000000000000E+00    0.407912158203125000000000000000000000000000E+04
    0.121196687221527099609375000000000000000000E+00    0.398116650390625000000000000000000000000000E+04
    0.123645029962062835693359375000000000000000E+00    0.388272338867187500000000000000000000000000E+04
    0.126142814755439758300781250000000000000000E+00    0.378071020507812500000000000000000000000000E+04
    0.128691077232360839843750000000000000000000E+00    0.367290258789062500000000000000000000000000E+04
    0.131290808320045471191406250000000000000000E+00    0.355670385742187500000000000000000000000000E+04
    0.133943051099777221679687500000000000000000E+00    0.343209545898437500000000000000000000000000E+04
    0.136648878455162048339843750000000000000000E+00    0.329804882812500000000000000000000000000000E+04
    0.139409363269805908203125000000000000000000E+00    0.315570117187500000000000000000000000000000E+04
    0.142225623130798339843750000000000000000000E+00    0.300650488281250000000000000000000000000000E+04
    0.145098760724067687988281250000000000000000E+00    0.285280639648437500000000000000000000000000E+04
    0.148029953241348266601562500000000000000000E+00    0.269807470703125000000000000000000000000000E+04
    0.151020348072052001953125000000000000000000E+00    0.254589892578125000000000000000000000000000E+04
    0.154071167111396789550781250000000000000000E+00    0.240028979492187500000000000000000000000000E+04
    0.157183602452278137207031250000000000000000E+00    0.226491503906250000000000000000000000000000E+04
    0.160358920693397521972656250000000000000000E+00    0.214269628906250000000000000000000000000000E+04
    0.163598373532295227050781250000000000000000E+00    0.203489404296875000000000000000000000000000E+04
    0.166903272271156311035156250000000000000000E+00    0.194163220214843750000000000000000000000000E+04
    0.170275032520294189453125000000000000000000E+00    0.186193188476562500000000000000000000000000E+04
    0.173714801669120788574218750000000000000000E+00    0.179411193847656250000000000000000000000000E+04
    0.177224084734916687011718750000000000000000E+00    0.173609472656250000000000000000000000000000E+04
    0.180804237723350524902343750000000000000000E+00    0.168535815429687500000000000000000000000000E+04
    0.184456720948219299316406250000000000000000E+00    0.163881640625000000000000000000000000000000E+04
    0.188182994723320007324218750000000000000000E+00    0.159304003906250000000000000000000000000000E+04
    0.191984534263610839843750000000000000000000E+00    0.154478198242187500000000000000000000000000E+04
    0.195862874388694763183593750000000000000000E+00    0.149169323730468750000000000000000000000000E+04
    0.199819564819335937500000000000000000000000E+00    0.143289025878906250000000000000000000000000E+04
    0.203856185078620910644531250000000000000000E+00    0.136891809082031250000000000000000000000000E+04
    0.207974359393119812011718750000000000000000E+00    0.130125720214843750000000000000000000000000E+04
    0.212175697088241577148437500000000000000000E+00    0.123206225585937500000000000000000000000000E+04
    0.216461926698684692382812500000000000000000E+00    0.116394567871093750000000000000000000000000E+04
    0.220834761857986450195312500000000000000000E+00    0.109971862792968750000000000000000000000000E+04
    0.225295916199684143066406250000000000000000E+00    0.104181738281250000000000000000000000000000E+04
    0.229847192764282226562500000000000000000000E+00    0.991479248046875000000000000000000000000000E+03
    0.234490394592285156250000000000000000000000E+00    0.948526611328125000000000000000000000000000E+03
    0.239227414131164550781250000000000000000000E+00    0.911735595703125000000000000000000000000000E+03
    0.244060128927230834960937500000000000000000E+00    0.879306213378906250000000000000000000000000E+03
    0.248990446329116821289062500000000000000000E+00    0.849303833007812500000000000000000000000000E+03
    0.254020392894744873046875000000000000000000E+00    0.819693298339843750000000000000000000000000E+03
    0.259151935577392578125000000000000000000000E+00    0.788624267578125000000000000000000000000000E+03
    0.264387160539627075195312500000000000000000E+00    0.755020019531250000000000000000000000000000E+03
    0.269728124141693115234375000000000000000000E+00    0.719031982421875000000000000000000000000000E+03
    0.275177001953125000000000000000000000000000E+00    0.681887695312500000000000000000000000000000E+03
    0.280736058950424194335937500000000000000000E+00    0.645311767578125000000000000000000000000000E+03
    0.286407291889190673828125000000000000000000E+00    0.610930053710937500000000000000000000000000E+03
    0.292193114757537841796875000000000000000000E+00    0.579946289062500000000000000000000000000000E+03
    0.298095792531967163085937500000000000000000E+00    0.552871765136718750000000000000000000000000E+03
    0.304117560386657714843750000000000000000000E+00    0.529310363769531250000000000000000000000000E+03
    0.310261309146881103515625000000000000000000E+00    0.508160491943359375000000000000000000000000E+03
    0.316528826951980590820312500000000000000000E+00    0.488146972656250000000000000000000000000000E+03
    0.322923272848129272460937500000000000000000E+00    0.468148162841796875000000000000000000000000E+03
    0.329446613788604736328125000000000000000000E+00    0.447391387939453125000000000000000000000000E+03
    0.336102008819580078125000000000000000000000E+00    0.425817138671875000000000000000000000000000E+03
    0.342891573905944824218750000000000000000000E+00    0.404114624023437500000000000000000000000000E+03
    0.349818587303161621093750000000000000000000E+00    0.383253021240234375000000000000000000000000E+03
    0.356885224580764770507812500000000000000000E+00    0.364024078369140625000000000000000000000000E+03
    0.364094972610473632812500000000000000000000E+00    0.346769622802734375000000000000000000000000E+03
    0.371450334787368774414062500000000000000000E+00    0.331270843505859375000000000000000000000000E+03
    0.378953933715820312500000000000000000000000E+00    0.316945129394531250000000000000000000000000E+03
    0.386609494686126708984375000000000000000000E+00    0.303120849609375000000000000000000000000000E+03
    0.394419312477111816406250000000000000000000E+00    0.289273895263671875000000000000000000000000E+03
    0.402387291193008422851562500000000000000000E+00    0.275334503173828125000000000000000000000000E+03
    0.410515844821929931640625000000000000000000E+00    0.261661346435546875000000000000000000000000E+03
    0.418809026479721069335937500000000000000000E+00    0.248670501708984375000000000000000000000000E+03
    0.427269339561462402343750000000000000000000E+00    0.236643798828125000000000000000000000000000E+03
    0.435900926589965820312500000000000000000000E+00    0.225592910766601562500000000000000000000000E+03
    0.444706469774246215820312500000000000000000E+00    0.215267272949218750000000000000000000000000E+03
    0.453690379858016967773437500000000000000000E+00    0.205387359619140625000000000000000000000000E+03
    0.462855309247970581054687500000000000000000E+00    0.195725662231445312500000000000000000000000E+03
    0.472205787897109985351562500000000000000000E+00    0.186263961791992187500000000000000000000000E+03
    0.481744766235351562500000000000000000000000E+00    0.177180236816406250000000000000000000000000E+03
    0.491476893424987792968750000000000000000000E+00    0.168602539062500000000000000000000000000000E+03
    0.501405119895935058593750000000000000000000E+00    0.160592346191406250000000000000000000000000E+03
    0.511534392833709716796875000000000000000000E+00    0.153058151245117187500000000000000000000000E+03
    0.521867811679840087890625000000000000000000E+00    0.145850280761718750000000000000000000000000E+03
    0.532410502433776855468750000000000000000000E+00    0.138897308349609375000000000000000000000000E+03
    0.543165624141693115234375000000000000000000E+00    0.132201156616210937500000000000000000000000E+03
    0.554138541221618652343750000000000000000000E+00    0.125828720092773437500000000000000000000000E+03
    0.565332591533660888671875000000000000000000E+00    0.119802627563476562500000000000000000000000E+03
    0.576753377914428710937500000000000000000000E+00    0.114112297058105468750000000000000000000000E+03
    0.588404297828674316406250000000000000000000E+00    0.108688850402832031250000000000000000000000E+03
    0.600291073322296142578125000000000000000000E+00    0.103494323730468750000000000000000000000000E+03
    0.612418055534362792968750000000000000000000E+00    0.985278167724609375000000000000000000000000E+02
    0.624789416790008544921875000000000000000000E+00    0.938025665283203125000000000000000000000000E+02
    0.637411296367645263671875000000000000000000E+00    0.893216018676757812500000000000000000000000E+02
    0.650287508964538574218750000000000000000000E+00    0.850643310546875000000000000000000000000000E+02
    0.663424491882324218750000000000000000000000E+00    0.810028839111328125000000000000000000000000E+02
    0.676826238632202148437500000000000000000000E+00    0.771305160522460937500000000000000000000000E+02
    0.690499365329742431640625000000000000000000E+00    0.734407806396484375000000000000000000000000E+02
    0.704448044300079345703125000000000000000000E+00    0.699363174438476562500000000000000000000000E+02
    0.718679130077362060546875000000000000000000E+00    0.666002426147460937500000000000000000000000E+02
    0.733197033405303955078125000000000000000000E+00    0.634243011474609375000000000000000000000000E+02
    0.748008966445922851562500000000000000000000E+00    0.603980979919433593750000000000000000000000E+02
    0.763119339942932128906250000000000000000000E+00    0.575170440673828125000000000000000000000000E+02
    0.778535783290863037109375000000000000000000E+00    0.547771606445312500000000000000000000000000E+02
    0.794262826442718505859375000000000000000000E+00    0.521672019958496093750000000000000000000000E+02
    0.810308396816253662109375000000000000000000E+00    0.496824607849121093750000000000000000000000E+02
    0.826677322387695312500000000000000000000000E+00    0.473167610168457031250000000000000000000000E+02
    0.843377590179443359375000000000000000000000E+00    0.450651931762695312500000000000000000000000E+02
    0.860414624214172363281250000000000000000000E+00    0.429214401245117187500000000000000000000000E+02
    0.877796530723571777343750000000000000000000E+00    0.408810348510742187500000000000000000000000E+02
    0.895528674125671386718750000000000000000000E+00    0.389377746582031250000000000000000000000000E+02
    0.913619995117187500000000000000000000000000E+00    0.370872955322265625000000000000000000000000E+02
    0.932075977325439453125000000000000000000000E+00    0.353264770507812500000000000000000000000000E+02
    0.950905561447143554687500000000000000000000E+00    0.336498451232910156250000000000000000000000E+02
    0.970114648342132568359375000000000000000000E+00    0.320533103942871093750000000000000000000000E+02
    0.989712655544281005859375000000000000000000E+00    0.305326080322265625000000000000000000000000E+02
    0.100970673561096191406250000000000000000000E+01    0.290844745635986328125000000000000000000000E+02
    0.103010356426239013671875000000000000000000E+01    0.277054767608642578125000000000000000000000E+02
    0.105091357231140136718750000000000000000000E+01    0.263921871185302734375000000000000000000000E+02
    0.107214283943176269531250000000000000000000E+01    0.251411666870117187500000000000000000000000E+02
    0.109380209445953369140625000000000000000000E+01    0.239496135711669921875000000000000000000000E+02
    0.111589777469635009765625000000000000000000E+01    0.228145408630371093750000000000000000000000E+02
    0.113844096660614013671875000000000000000000E+01    0.217334423065185546875000000000000000000000E+02
    0.116143846511840820312500000000000000000000E+01    0.207036571502685546875000000000000000000000E+02
    0.118490147590637207031250000000000000000000E+01    0.197228431701660156250000000000000000000000E+02
    0.120883750915527343750000000000000000000000E+01    0.187885417938232421875000000000000000000000E+02
    0.123325824737548828125000000000000000000000E+01    0.178984222412109375000000000000000000000000E+02
    0.125817120075225830078125000000000000000000E+01    0.170504970550537109375000000000000000000000E+02
    0.128358840942382812500000000000000000000000E+01    0.162424983978271484375000000000000000000000E+02
    0.130951797962188720703125000000000000000000E+01    0.154726200103759765625000000000000000000000E+02
    0.133597266674041748046875000000000000000000E+01    0.147391109466552734375000000000000000000000E+02
    0.136296045780181884765625000000000000000000E+01    0.140400371551513671875000000000000000000000E+02
    0.139049470424652099609375000000000000000000E+01    0.133740034103393554687500000000000000000000E+02
    0.141858386993408203125000000000000000000000E+01    0.127392902374267578125000000000000000000000E+02
    0.144724178314208984375000000000000000000000E+01    0.121344947814941406250000000000000000000000E+02
    0.147647726535797119140625000000000000000000E+01    0.115582981109619140625000000000000000000000E+02
    0.150630474090576171875000000000000000000000E+01    0.110092763900756835937500000000000000000000E+02
    0.153673338890075683593750000000000000000000E+01    0.104860067367553710937500000000000000000000E+02
    0.156777822971343994140625000000000000000000E+01    0.998725891113281250000000000000000000000000E+01
    0.159944856166839599609375000000000000000000E+01    0.951204395294189453125000000000000000000000E+01
    0.163176035881042480468750000000000000000000E+01    0.905924224853515625000000000000000000000000E+01
    0.166472315788269042968750000000000000000000E+01    0.862765598297119140625000000000000000000000E+01
    0.169835364818572998046875000000000000000000E+01    0.821648979187011718750000000000000000000000E+01
    0.173266339302062988281250000000000000000000E+01    0.782457399368286132812500000000000000000000E+01
    0.176766479015350341796875000000000000000000E+01    0.745107650756835937500000000000000000000000E+01
    0.180337476730346679687500000000000000000000E+01    0.709517335891723632812500000000000000000000E+01
    0.183980441093444824218750000000000000000000E+01    0.675599861145019531250000000000000000000000E+01
    0.187697184085845947265625000000000000000000E+01    0.643287944793701171875000000000000000000000E+01
    0.191488826274871826171875000000000000000000E+01    0.612495756149291992187500000000000000000000E+01
    0.195357239246368408203125000000000000000000E+01    0.583155822753906250000000000000000000000000E+01
    0.199303627014160156250000000000000000000000E+01    0.555200958251953125000000000000000000000000E+01
    0.203329920768737792968750000000000000000000E+01    0.528560352325439453125000000000000000000000E+01
    0.207437348365783691406250000000000000000000E+01    0.503178787231445312500000000000000000000000E+01
    0.211627960205078125000000000000000000000000E+01    0.478994512557983398437500000000000000000000E+01
    0.215903019905090332031250000000000000000000E+01    0.455951690673828125000000000000000000000000E+01
    0.220264649391174316406250000000000000000000E+01    0.433997201919555664062500000000000000000000E+01
    0.224714183807373046875000000000000000000000E+01    0.413085365295410156250000000000000000000000E+01
    0.229253816604614257812500000000000000000000E+01    0.393164896965026855468750000000000000000000E+01
    0.233884930610656738281250000000000000000000E+01    0.374188137054443359375000000000000000000000E+01
    0.238609838485717773437500000000000000000000E+01    0.356110525131225585937500000000000000000000E+01
    0.243429946899414062500000000000000000000000E+01    0.338890862464904785156250000000000000000000E+01
    0.248347663879394531250000000000000000000000E+01    0.322486805915832519531250000000000000000000E+01
    0.253364515304565429687500000000000000000000E+01    0.306865167617797851562500000000000000000000E+01
    0.258482933044433593750000000000000000000000E+01    0.291984343528747558593750000000000000000000E+01
    0.263704514503479003906250000000000000000000E+01    0.277814078330993652343750000000000000000000E+01
    0.269031810760498046875000000000000000000000E+01    0.264319539070129394531250000000000000000000E+01
    0.274466466903686523437500000000000000000000E+01    0.251468682289123535156250000000000000000000E+01
    0.280011177062988281250000000000000000000000E+01    0.239233255386352539062500000000000000000000E+01
    0.285667920112609863281250000000000000000000E+01    0.227580595016479492187500000000000000000000E+01
    0.291438651084899902343750000000000000000000E+01    0.216484689712524414062500000000000000000000E+01
    0.297326231002807617187500000000000000000000E+01    0.205921268463134765625000000000000000000000E+01
    0.303332471847534179687500000000000000000000E+01    0.195862507820129394531250000000000000000000E+01
    0.309460353851318359375000000000000000000000E+01    0.186289501190185546875000000000000000000000E+01
    0.315711688995361328125000000000000000000000E+01    0.177175283432006835937500000000000000000000E+01
    0.322089648246765136718750000000000000000000E+01    0.168498134613037109375000000000000000000000E+01
    0.328596115112304687500000000000000000000000E+01    0.160239255428314208984375000000000000000000E+01
    0.335234355926513671875000000000000000000000E+01    0.152377808094024658203125000000000000000000E+01
    0.342006349563598632812500000000000000000000E+01    0.144895350933074951171875000000000000000000E+01
    0.348915529251098632812500000000000000000000E+01    0.137774229049682617187500000000000000000000E+01
    0.355963897705078125000000000000000000000000E+01    0.130997288227081298828125000000000000000000E+01
    0.363155031204223632812500000000000000000000E+01    0.124548244476318359375000000000000000000000E+01
    0.370491051673889160156250000000000000000000E+01    0.118412005901336669921875000000000000000000E+01
    0.377975654602050781250000000000000000000000E+01    0.112572407722473144531250000000000000000000E+01
    0.385611033439636230468750000000000000000000E+01    0.107015442848205566406250000000000000000000E+01
    0.393401122093200683593750000000000000000000E+01    0.101728332042694091796875000000000000000000E+01
    0.401348161697387695312500000000000000000000E+01    0.966982007026672363281250000000000000000000E+00
    0.409456062316894531250000000000000000000000E+01    0.919138371944427490234375000000000000000000E+00
    0.417727470397949218750000000000000000000000E+01    0.873615622520446777343750000000000000000000E+00
    0.426166296005249023437500000000000000000000E+01    0.830314993858337402343750000000000000000000E+00
    0.434775209426879882812500000000000000000000E+01    0.789127469062805175781250000000000000000000E+00
    0.443558454513549804687500000000000000000000E+01    0.749948322772979736328125000000000000000000E+00
