    0.999999974737875163555145263671875000000000E-04    0.444123870849609375000000000000000000000000E+03
    0.102020130725577473640441894531250000000000E-03    0.452778900146484375000000000000000000000000E+03
    0.104081082099582999944686889648437500000000E-03    0.461602386474609375000000000000000000000000E+03
    0.106183659227099269628524780273437500000000E-03    0.470597564697265625000000000000000000000000E+03
    0.108328706119209527969360351562500000000000E-03    0.479767913818359375000000000000000000000000E+03
    0.110517095890827476978302001953125000000000E-03    0.489116668701171875000000000000000000000000E+03
    0.112749679828993976116180419921875000000000E-03    0.498647491455078125000000000000000000000000E+03
    0.115027374704368412494659423828125000000000E-03    0.508363616943359375000000000000000000000000E+03
    0.117351090011652559041976928710937500000000E-03    0.518268981933593750000000000000000000000000E+03
    0.119721727969590574502944946289062500000000E-03    0.528366882324218750000000000000000000000000E+03
    0.122140278108417987823486328125000000000000E-03    0.538661376953125000000000000000000000000000E+03
    0.124607671750709414482116699218750000000000E-03    0.549156188964843750000000000000000000000000E+03
    0.127124920254573225975036621093750000000000E-03    0.559855041503906250000000000000000000000000E+03
    0.129692998598329722881317138671875000000000E-03    0.570761962890625000000000000000000000000000E+03
    0.132312969071790575981140136718750000000000E-03    0.581880981445312500000000000000000000000000E+03
    0.134985879412852227687835693359375000000000E-03    0.593216369628906250000000000000000000000000E+03
    0.137712777359411120414733886718750000000000E-03    0.604772094726562500000000000000000000000000E+03
    0.140494754305109381675720214843750000000000E-03    0.616552490234375000000000000000000000000000E+03
    0.143332930747419595718383789062500000000000E-03    0.628561828613281250000000000000000000000000E+03
    0.146228456287644803524017333984375000000000E-03    0.640804748535156250000000000000000000000000E+03
    0.149182465975172817707061767578125000000000E-03    0.653285461425781250000000000000000000000000E+03
    0.152196153067052364349365234375000000000000E-03    0.666008666992187500000000000000000000000000E+03
    0.155270710820332169532775878906250000000000E-03    0.678979187011718750000000000000000000000000E+03
    0.158407390699721872806549072265625000000000E-03    0.692201721191406250000000000000000000000000E+03
    0.161607444169931113719940185546875000000000E-03    0.705681030273437500000000000000000000000000E+03
    0.164872122695669531822204589843750000000000E-03    0.719422119140625000000000000000000000000000E+03
    0.168202750501222908496856689453125000000000E-03    0.733430053710937500000000000000000000000000E+03
    0.171600666362792253494262695312500000000000E-03    0.747709960937500000000000000000000000000000E+03
    0.175067238160409033298492431640625000000000E-03    0.762267211914062500000000000000000000000000E+03
    0.178603833774104714393615722656250000000000E-03    0.777106689453125000000000000000000000000000E+03
    0.182211864739656448364257812500000000000000E-03    0.792234313964843750000000000000000000000000E+03
    0.185892800800502300262451171875000000000000E-03    0.807655456542968750000000000000000000000000E+03
    0.189648068044334650039672851562500000000000E-03    0.823375732421875000000000000000000000000000E+03
    0.193479223526082932949066162109375000000000E-03    0.839400878906250000000000000000000000000000E+03
    0.197387780644930899143218994140625000000000E-03    0.855736633300781250000000000000000000000000E+03
    0.201375267351977527141571044921875000000000E-03    0.872389160156250000000000000000000000000000E+03
    0.205443298909813165664672851562500000000000E-03    0.889364257812500000000000000000000000000000E+03
    0.209593548788689076900482177734375000000000E-03    0.906668457031250000000000000000000000000000E+03
    0.213827603147365152835845947265625000000000E-03    0.924307800292968750000000000000000000000000E+03
    0.218147222767584025859832763671875000000000E-03    0.942288818359375000000000000000000000000000E+03
    0.222554081119596958160400390625000000000000E-03    0.960617858886718750000000000000000000000000E+03
    0.227049968088977038860321044921875000000000E-03    0.979301696777343750000000000000000000000000E+03
    0.231636688113212585449218750000000000000000E-03    0.998347167968750000000000000000000000000000E+03
    0.236316060181707143783569335937500000000000E-03    0.101776092529296875000000000000000000000000E+04
    0.241089961491525173187255859375000000000000E-03    0.103755041503906250000000000000000000000000E+04
    0.245960312895476818084716796875000000000000E-03    0.105772204589843750000000000000000000000000E+04
    0.250929006142541766166687011718750000000000E-03    0.107828369140625000000000000000000000000000E+04
    0.255998136708512902259826660156250000000000E-03    0.109924267578125000000000000000000000000000E+04
    0.261169654550030827522277832031250000000000E-03    0.112060632324218750000000000000000000000000E+04
    0.266445596935227513313293457031250000000000E-03    0.114238269042968750000000000000000000000000E+04
    0.271828175755217671394348144531250000000000E-03    0.116457885742187500000000000000000000000000E+04
    0.277319486485794186592102050781250000000000E-03    0.118720349121093750000000000000000000000000E+04
    0.282921682810410857200622558593750000000000E-03    0.121026428222656250000000000000000000000000E+04
    0.288637093035504221916198730468750000000000E-03    0.123376953125000000000000000000000000000000E+04
    0.294467929052188992500305175781250000000000E-03    0.125772778320312500000000000000000000000000E+04
    0.300416606478393077850341796875000000000000E-03    0.128214709472656250000000000000000000000000E+04
    0.306485395412892103195190429687500000000000E-03    0.130703662109375000000000000000000000000000E+04
    0.312676827888935804367065429687500000000000E-03    0.133240502929687500000000000000000000000000E+04
    0.318993290420621633529663085937500000000000E-03    0.135826086425781250000000000000000000000000E+04
    0.325437402352690696716308593750000000000000E-03    0.138461401367187500000000000000000000000000E+04
    0.332011666614562273025512695312500000000000E-03    0.141147314453125000000000000000000000000000E+04
    0.338718760758638381958007812500000000000000E-03    0.143884802246093750000000000000000000000000E+04
    0.345561362337321043014526367187500000000000E-03    0.146674792480468750000000000000000000000000E+04
    0.352542119799181818962097167968750000000000E-03    0.149518286132812500000000000000000000000000E+04
    0.359663943527266383171081542968750000000000E-03    0.152416284179687500000000000000000000000000E+04
    0.366929627489298582077026367187500000000000E-03    0.155369738769531250000000000000000000000000E+04
    0.374342111172154545783996582031250000000000E-03    0.158379760742187500000000000000000000000000E+04
    0.381904304958879947662353515625000000000000E-03    0.161447314453125000000000000000000000000000E+04
    0.389619322959333658218383789062500000000000E-03    0.164573474121093750000000000000000000000000E+04
    0.397490162868052721023559570312500000000000E-03    0.167759375000000000000000000000000000000000E+04
    0.405519997002556920051574707031250000000000E-03    0.171006042480468750000000000000000000000000E+04
    0.413712026784196496009826660156250000000000E-03    0.174314611816406250000000000000000000000000E+04
    0.422069540945813059806823730468750000000000E-03    0.177686218261718750000000000000000000000000E+04
    0.430595915531739592552185058593750000000000E-03    0.181121984863281250000000000000000000000000E+04
    0.439294555690139532089233398437500000000000E-03    0.184623095703125000000000000000000000000000E+04
    0.448168895673006772994995117187500000000000E-03    0.188190759277343750000000000000000000000000E+04
    0.457222486147657036781311035156250000000000E-03    0.191826135253906250000000000000000000000000E+04
    0.466458965092897415161132812500000000000000E-03    0.195530456542968750000000000000000000000000E+04
    0.475882086902856826782226562500000000000000E-03    0.199304968261718750000000000000000000000000E+04
    0.485495518660172820091247558593750000000000E-03    0.203150939941406250000000000000000000000000E+04
    0.495303189381957054138183593750000000000000E-03    0.207069628906250000000000000000000000000000E+04
    0.505309028085321187973022460937500000000000E-03    0.211062329101562500000000000000000000000000E+04
    0.515516963787376880645751953125000000000000E-03    0.215130322265625000000000000000000000000000E+04
    0.525931071024388074874877929687500000000000E-03    0.219275048828125000000000000000000000000000E+04
    0.536555540747940540313720703125000000000000E-03    0.223497729492187500000000000000000000000000E+04
    0.547394680324941873550415039062500000000000E-03    0.227799853515625000000000000000000000000000E+04
    0.558452797122299671173095703125000000000000E-03    0.232182714843750000000000000000000000000000E+04
    0.569734314922243356704711914062500000000000E-03    0.236647827148437500000000000000000000000000E+04
    0.581243715714663267135620117187500000000000E-03    0.241196533203125000000000000000000000000000E+04
    0.592985597904771566390991210937500000000000E-03    0.245830346679687500000000000000000000000000E+04
    0.604964734520763158798217773437500000000000E-03    0.250550659179687500000000000000000000000000E+04
    0.617185782175511121749877929687500000000000E-03    0.255359033203125000000000000000000000000000E+04
    0.629653746727854013442993164062500000000000E-03    0.260257006835937500000000000000000000000000E+04
    0.642373692244291305541992187500000000000000E-03    0.265246020507812500000000000000000000000000E+04
    0.655350449960678815841674804687500000000000E-03    0.270327661132812500000000000000000000000000E+04
    0.668589433189481496810913085937500000000000E-03    0.275503466796875000000000000000000000000000E+04
    0.682095822412520647048950195312500000000000E-03    0.280775097656250000000000000000000000000000E+04
    0.695875030942261219024658203125000000000000E-03    0.286144116210937500000000000000000000000000E+04
    0.709932646714150905609130859375000000000000E-03    0.291612133789062500000000000000000000000000E+04
    0.724274199455976486206054687500000000000000E-03    0.297180834960937500000000000000000000000000E+04
    0.738905626349151134490966796875000000000000E-03    0.302851904296875000000000000000000000000000E+04
    0.753832457121461629867553710937500000000000E-03    0.308626928710937500000000000000000000000000E+04
    0.769060861784964799880981445312500000000000E-03    0.314507666015625000000000000000000000000000E+04
    0.784596893936395645141601562500000000000000E-03    0.320495898437500000000000000000000000000000E+04
    0.800446781795471906661987304687500000000000E-03    0.326593261718750000000000000000000000000000E+04
    0.816616869997233152389526367187500000000000E-03    0.332801586914062500000000000000000000000000E+04
    0.833113677799701690673828125000000000000000E-03    0.339122583007812500000000000000000000000000E+04
    0.849943608045578002929687500000000000000000E-03    0.345558056640625000000000000000000000000000E+04
    0.867113587446510791778564453125000000000000E-03    0.352109863281250000000000000000000000000000E+04
    0.884630659129470586776733398437500000000000E-03    0.358779809570312500000000000000000000000000E+04
    0.902501342352479696273803710937500000000000E-03    0.365569628906250000000000000000000000000000E+04
    0.920733029488474130630493164062500000000000E-03    0.372481323242187500000000000000000000000000E+04
    0.939333112910389900207519531250000000000000E-03    0.379516650390625000000000000000000000000000E+04
    0.958308868575841188430786132812500000000000E-03    0.386677465820312500000000000000000000000000E+04
    0.977667979896068572998046875000000000000000E-03    0.393965795898437500000000000000000000000000E+04
    0.997418188489973545074462890625000000000000E-03    0.401383374023437500000000000000000000000000E+04
    0.101756735239177942276000976562500000000000E-02    0.408932250976562500000000000000000000000000E+04
    0.103812362067401409149169921875000000000000E-02    0.416614257812500000000000000000000000000000E+04
    0.105909502599388360977172851562500000000000E-02    0.424431396484375000000000000000000000000000E+04
    0.108049006666988134384155273437500000000000E-02    0.432385449218750000000000000000000000000000E+04
    0.110231747385114431381225585937500000000000E-02    0.440478564453125000000000000000000000000000E+04
    0.112458574585616588592529296875000000000000E-02    0.448712548828125000000000000000000000000000E+04
    0.114730407949537038803100585937500000000000E-02    0.457089453125000000000000000000000000000000E+04
    0.117048120591789484024047851562500000000000E-02    0.465611132812500000000000000000000000000000E+04
    0.119412643834948539733886718750000000000000E-02    0.474279638671875000000000000000000000000000E+04
    0.121824943926185369491577148437500000000000E-02    0.483096826171875000000000000000000000000000E+04
    0.124285963829606771469116210937500000000000E-02    0.492064599609375000000000000000000000000000E+04
    0.126796704716980457305908203125000000000000E-02    0.501185156250000000000000000000000000000000E+04
    0.129358167760074138641357421875000000000000E-02    0.510460351562500000000000000000000000000000E+04
    0.131971365772187709808349609375000000000000E-02    0.519891943359375000000000000000000000000000E+04
    0.134637358132749795913696289062500000000000E-02    0.529482080078125000000000000000000000000000E+04
    0.137357215862721204757690429687500000000000E-02    0.539232714843750000000000000000000000000000E+04
    0.140132009983062744140625000000000000000000E-02    0.549145556640625000000000000000000000000000E+04
    0.142962858080863952636718750000000000000000E-02    0.559222705078125000000000000000000000000000E+04
    0.145850901026278734207153320312500000000000E-02    0.569466064453125000000000000000000000000000E+04
    0.148797314614057540893554687500000000000000E-02    0.579877343750000000000000000000000000000000E+04
    0.151803228072822093963623046875000000000000E-02    0.590458496093750000000000000000000000000000E+04
    0.154869852121919393539428710937500000000000E-02    0.601211425781250000000000000000000000000000E+04
    0.157998420763760805130004882812500000000000E-02    0.612137939453125000000000000000000000000000E+04
    0.161190202925354242324829101562500000000000E-02    0.623239941406250000000000000000000000000000E+04
    0.164446467533707618713378906250000000000000E-02    0.634519091796875000000000000000000000000000E+04
    0.167768495157361030578613281250000000000000E-02    0.645976953125000000000000000000000000000000E+04
    0.171157636214047670364379882812500000000000E-02    0.657615380859375000000000000000000000000000E+04
    0.174615241121500730514526367187500000000000E-02    0.669436132812500000000000000000000000000000E+04
    0.178142718505114316940307617187500000000000E-02    0.681440576171875000000000000000000000000000E+04
    0.181741418782621622085571289062500000000000E-02    0.693630371093750000000000000000000000000000E+04
    0.185412843711674213409423828125000000000000E-02    0.706007226562500000000000000000000000000000E+04
    0.189158413559198379516601562500000000000000E-02    0.718572460937500000000000000000000000000000E+04
    0.192979711573570966720581054687500000000000E-02    0.731327539062500000000000000000000000000000E+04
    0.196878169663250446319580078125000000000000E-02    0.744273828125000000000000000000000000000000E+04
    0.200855359435081481933593750000000000000000E-02    0.757412597656250000000000000000000000000000E+04
    0.204912899062037467956542968750000000000000E-02    0.770745410156250000000000000000000000000000E+04
    0.209052418358623981475830078125000000000000E-02    0.784273193359375000000000000000000000000000E+04
    0.213275570422410964965820312500000000000000E-02    0.797997119140625000000000000000000000000000E+04
    0.217583985067903995513916015625000000000000E-02    0.811918164062500000000000000000000000000000E+04
    0.221979478374123573303222656250000000000000E-02    0.826037597656250000000000000000000000000000E+04
    0.226463773287832736968994140625000000000000E-02    0.840356152343750000000000000000000000000000E+04
    0.231038639321923255920410156250000000000000E-02    0.854874511718750000000000000000000000000000E+04
    0.235705915838479995727539062500000000000000E-02    0.869593457031250000000000000000000000000000E+04
    0.240467488765716552734375000000000000000000E-02    0.884513769531250000000000000000000000000000E+04
    0.245325244031846523284912109375000000000000E-02    0.899636035156250000000000000000000000000000E+04
    0.250281183980405330657958984375000000000000E-02    0.914960546875000000000000000000000000000000E+04
    0.255337217822670936584472656250000000000000E-02    0.930487500000000000000000000000000000000000E+04
    0.260495371185243129730224609375000000000000E-02    0.946217480468750000000000000000000000000000E+04
    0.265757716260850429534912109375000000000000E-02    0.962150292968750000000000000000000000000000E+04
    0.271126371808350086212158203125000000000000E-02    0.978286035156250000000000000000000000000000E+04
    0.276603479869663715362548828125000000000000E-02    0.994624414062500000000000000000000000000000E+04
    0.282191229052841663360595703125000000000000E-02    0.101116533203125000000000000000000000000000E+05
    0.287891877815127372741699218750000000000000E-02    0.102790830078125000000000000000000000000000E+05
    0.293707661330699920654296875000000000000000E-02    0.104485302734375000000000000000000000000000E+05
    0.299640954472124576568603515625000000000000E-02    0.106199843750000000000000000000000000000000E+05
    0.305694085545837879180908203125000000000000E-02    0.107934375000000000000000000000000000000000E+05
    0.311869522556662559509277343750000000000000E-02    0.109688808593750000000000000000000000000000E+05
    0.318169780075550079345703125000000000000000E-02    0.111463037109375000000000000000000000000000E+05
    0.324597232975065708160400390625000000000000E-02    0.113256884765625000000000000000000000000000E+05
    0.331154512241482734680175781250000000000000E-02    0.115070244140625000000000000000000000000000E+05
    0.337844272144138813018798828125000000000000E-02    0.116902949218750000000000000000000000000000E+05
    0.344669190235435962677001953125000000000000E-02    0.118754775390625000000000000000000000000000E+05
    0.351631967350840568542480468750000000000000E-02    0.120625517578125000000000000000000000000000E+05
    0.358735374175012111663818359375000000000000E-02    0.122514970703125000000000000000000000000000E+05
    0.365982321090996265411376953125000000000000E-02    0.124422900390625000000000000000000000000000E+05
    0.373375625349581241607666015625000000000000E-02    0.126348984375000000000000000000000000000000E+05
    0.380918313749134540557861328125000000000000E-02    0.128292949218750000000000000000000000000000E+05
    0.388613343238830566406250000000000000000000E-02    0.130254521484375000000000000000000000000000E+05
    0.396463880315423011779785156250000000000000E-02    0.132233320312500000000000000000000000000000E+05
    0.404472928494215011596679687500000000000000E-02    0.134229003906250000000000000000000000000000E+05
    0.412643933668732643127441406250000000000000E-02    0.136241152343750000000000000000000000000000E+05
    0.420979922637343406677246093750000000000000E-02    0.138269365234375000000000000000000000000000E+05
    0.429484248161315917968750000000000000000000E-02    0.140313232421875000000000000000000000000000E+05
    0.438160402700304985046386718750000000000000E-02    0.142372275390625000000000000000000000000000E+05
    0.447011832147836685180664062500000000000000E-02    0.144445976562500000000000000000000000000000E+05
    0.456042028963565826416015625000000000000000E-02    0.146533828125000000000000000000000000000000E+05
    0.465254718437790870666503906250000000000000E-02    0.148635292968750000000000000000000000000000E+05
    0.474653439596295356750488281250000000000000E-02    0.150749746093750000000000000000000000000000E+05
    0.484242103993892669677734375000000000000000E-02    0.152876582031250000000000000000000000000000E+05
    0.494024436920881271362304687500000000000000E-02    0.155015156250000000000000000000000000000000E+05
    0.504004349932074546813964843750000000000000E-02    0.157164814453125000000000000000000000000000E+05
    0.514185894280672073364257812500000000000000E-02    0.159324765625000000000000000000000000000000E+05
    0.524573167786002159118652343750000000000000E-02    0.161494345703125000000000000000000000000000E+05
    0.535170361399650573730468750000000000000000E-02    0.163672675781250000000000000000000000000000E+05
    0.545981479808688163757324218750000000000000E-02    0.165858984375000000000000000000000000000000E+05
    0.557011039927601814270019531250000000000000E-02    0.168052402343750000000000000000000000000000E+05
    0.568263372406363487243652343750000000000000E-02    0.170251718750000000000000000000000000000000E+05
    0.579743087291717529296875000000000000000000E-02    0.172464003906250000000000000000000000000000E+05
    0.591454654932022094726562500000000000000000E-02    0.174672890625000000000000000000000000000000E+05
    0.603402825072407722473144531250000000000000E-02    0.176885078125000000000000000000000000000000E+05
    0.615592347458004951477050781250000000000000E-02    0.179099375000000000000000000000000000000000E+05
    0.628028111532330513000488281250000000000000E-02    0.181314707031250000000000000000000000000000E+05
    0.640715099871158599853515625000000000000000E-02    0.183529824218750000000000000000000000000000E+05
    0.653658434748649597167968750000000000000000E-02    0.185743632812500000000000000000000000000000E+05
    0.666863145306706428527832031250000000000000E-02    0.187954843750000000000000000000000000000000E+05
    0.680334679782390594482421875000000000000000E-02    0.190162109375000000000000000000000000000000E+05
    0.694078346714377403259277343750000000000000E-02    0.192364199218750000000000000000000000000000E+05
    0.708099640905857086181640625000000000000000E-02    0.194559628906250000000000000000000000000000E+05
    0.722404150292277336120605468750000000000000E-02    0.196747109375000000000000000000000000000000E+05
    0.736997742205858230590820312500000000000000E-02    0.198926113281250000000000000000000000000000E+05
    0.751886051148176193237304687500000000000000E-02    0.201093085937500000000000000000000000000000E+05
    0.767075084149837493896484375000000000000000E-02    0.203247480468750000000000000000000000000000E+05
    0.782571360468864440917968750000000000000000E-02    0.205387675781250000000000000000000000000000E+05
    0.798380374908447265625000000000000000000000E-02    0.207512031250000000000000000000000000000000E+05
    0.814508739858865737915039062500000000000000E-02    0.209618828125000000000000000000000000000000E+05
    0.830962881445884704589843750000000000000000E-02    0.211706328125000000000000000000000000000000E+05
    0.847749505192041397094726562500000000000000E-02    0.213772714843750000000000000000000000000000E+05
    0.864875130355358123779296875000000000000000E-02    0.215816113281250000000000000000000000000000E+05
    0.882346741855144500732421875000000000000000E-02    0.217834609375000000000000000000000000000000E+05
    0.900171231478452682495117187500000000000000E-02    0.219825332031250000000000000000000000000000E+05
    0.918355956673622131347656250000000000000000E-02    0.221787949218750000000000000000000000000000E+05
    0.936907902359962463378906250000000000000000E-02    0.223719609375000000000000000000000000000000E+05
    0.955834705382585525512695312500000000000000E-02    0.225618144531250000000000000000000000000000E+05
    0.975143909454345703125000000000000000000000E-02    0.227481347656250000000000000000000000000000E+05
    0.994843058288097381591796875000000000000000E-02    0.229307011718750000000000000000000000000000E+05
    0.101494016125798225402832031250000000000000E-01    0.231092773437500000000000000000000000000000E+05
    0.103544332087039947509765625000000000000000E-01    0.232836347656250000000000000000000000000000E+05
    0.105636063963174819946289062500000000000000E-01    0.234535292968750000000000000000000000000000E+05
    0.107770059257745742797851562500000000000000E-01    0.236187714843750000000000000000000000000000E+05
    0.109947146847844123840332031250000000000000E-01    0.237790117187500000000000000000000000000000E+05
    0.112168220803141593933105468750000000000000E-01    0.239340507812500000000000000000000000000000E+05
    0.114434175193309783935546875000000000000000E-01    0.240836171875000000000000000000000000000000E+05
    0.116745894774794578552246093750000000000000E-01    0.242274746093750000000000000000000000000000E+05
    0.119104310870170593261718750000000000000000E-01    0.243653398437500000000000000000000000000000E+05
    0.121510382741689682006835937500000000000000E-01    0.244969570312500000000000000000000000000000E+05
    0.123965051025152206420898437500000000000000E-01    0.246220332031250000000000000000000000000000E+05
    0.126469302922487258911132812500000000000000E-01    0.247403300781250000000000000000000000000000E+05
    0.129024153575301170349121093750000000000000E-01    0.248515585937500000000000000000000000000000E+05
    0.131630674004554748535156250000000000000000E-01    0.249554453125000000000000000000000000000000E+05
    0.134289795532822608947753906250000000000000E-01    0.250517011718750000000000000000000000000000E+05
    0.137002617120742797851562500000000000000000E-01    0.251400585937500000000000000000000000000000E+05
    0.139770256355404853820800781250000000000000E-01    0.252202343750000000000000000000000000000000E+05
    0.142593793570995330810546875000000000000000E-01    0.252919433593750000000000000000000000000000E+05
    0.145474374294281005859375000000000000000000E-01    0.253549121093750000000000000000000000000000E+05
    0.148413162678480148315429687500000000000000E-01    0.254088652343750000000000000000000000000000E+05
    0.151411294937133789062500000000000000000000E-01    0.254535351562500000000000000000000000000000E+05
    0.154470009729266166687011718750000000000000E-01    0.254886562500000000000000000000000000000000E+05
    0.157590489834547042846679687500000000000000E-01    0.255139628906250000000000000000000000000000E+05
    0.160774048417806625366210937500000000000000E-01    0.255292070312500000000000000000000000000000E+05
    0.164021886885166168212890625000000000000000E-01    0.255341328125000000000000000000000000000000E+05
    0.167335346341133117675781250000000000000000E-01    0.255285156250000000000000000000000000000000E+05
    0.170715730637311935424804687500000000000000E-01    0.255121152343750000000000000000000000000000E+05
    0.174164418131113052368164062500000000000000E-01    0.254847187500000000000000000000000000000000E+05
    0.177682787179946899414062500000000000000000E-01    0.254461210937500000000000000000000000000000E+05
    0.181272197514772415161132812500000000000000E-01    0.253961367187500000000000000000000000000000E+05
    0.184934139251708984375000000000000000000000E-01    0.253345839843750000000000000000000000000000E+05
    0.188670046627521514892578125000000000000000E-01    0.252613183593750000000000000000000000000000E+05
    0.192481447011232376098632812500000000000000E-01    0.251761953125000000000000000000000000000000E+05
    0.196369830518960952758789062500000000000000E-01    0.250791015625000000000000000000000000000000E+05
    0.200336743146181106567382812500000000000000E-01    0.249699550781250000000000000000000000000000E+05
    0.204383805394172668457031250000000000000000E-01    0.248486835937500000000000000000000000000000E+05
    0.208512637764215469360351562500000000000000E-01    0.247152500000000000000000000000000000000000E+05
    0.212724860757589340209960937500000000000000E-01    0.245696367187500000000000000000000000000000E+05
    0.217022281140089035034179687500000000000000E-01    0.244118652343750000000000000000000000000000E+05
    0.221406426280736923217773437500000000000000E-01    0.242419824218750000000000000000000000000000E+05
    0.225879121571779251098632812500000000000000E-01    0.240600820312500000000000000000000000000000E+05
    0.230442192405462265014648437500000000000000E-01    0.238662714843750000000000000000000000000000E+05
    0.235097426921129226684570312500000000000000E-01    0.236607226562500000000000000000000000000000E+05
    0.239846706390380859375000000000000000000000E-01    0.234436230468750000000000000000000000000000E+05
    0.244691912084817886352539062500000000000000E-01    0.232152148437500000000000000000000000000000E+05
    0.249635018408298492431640625000000000000000E-01    0.229757734375000000000000000000000000000000E+05
    0.254677981138229370117187500000000000000000E-01    0.227256230468750000000000000000000000000000E+05
    0.259822811931371688842773437500000000000000E-01    0.224651347656250000000000000000000000000000E+05
    0.265071578323841094970703125000000000000000E-01    0.221947167968750000000000000000000000000000E+05
    0.270426385104656219482421875000000000000000E-01    0.219148320312500000000000000000000000000000E+05
    0.275889337062835693359375000000000000000000E-01    0.216259921875000000000000000000000000000000E+05
    0.281462669372558593750000000000000000000000E-01    0.213287304687500000000000000000000000000000E+05
    0.287148579955101013183593750000000000000000E-01    0.210236816406250000000000000000000000000000E+05
    0.292949359863996505737304687500000000000000E-01    0.207114843750000000000000000000000000000000E+05
    0.298867337405681610107421875000000000000000E-01    0.203928183593750000000000000000000000000000E+05
    0.304904840886592864990234375000000000000000E-01    0.200684257812500000000000000000000000000000E+05
    0.311064328998327255249023437500000000000000E-01    0.197390898437500000000000000000000000000000E+05
    0.317348241806030273437500000000000000000000E-01    0.194056191406250000000000000000000000000000E+05
    0.323759093880653381347656250000000000000000E-01    0.190688710937500000000000000000000000000000E+05
    0.330299474298954010009765625000000000000000E-01    0.187296816406250000000000000000000000000000E+05
    0.336971953511238098144531250000000000000000E-01    0.183885390625000000000000000000000000000000E+05
    0.343779213726520538330078125000000000000000E-01    0.180404804687500000000000000000000000000000E+05
    0.350724011659622192382812500000000000000000E-01    0.179023691406250000000000000000000000000000E+05
    0.357809104025363922119140625000000000000000E-01    0.175652949218750000000000000000000000000000E+05
    0.365037508308887481689453125000000000000000E-01    0.172325507812500000000000000000000000000000E+05
    0.372411720454692840576171875000000000000000E-01    0.169023632812500000000000000000000000000000E+05
    0.379934944212436676025390625000000000000000E-01    0.165723183593750000000000000000000000000000E+05
    0.387610122561454772949218750000000000000000E-01    0.162468369140625000000000000000000000000000E+05
    0.395440347492694854736328125000000000000000E-01    0.159270234375000000000000000000000000000000E+05
    0.403428785502910614013671875000000000000000E-01    0.156139150390625000000000000000000000000000E+05
    0.411578565835952758789062500000000000000000E-01    0.153084287109375000000000000000000000000000E+05
    0.419893004000186920166015625000000000000000E-01    0.150113896484375000000000000000000000000000E+05
    0.428375415503978729248046875000000000000000E-01    0.147235087890625000000000000000000000000000E+05
    0.437029153108596801757812500000000000000000E-01    0.144443466796875000000000000000000000000000E+05
    0.445857718586921691894531250000000000000000E-01    0.140606660156250000000000000000000000000000E+05
    0.454864650964736938476562500000000000000000E-01    0.137953281250000000000000000000000000000000E+05
    0.464053489267826080322265625000000000000000E-01    0.135458398437500000000000000000000000000000E+05
    0.473427996039390563964843750000000000000000E-01    0.133074121093750000000000000000000000000000E+05
    0.482991859316825866699218750000000000000000E-01    0.130795058593750000000000000000000000000000E+05
    0.492748916149139404296875000000000000000000E-01    0.128617441406250000000000000000000000000000E+05
    0.502703115344047546386718750000000000000000E-01    0.126536181640625000000000000000000000000000E+05
    0.512858368456363677978515625000000000000000E-01    0.124546054687500000000000000000000000000000E+05
    0.523218810558319091796875000000000000000000E-01    0.122641269531250000000000000000000000000000E+05
    0.533788502216339111328125000000000000000000E-01    0.120818779296875000000000000000000000000000E+05
    0.544571764767169952392578125000000000000000E-01    0.119730488281250000000000000000000000000000E+05
    0.555572807788848876953125000000000000000000E-01    0.118077353515625000000000000000000000000000E+05
    0.566796138882637023925781250000000000000000E-01    0.116445556640625000000000000000000000000000E+05
    0.578246153891086578369140625000000000000000E-01    0.114853945312500000000000000000000000000000E+05
    0.589927472174167633056640625000000000000000E-01    0.113295039062500000000000000000000000000000E+05
    0.601844787597656250000000000000000000000000E-01    0.111759033203125000000000000000000000000000E+05
    0.614003166556358337402343750000000000000000E-01    0.110235234375000000000000000000000000000000E+05
    0.626406818628311157226562500000000000000000E-01    0.108725830078125000000000000000000000000000E+05
    0.639061108231544494628906250000000000000000E-01    0.107237060546875000000000000000000000000000E+05
    0.651970952749252319335937500000000000000000E-01    0.105278886718750000000000000000000000000000E+05
    0.665141642093658447265625000000000000000000E-01    0.103685000000000000000000000000000000000000E+05
    0.678578317165374755859375000000000000000000E-01    0.102025947265625000000000000000000000000000E+05
    0.692286565899848937988281250000000000000000E-01    0.100288203125000000000000000000000000000000E+05
    0.706271678209304809570312500000000000000000E-01    0.984557519531250000000000000000000000000000E+04
    0.720539242029190063476562500000000000000000E-01    0.965141894531250000000000000000000000000000E+04
    0.735095068812370300292968750000000000000000E-01    0.944469726562500000000000000000000000000000E+04
    0.749944970011711120605468750000000000000000E-01    0.924813281250000000000000000000000000000000E+04
    0.765094906091690063476562500000000000000000E-01    0.901815722656250000000000000000000000000000E+04
    0.780550837516784667968750000000000000000000E-01    0.877651367187500000000000000000000000000000E+04
    0.796318948268890380859375000000000000000000E-01    0.852422753906250000000000000000000000000000E+04
    0.812405645847320556640625000000000000000000E-01    0.826310351562500000000000000000000000000000E+04
    0.828817337751388549804687500000000000000000E-01    0.799654052734375000000000000000000000000000E+04
    0.845560505986213684082031250000000000000000E-01    0.772500781250000000000000000000000000000000E+04
    0.862641930580139160156250000000000000000000E-01    0.745239990234375000000000000000000000000000E+04
    0.880068466067314147949218750000000000000000E-01    0.718170117187500000000000000000000000000000E+04
    0.897847041487693786621093750000000000000000E-01    0.691577685546875000000000000000000000000000E+04
    0.915984734892845153808593750000000000000000E-01    0.665730078125000000000000000000000000000000E+04
    0.934488773345947265625000000000000000000000E-01    0.640868554687500000000000000000000000000000E+04
    0.953366756439208984375000000000000000000000E-01    0.617202099609375000000000000000000000000000E+04
    0.972625985741615295410156250000000000000000E-01    0.594906494140625000000000000000000000000000E+04
    0.992274358868598937988281250000000000000000E-01    0.574125048828125000000000000000000000000000E+04
    0.101232007145881652832031250000000000000000E+00    0.554958789062500000000000000000000000000000E+04
    0.103277020156383514404296875000000000000000E+00    0.537468554687500000000000000000000000000000E+04
    0.105363354086875915527343750000000000000000E+00    0.521675048828125000000000000000000000000000E+04
    0.107491828501224517822265625000000000000000E+00    0.507551074218750000000000000000000000000000E+04
    0.109663315117359161376953125000000000000000E+00    0.495015673828125000000000000000000000000000E+04
    0.111878655850887298583984375000000000000000E+00    0.483928515625000000000000000000000000000000E+04
    0.114138752222061157226562500000000000000000E+00    0.474086230468750000000000000000000000000000E+04
    0.116444505751132965087890625000000000000000E+00    0.465223535156250000000000000000000000000000E+04
    0.118796832859516143798828125000000000000000E+00    0.457021142578125000000000000000000000000000E+04
    0.121196687221527099609375000000000000000000E+00    0.449122753906250000000000000000000000000000E+04
    0.123645029962062835693359375000000000000000E+00    0.441161035156250000000000000000000000000000E+04
    0.126142814755439758300781250000000000000000E+00    0.432788818359375000000000000000000000000000E+04
    0.128691077232360839843750000000000000000000E+00    0.423711767578125000000000000000000000000000E+04
    0.131290808320045471191406250000000000000000E+00    0.413714257812500000000000000000000000000000E+04
    0.133943051099777221679687500000000000000000E+00    0.402672460937500000000000000000000000000000E+04
    0.136648878455162048339843750000000000000000E+00    0.390556713867187500000000000000000000000000E+04
    0.139409363269805908203125000000000000000000E+00    0.377415942382812500000000000000000000000000E+04
    0.142225623130798339843750000000000000000000E+00    0.363399902343750000000000000000000000000000E+04
    0.145098760724067687988281250000000000000000E+00    0.348747363281250000000000000000000000000000E+04
    0.148029953241348266601562500000000000000000E+00    0.333736987304687500000000000000000000000000E+04
    0.151020348072052001953125000000000000000000E+00    0.318764794921875000000000000000000000000000E+04
    0.154071167111396789550781250000000000000000E+00    0.304262060546875000000000000000000000000000E+04
    0.157183602452278137207031250000000000000000E+00    0.290648583984375000000000000000000000000000E+04
    0.160358920693397521972656250000000000000000E+00    0.278260498046875000000000000000000000000000E+04
    0.163598373532295227050781250000000000000000E+00    0.267293188476562500000000000000000000000000E+04
    0.166903272271156311035156250000000000000000E+00    0.257782910156250000000000000000000000000000E+04
    0.170275032520294189453125000000000000000000E+00    0.249631689453125000000000000000000000000000E+04
    0.173714801669120788574218750000000000000000E+00    0.242654589843750000000000000000000000000000E+04
    0.177224084734916687011718750000000000000000E+00    0.236616577148437500000000000000000000000000E+04
    0.180804237723350524902343750000000000000000E+00    0.231239306640625000000000000000000000000000E+04
    0.184456720948219299316406250000000000000000E+00    0.226192382812500000000000000000000000000000E+04
    0.188182994723320007324218750000000000000000E+00    0.221103833007812500000000000000000000000000E+04
    0.191984534263610839843750000000000000000000E+00    0.215614868164062500000000000000000000000000E+04
    0.195862874388694763183593750000000000000000E+00    0.209462158203125000000000000000000000000000E+04
    0.199819564819335937500000000000000000000000E+00    0.202538610839843750000000000000000000000000E+04
    0.203856185078620910644531250000000000000000E+00    0.194907019042968750000000000000000000000000E+04
    0.207974359393119812011718750000000000000000E+00    0.186756494140625000000000000000000000000000E+04
    0.212175697088241577148437500000000000000000E+00    0.178369665527343750000000000000000000000000E+04
    0.216461926698684692382812500000000000000000E+00    0.170089807128906250000000000000000000000000E+04
    0.220834761857986450195312500000000000000000E+00    0.162272277832031250000000000000000000000000E+04
    0.225295916199684143066406250000000000000000E+00    0.155206188964843750000000000000000000000000E+04
    0.229847192764282226562500000000000000000000E+00    0.149038745117187500000000000000000000000000E+04
    0.234490394592285156250000000000000000000000E+00    0.143754345703125000000000000000000000000000E+04
    0.239227414131164550781250000000000000000000E+00    0.139213305664062500000000000000000000000000E+04
    0.244060128927230834960937500000000000000000E+00    0.135203161621093750000000000000000000000000E+04
    0.248990446329116821289062500000000000000000E+00    0.131465661621093750000000000000000000000000E+04
    0.254020392894744873046875000000000000000000E+00    0.127720275878906250000000000000000000000000E+04
    0.259151935577392578125000000000000000000000E+00    0.123721643066406250000000000000000000000000E+04
    0.264387160539627075195312500000000000000000E+00    0.119340368652343750000000000000000000000000E+04
    0.269728124141693115234375000000000000000000E+00    0.114605700683593750000000000000000000000000E+04
    0.275177001953125000000000000000000000000000E+00    0.109675097656250000000000000000000000000000E+04
    0.280736058950424194335937500000000000000000E+00    0.104767456054687500000000000000000000000000E+04
    0.286407291889190673828125000000000000000000E+00    0.100106793212890625000000000000000000000000E+04
    0.292193114757537841796875000000000000000000E+00    0.958744689941406250000000000000000000000000E+03
    0.298095792531967163085937500000000000000000E+00    0.921488525390625000000000000000000000000000E+03
    0.304117560386657714843750000000000000000000E+00    0.888716308593750000000000000000000000000000E+03
    0.310261309146881103515625000000000000000000E+00    0.858932006835937500000000000000000000000000E+03
    0.316528826951980590820312500000000000000000E+00    0.830487609863281250000000000000000000000000E+03
    0.322923272848129272460937500000000000000000E+00    0.801878234863281250000000000000000000000000E+03
    0.329446613788604736328125000000000000000000E+00    0.771978515625000000000000000000000000000000E+03
    0.336102008819580078125000000000000000000000E+00    0.740678039550781250000000000000000000000000E+03
    0.342891573905944824218750000000000000000000E+00    0.709000061035156250000000000000000000000000E+03
    0.349818587303161621093750000000000000000000E+00    0.678322998046875000000000000000000000000000E+03
    0.356885224580764770507812500000000000000000E+00    0.649718444824218750000000000000000000000000E+03
    0.364094972610473632812500000000000000000000E+00    0.623683654785156250000000000000000000000000E+03
    0.371450334787368774414062500000000000000000E+00    0.599983337402343750000000000000000000000000E+03
    0.378953933715820312500000000000000000000000E+00    0.577841857910156250000000000000000000000000E+03
    0.386609494686126708984375000000000000000000E+00    0.556313781738281250000000000000000000000000E+03
    0.394419312477111816406250000000000000000000E+00    0.534654052734375000000000000000000000000000E+03
    0.402387291193008422851562500000000000000000E+00    0.512757812500000000000000000000000000000000E+03
    0.410515844821929931640625000000000000000000E+00    0.491109497070312500000000000000000000000000E+03
    0.418809026479721069335937500000000000000000E+00    0.470307312011718750000000000000000000000000E+03
    0.427269339561462402343750000000000000000000E+00    0.450821685791015625000000000000000000000000E+03
    0.435900926589965820312500000000000000000000E+00    0.432719543457031250000000000000000000000000E+03
    0.444706469774246215820312500000000000000000E+00    0.415637298583984375000000000000000000000000E+03
