    0.999999974737875163555145263671875000000000E-04    0.443861236572265625000000000000000000000000E+03
    0.102020130725577473640441894531250000000000E-03    0.452511108398437500000000000000000000000000E+03
    0.104081082099582999944686889648437500000000E-03    0.461329376220703125000000000000000000000000E+03
    0.106183659227099269628524780273437500000000E-03    0.470319305419921875000000000000000000000000E+03
    0.108328706119209527969360351562500000000000E-03    0.479484222412109375000000000000000000000000E+03
    0.110517095890827476978302001953125000000000E-03    0.488827484130859375000000000000000000000000E+03
    0.112749679828993976116180419921875000000000E-03    0.498352600097656250000000000000000000000000E+03
    0.115027374704368412494659423828125000000000E-03    0.508063079833984375000000000000000000000000E+03
    0.117351090011652559041976928710937500000000E-03    0.517962524414062500000000000000000000000000E+03
    0.119721727969590574502944946289062500000000E-03    0.528054565429687500000000000000000000000000E+03
    0.122140278108417987823486328125000000000000E-03    0.538342956542968750000000000000000000000000E+03
    0.124607671750709414482116699218750000000000E-03    0.548831481933593750000000000000000000000000E+03
    0.127124920254573225975036621093750000000000E-03    0.559523986816406250000000000000000000000000E+03
    0.129692998598329722881317138671875000000000E-03    0.570424499511718750000000000000000000000000E+03
    0.132312969071790575981140136718750000000000E-03    0.581537048339843750000000000000000000000000E+03
    0.134985879412852227687835693359375000000000E-03    0.592865661621093750000000000000000000000000E+03
    0.137712777359411120414733886718750000000000E-03    0.604414489746093750000000000000000000000000E+03
    0.140494754305109381675720214843750000000000E-03    0.616187927246093750000000000000000000000000E+03
    0.143332930747419595718383789062500000000000E-03    0.628190185546875000000000000000000000000000E+03
    0.146228456287644803524017333984375000000000E-03    0.640425781250000000000000000000000000000000E+03
    0.149182465975172817707061767578125000000000E-03    0.652899169921875000000000000000000000000000E+03
    0.152196153067052364349365234375000000000000E-03    0.665614929199218750000000000000000000000000E+03
    0.155270710820332169532775878906250000000000E-03    0.678577758789062500000000000000000000000000E+03
    0.158407390699721872806549072265625000000000E-03    0.691792419433593750000000000000000000000000E+03
    0.161607444169931113719940185546875000000000E-03    0.705263793945312500000000000000000000000000E+03
    0.164872122695669531822204589843750000000000E-03    0.718996765136718750000000000000000000000000E+03
    0.168202750501222908496856689453125000000000E-03    0.732996459960937500000000000000000000000000E+03
    0.171600666362792253494262695312500000000000E-03    0.747267944335937500000000000000000000000000E+03
    0.175067238160409033298492431640625000000000E-03    0.761816406250000000000000000000000000000000E+03
    0.178603833774104714393615722656250000000000E-03    0.776647277832031250000000000000000000000000E+03
    0.182211864739656448364257812500000000000000E-03    0.791765930175781250000000000000000000000000E+03
    0.185892800800502300262451171875000000000000E-03    0.807177917480468750000000000000000000000000E+03
    0.189648068044334650039672851562500000000000E-03    0.822888916015625000000000000000000000000000E+03
    0.193479223526082932949066162109375000000000E-03    0.838904541015625000000000000000000000000000E+03
    0.197387780644930899143218994140625000000000E-03    0.855230712890625000000000000000000000000000E+03
    0.201375267351977527141571044921875000000000E-03    0.871873352050781250000000000000000000000000E+03
    0.205443298909813165664672851562500000000000E-03    0.888838500976562500000000000000000000000000E+03
    0.209593548788689076900482177734375000000000E-03    0.906132385253906250000000000000000000000000E+03
    0.213827603147365152835845947265625000000000E-03    0.923761291503906250000000000000000000000000E+03
    0.218147222767584025859832763671875000000000E-03    0.941731628417968750000000000000000000000000E+03
    0.222554081119596958160400390625000000000000E-03    0.960049865722656250000000000000000000000000E+03
    0.227049968088977038860321044921875000000000E-03    0.978722656250000000000000000000000000000000E+03
    0.231636688113212585449218750000000000000000E-03    0.997756835937500000000000000000000000000000E+03
    0.236316060181707143783569335937500000000000E-03    0.101715924072265625000000000000000000000000E+04
    0.241089961491525173187255859375000000000000E-03    0.103693688964843750000000000000000000000000E+04
    0.245960312895476818084716796875000000000000E-03    0.105709680175781250000000000000000000000000E+04
    0.250929006142541766166687011718750000000000E-03    0.107764636230468750000000000000000000000000E+04
    0.255998136708512902259826660156250000000000E-03    0.109859289550781250000000000000000000000000E+04
    0.261169654550030827522277832031250000000000E-03    0.111994396972656250000000000000000000000000E+04
    0.266445596935227513313293457031250000000000E-03    0.114170715332031250000000000000000000000000E+04
    0.271828175755217671394348144531250000000000E-03    0.116389038085937500000000000000000000000000E+04
    0.277319486485794186592102050781250000000000E-03    0.118650146484375000000000000000000000000000E+04
    0.282921682810410857200622558593750000000000E-03    0.120954870605468750000000000000000000000000E+04
    0.288637093035504221916198730468750000000000E-03    0.123304016113281250000000000000000000000000E+04
    0.294467929052188992500305175781250000000000E-03    0.125698413085937500000000000000000000000000E+04
    0.300416606478393077850341796875000000000000E-03    0.128138916015625000000000000000000000000000E+04
    0.306485395412892103195190429687500000000000E-03    0.130626391601562500000000000000000000000000E+04
    0.312676827888935804367065429687500000000000E-03    0.133161718750000000000000000000000000000000E+04
    0.318993290420621633529663085937500000000000E-03    0.135745800781250000000000000000000000000000E+04
    0.325437402352690696716308593750000000000000E-03    0.138379541015625000000000000000000000000000E+04
    0.332011666614562273025512695312500000000000E-03    0.141063879394531250000000000000000000000000E+04
    0.338718760758638381958007812500000000000000E-03    0.143799743652343750000000000000000000000000E+04
    0.345561362337321043014526367187500000000000E-03    0.146588098144531250000000000000000000000000E+04
    0.352542119799181818962097167968750000000000E-03    0.149429919433593750000000000000000000000000E+04
    0.359663943527266383171081542968750000000000E-03    0.152326196289062500000000000000000000000000E+04
    0.366929627489298582077026367187500000000000E-03    0.155277929687500000000000000000000000000000E+04
    0.374342111172154545783996582031250000000000E-03    0.158286157226562500000000000000000000000000E+04
    0.381904304958879947662353515625000000000000E-03    0.161351916503906250000000000000000000000000E+04
    0.389619322959333658218383789062500000000000E-03    0.164476257324218750000000000000000000000000E+04
    0.397490162868052721023559570312500000000000E-03    0.167660253906250000000000000000000000000000E+04
    0.405519997002556920051574707031250000000000E-03    0.170905017089843750000000000000000000000000E+04
    0.413712026784196496009826660156250000000000E-03    0.174211633300781250000000000000000000000000E+04
    0.422069540945813059806823730468750000000000E-03    0.177581262207031250000000000000000000000000E+04
    0.430595915531739592552185058593750000000000E-03    0.181015014648437500000000000000000000000000E+04
    0.439294555690139532089233398437500000000000E-03    0.184514086914062500000000000000000000000000E+04
    0.448168895673006772994995117187500000000000E-03    0.188079638671875000000000000000000000000000E+04
    0.457222486147657036781311035156250000000000E-03    0.191712878417968750000000000000000000000000E+04
    0.466458965092897415161132812500000000000000E-03    0.195415026855468750000000000000000000000000E+04
    0.475882086902856826782226562500000000000000E-03    0.199187329101562500000000000000000000000000E+04
    0.485495518660172820091247558593750000000000E-03    0.203031030273437500000000000000000000000000E+04
    0.495303189381957054138183593750000000000000E-03    0.206947412109375000000000000000000000000000E+04
    0.505309028085321187973022460937500000000000E-03    0.210937792968750000000000000000000000000000E+04
    0.515516963787376880645751953125000000000000E-03    0.215003442382812500000000000000000000000000E+04
    0.525931071024388074874877929687500000000000E-03    0.219145727539062500000000000000000000000000E+04
    0.536555540747940540313720703125000000000000E-03    0.223365991210937500000000000000000000000000E+04
    0.547394680324941873550415039062500000000000E-03    0.227665600585937500000000000000000000000000E+04
    0.558452797122299671173095703125000000000000E-03    0.232045947265625000000000000000000000000000E+04
    0.569734314922243356704711914062500000000000E-03    0.236508447265625000000000000000000000000000E+04
    0.581243715714663267135620117187500000000000E-03    0.241054541015625000000000000000000000000000E+04
    0.592985597904771566390991210937500000000000E-03    0.245685668945312500000000000000000000000000E+04
    0.604964734520763158798217773437500000000000E-03    0.250403295898437500000000000000000000000000E+04
    0.617185782175511121749877929687500000000000E-03    0.255208935546875000000000000000000000000000E+04
    0.629653746727854013442993164062500000000000E-03    0.260104077148437500000000000000000000000000E+04
    0.642373692244291305541992187500000000000000E-03    0.265090234375000000000000000000000000000000E+04
    0.655350449960678815841674804687500000000000E-03    0.270168994140625000000000000000000000000000E+04
    0.668589433189481496810913085937500000000000E-03    0.275341894531250000000000000000000000000000E+04
    0.682095822412520647048950195312500000000000E-03    0.280610546875000000000000000000000000000000E+04
    0.695875030942261219024658203125000000000000E-03    0.285976562500000000000000000000000000000000E+04
    0.709932646714150905609130859375000000000000E-03    0.291441528320312500000000000000000000000000E+04
    0.724274199455976486206054687500000000000000E-03    0.297007153320312500000000000000000000000000E+04
    0.738905626349151134490966796875000000000000E-03    0.302675048828125000000000000000000000000000E+04
    0.753832457121461629867553710937500000000000E-03    0.308446923828125000000000000000000000000000E+04
    0.769060861784964799880981445312500000000000E-03    0.314324462890625000000000000000000000000000E+04
    0.784596893936395645141601562500000000000000E-03    0.320309423828125000000000000000000000000000E+04
    0.800446781795471906661987304687500000000000E-03    0.326403515625000000000000000000000000000000E+04
    0.816616869997233152389526367187500000000000E-03    0.332608520507812500000000000000000000000000E+04
    0.833113677799701690673828125000000000000000E-03    0.338926196289062500000000000000000000000000E+04
    0.849943608045578002929687500000000000000000E-03    0.345358325195312500000000000000000000000000E+04
    0.867113587446510791778564453125000000000000E-03    0.351906738281250000000000000000000000000000E+04
    0.884630659129470586776733398437500000000000E-03    0.358573242187500000000000000000000000000000E+04
    0.902501342352479696273803710937500000000000E-03    0.365359667968750000000000000000000000000000E+04
    0.920733029488474130630493164062500000000000E-03    0.372267895507812500000000000000000000000000E+04
    0.939333112910389900207519531250000000000000E-03    0.379299755859375000000000000000000000000000E+04
    0.958308868575841188430786132812500000000000E-03    0.386457153320312500000000000000000000000000E+04
    0.977667979896068572998046875000000000000000E-03    0.393741967773437500000000000000000000000000E+04
    0.997418188489973545074462890625000000000000E-03    0.401156103515625000000000000000000000000000E+04
    0.101756735239177942276000976562500000000000E-02    0.408701464843750000000000000000000000000000E+04
    0.103812362067401409149169921875000000000000E-02    0.416380029296875000000000000000000000000000E+04
    0.105909502599388360977172851562500000000000E-02    0.424193652343750000000000000000000000000000E+04
    0.108049006666988134384155273437500000000000E-02    0.432144335937500000000000000000000000000000E+04
    0.110231747385114431381225585937500000000000E-02    0.440233984375000000000000000000000000000000E+04
    0.112458574585616588592529296875000000000000E-02    0.448464599609375000000000000000000000000000E+04
    0.114730407949537038803100585937500000000000E-02    0.456838134765625000000000000000000000000000E+04
    0.117048120591789484024047851562500000000000E-02    0.465356542968750000000000000000000000000000E+04
    0.119412643834948539733886718750000000000000E-02    0.474021728515625000000000000000000000000000E+04
    0.121824943926185369491577148437500000000000E-02    0.482835693359375000000000000000000000000000E+04
    0.124285963829606771469116210937500000000000E-02    0.491800439453125000000000000000000000000000E+04
    0.126796704716980457305908203125000000000000E-02    0.500917871093750000000000000000000000000000E+04
    0.129358167760074138641357421875000000000000E-02    0.510189941406250000000000000000000000000000E+04
    0.131971365772187709808349609375000000000000E-02    0.519618652343750000000000000000000000000000E+04
    0.134637358132749795913696289062500000000000E-02    0.529205908203125000000000000000000000000000E+04
    0.137357215862721204757690429687500000000000E-02    0.538953662109375000000000000000000000000000E+04
    0.140132009983062744140625000000000000000000E-02    0.548863867187500000000000000000000000000000E+04
    0.142962858080863952636718750000000000000000E-02    0.558938378906250000000000000000000000000000E+04
    0.145850901026278734207153320312500000000000E-02    0.569179150390625000000000000000000000000000E+04
    0.148797314614057540893554687500000000000000E-02    0.579587988281250000000000000000000000000000E+04
    0.151803228072822093963623046875000000000000E-02    0.590166894531250000000000000000000000000000E+04
    0.154869852121919393539428710937500000000000E-02    0.600917578125000000000000000000000000000000E+04
    0.157998420763760805130004882812500000000000E-02    0.611841943359375000000000000000000000000000E+04
    0.161190202925354242324829101562500000000000E-02    0.622941650390625000000000000000000000000000E+04
    0.164446467533707618713378906250000000000000E-02    0.634218603515625000000000000000000000000000E+04
    0.167768495157361030578613281250000000000000E-02    0.645674462890625000000000000000000000000000E+04
    0.171157636214047670364379882812500000000000E-02    0.657310937500000000000000000000000000000000E+04
    0.174615241121500730514526367187500000000000E-02    0.669129638671875000000000000000000000000000E+04
    0.178142718505114316940307617187500000000000E-02    0.681132275390625000000000000000000000000000E+04
    0.181741418782621622085571289062500000000000E-02    0.693320361328125000000000000000000000000000E+04
    0.185412843711674213409423828125000000000000E-02    0.705695458984375000000000000000000000000000E+04
    0.189158413559198379516601562500000000000000E-02    0.718259033203125000000000000000000000000000E+04
    0.192979711573570966720581054687500000000000E-02    0.731012548828125000000000000000000000000000E+04
    0.196878169663250446319580078125000000000000E-02    0.743957275390625000000000000000000000000000E+04
    0.200855359435081481933593750000000000000000E-02    0.757094628906250000000000000000000000000000E+04
    0.204912899062037467956542968750000000000000E-02    0.770425781250000000000000000000000000000000E+04
    0.209052418358623981475830078125000000000000E-02    0.783951953125000000000000000000000000000000E+04
    0.213275570422410964965820312500000000000000E-02    0.797674267578125000000000000000000000000000E+04
    0.217583985067903995513916015625000000000000E-02    0.811593798828125000000000000000000000000000E+04
    0.221979478374123573303222656250000000000000E-02    0.825711425781250000000000000000000000000000E+04
    0.226463773287832736968994140625000000000000E-02    0.840028125000000000000000000000000000000000E+04
    0.231038639321923255920410156250000000000000E-02    0.854544726562500000000000000000000000000000E+04
    0.235705915838479995727539062500000000000000E-02    0.869261914062500000000000000000000000000000E+04
    0.240467488765716552734375000000000000000000E-02    0.884180175781250000000000000000000000000000E+04
    0.245325244031846523284912109375000000000000E-02    0.899300292968750000000000000000000000000000E+04
    0.250281183980405330657958984375000000000000E-02    0.914622460937500000000000000000000000000000E+04
    0.255337217822670936584472656250000000000000E-02    0.930147167968750000000000000000000000000000E+04
    0.260495371185243129730224609375000000000000E-02    0.945874414062500000000000000000000000000000E+04
    0.265757716260850429534912109375000000000000E-02    0.961804589843750000000000000000000000000000E+04
    0.271126371808350086212158203125000000000000E-02    0.977937402343750000000000000000000000000000E+04
    0.276603479869663715362548828125000000000000E-02    0.994272851562500000000000000000000000000000E+04
    0.282191229052841663360595703125000000000000E-02    0.101081074218750000000000000000000000000000E+05
    0.287891877815127372741699218750000000000000E-02    0.102755048828125000000000000000000000000000E+05
    0.293707661330699920654296875000000000000000E-02    0.104449160156250000000000000000000000000000E+05
    0.299640954472124576568603515625000000000000E-02    0.106163349609375000000000000000000000000000E+05
    0.305694085545837879180908203125000000000000E-02    0.107897519531250000000000000000000000000000E+05
    0.311869522556662559509277343750000000000000E-02    0.109651582031250000000000000000000000000000E+05
    0.318169780075550079345703125000000000000000E-02    0.111425410156250000000000000000000000000000E+05
    0.324597232975065708160400390625000000000000E-02    0.113218876953125000000000000000000000000000E+05
    0.331154512241482734680175781250000000000000E-02    0.115031826171875000000000000000000000000000E+05
    0.337844272144138813018798828125000000000000E-02    0.116864101562500000000000000000000000000000E+05
    0.344669190235435962677001953125000000000000E-02    0.118715507812500000000000000000000000000000E+05
    0.351631967350840568542480468750000000000000E-02    0.120585830078125000000000000000000000000000E+05
    0.358735374175012111663818359375000000000000E-02    0.122474853515625000000000000000000000000000E+05
    0.365982321090996265411376953125000000000000E-02    0.124382333984375000000000000000000000000000E+05
    0.373375625349581241607666015625000000000000E-02    0.126307998046875000000000000000000000000000E+05
    0.380918313749134540557861328125000000000000E-02    0.128251542968750000000000000000000000000000E+05
    0.388613343238830566406250000000000000000000E-02    0.130212666015625000000000000000000000000000E+05
    0.396463880315423011779785156250000000000000E-02    0.132191005859375000000000000000000000000000E+05
    0.404472928494215011596679687500000000000000E-02    0.134186201171875000000000000000000000000000E+05
    0.412643933668732643127441406250000000000000E-02    0.136197871093750000000000000000000000000000E+05
    0.420979922637343406677246093750000000000000E-02    0.138225615234375000000000000000000000000000E+05
    0.429484248161315917968750000000000000000000E-02    0.140268984375000000000000000000000000000000E+05
    0.438160402700304985046386718750000000000000E-02    0.142327529296875000000000000000000000000000E+05
    0.447011832147836685180664062500000000000000E-02    0.144400771484375000000000000000000000000000E+05
    0.456042028963565826416015625000000000000000E-02    0.146488164062500000000000000000000000000000E+05
    0.465254718437790870666503906250000000000000E-02    0.148589121093750000000000000000000000000000E+05
    0.474653439596295356750488281250000000000000E-02    0.150703007812500000000000000000000000000000E+05
    0.484242103993892669677734375000000000000000E-02    0.152829169921875000000000000000000000000000E+05
    0.494024436920881271362304687500000000000000E-02    0.154966923828125000000000000000000000000000E+05
    0.504004349932074546813964843750000000000000E-02    0.157115644531250000000000000000000000000000E+05
    0.514185894280672073364257812500000000000000E-02    0.159274746093750000000000000000000000000000E+05
    0.524573167786002159118652343750000000000000E-02    0.161443623046875000000000000000000000000000E+05
    0.535170361399650573730468750000000000000000E-02    0.163621650390625000000000000000000000000000E+05
    0.545981479808688163757324218750000000000000E-02    0.165808144531250000000000000000000000000000E+05
    0.557011039927601814270019531250000000000000E-02    0.168002207031250000000000000000000000000000E+05
    0.568263372406363487243652343750000000000000E-02    0.170202636718750000000000000000000000000000E+05
    0.579743087291717529296875000000000000000000E-02    0.172408281250000000000000000000000000000000E+05
    0.591454654932022094726562500000000000000000E-02    0.174617871093750000000000000000000000000000E+05
    0.603402825072407722473144531250000000000000E-02    0.176830117187500000000000000000000000000000E+05
    0.615592347458004951477050781250000000000000E-02    0.179043945312500000000000000000000000000000E+05
    0.628028111532330513000488281250000000000000E-02    0.181258359375000000000000000000000000000000E+05
    0.640715099871158599853515625000000000000000E-02    0.183472343750000000000000000000000000000000E+05
    0.653658434748649597167968750000000000000000E-02    0.185684882812500000000000000000000000000000E+05
    0.666863145306706428527832031250000000000000E-02    0.187894882812500000000000000000000000000000E+05
    0.680334679782390594482421875000000000000000E-02    0.190101093750000000000000000000000000000000E+05
    0.694078346714377403259277343750000000000000E-02    0.192302167968750000000000000000000000000000E+05
    0.708099640905857086181640625000000000000000E-02    0.194496699218750000000000000000000000000000E+05
    0.722404150292277336120605468750000000000000E-02    0.196683261718750000000000000000000000000000E+05
    0.736997742205858230590820312500000000000000E-02    0.198860351562500000000000000000000000000000E+05
    0.751886051148176193237304687500000000000000E-02    0.201026464843750000000000000000000000000000E+05
    0.767075084149837493896484375000000000000000E-02    0.203179960937500000000000000000000000000000E+05
    0.782571360468864440917968750000000000000000E-02    0.205319199218750000000000000000000000000000E+05
    0.798380374908447265625000000000000000000000E-02    0.207442539062500000000000000000000000000000E+05
    0.814508739858865737915039062500000000000000E-02    0.209548261718750000000000000000000000000000E+05
    0.830962881445884704589843750000000000000000E-02    0.211634570312500000000000000000000000000000E+05
    0.847749505192041397094726562500000000000000E-02    0.213699628906250000000000000000000000000000E+05
    0.864875130355358123779296875000000000000000E-02    0.215741582031250000000000000000000000000000E+05
    0.882346741855144500732421875000000000000000E-02    0.217758535156250000000000000000000000000000E+05
    0.900171231478452682495117187500000000000000E-02    0.219748535156250000000000000000000000000000E+05
    0.918355956673622131347656250000000000000000E-02    0.221709570312500000000000000000000000000000E+05
    0.936907902359962463378906250000000000000000E-02    0.223639511718750000000000000000000000000000E+05
    0.955834705382585525512695312500000000000000E-02    0.225536269531250000000000000000000000000000E+05
    0.975143909454345703125000000000000000000000E-02    0.227397675781250000000000000000000000000000E+05
    0.994843058288097381591796875000000000000000E-02    0.229221562500000000000000000000000000000000E+05
    0.101494016125798225402832031250000000000000E-01    0.231005625000000000000000000000000000000000E+05
    0.103544332087039947509765625000000000000000E-01    0.232747480468750000000000000000000000000000E+05
    0.105636063963174819946289062500000000000000E-01    0.234444765625000000000000000000000000000000E+05
    0.107770059257745742797851562500000000000000E-01    0.236095078125000000000000000000000000000000E+05
    0.109947146847844123840332031250000000000000E-01    0.237695976562500000000000000000000000000000E+05
    0.112168220803141593933105468750000000000000E-01    0.239244746093750000000000000000000000000000E+05
    0.114434175193309783935546875000000000000000E-01    0.240738554687500000000000000000000000000000E+05
    0.116745894774794578552246093750000000000000E-01    0.242174609375000000000000000000000000000000E+05
    0.119104310870170593261718750000000000000000E-01    0.243550097656250000000000000000000000000000E+05
    0.121510382741689682006835937500000000000000E-01    0.244862324218750000000000000000000000000000E+05
    0.123965051025152206420898437500000000000000E-01    0.246109179687500000000000000000000000000000E+05
    0.126469302922487258911132812500000000000000E-01    0.247288691406250000000000000000000000000000E+05
    0.129024153575301170349121093750000000000000E-01    0.248398984375000000000000000000000000000000E+05
    0.131630674004554748535156250000000000000000E-01    0.249438164062500000000000000000000000000000E+05
    0.134289795532822608947753906250000000000000E-01    0.250403710937500000000000000000000000000000E+05
    0.137002617120742797851562500000000000000000E-01    0.251290253906250000000000000000000000000000E+05
    0.139770256355404853820800781250000000000000E-01    0.252091738281250000000000000000000000000000E+05
    0.142593793570995330810546875000000000000000E-01    0.252802128906250000000000000000000000000000E+05
    0.145474374294281005859375000000000000000000E-01    0.253415410156250000000000000000000000000000E+05
    0.148413162678480148315429687500000000000000E-01    0.253928593750000000000000000000000000000000E+05
    0.151411294937133789062500000000000000000000E-01    0.254348808593750000000000000000000000000000E+05
    0.154470009729266166687011718750000000000000E-01    0.254685527343750000000000000000000000000000E+05
    0.157590489834547042846679687500000000000000E-01    0.254948339843750000000000000000000000000000E+05
    0.160774048417806625366210937500000000000000E-01    0.255146953125000000000000000000000000000000E+05
    0.164021886885166168212890625000000000000000E-01    0.255284511718750000000000000000000000000000E+05
    0.167335346341133117675781250000000000000000E-01    0.255344179687500000000000000000000000000000E+05
    0.170715730637311935424804687500000000000000E-01    0.255305390625000000000000000000000000000000E+05
    0.174164418131113052368164062500000000000000E-01    0.255147656250000000000000000000000000000000E+05
    0.177682787179946899414062500000000000000000E-01    0.254850742187500000000000000000000000000000E+05
    0.181272197514772415161132812500000000000000E-01    0.254402265625000000000000000000000000000000E+05
    0.184934139251708984375000000000000000000000E-01    0.253810273437500000000000000000000000000000E+05
    0.188670046627521514892578125000000000000000E-01    0.253086289062500000000000000000000000000000E+05
    0.192481447011232376098632812500000000000000E-01    0.252241894531250000000000000000000000000000E+05
    0.196369830518960952758789062500000000000000E-01    0.251288730468750000000000000000000000000000E+05
    0.200336743146181106567382812500000000000000E-01    0.250231601562500000000000000000000000000000E+05
    0.204383805394172668457031250000000000000000E-01    0.249059570312500000000000000000000000000000E+05
    0.208512637764215469360351562500000000000000E-01    0.247759746093750000000000000000000000000000E+05
    0.212724860757589340209960937500000000000000E-01    0.246319824218750000000000000000000000000000E+05
    0.217022281140089035034179687500000000000000E-01    0.244728007812500000000000000000000000000000E+05
    0.221406426280736923217773437500000000000000E-01    0.242980957031250000000000000000000000000000E+05
    0.225879121571779251098632812500000000000000E-01    0.241091835937500000000000000000000000000000E+05
    0.230442192405462265014648437500000000000000E-01    0.239075742187500000000000000000000000000000E+05
    0.235097426921129226684570312500000000000000E-01    0.236947617187500000000000000000000000000000E+05
    0.239846706390380859375000000000000000000000E-01    0.234722070312500000000000000000000000000000E+05
    0.244691912084817886352539062500000000000000E-01    0.232408964843750000000000000000000000000000E+05
    0.249635018408298492431640625000000000000000E-01    0.230009863281250000000000000000000000000000E+05
    0.254677981138229370117187500000000000000000E-01    0.227525605468750000000000000000000000000000E+05
    0.259822811931371688842773437500000000000000E-01    0.224957167968750000000000000000000000000000E+05
    0.265071578323841094970703125000000000000000E-01    0.222305781250000000000000000000000000000000E+05
    0.270426385104656219482421875000000000000000E-01    0.219571933593750000000000000000000000000000E+05
    0.275889337062835693359375000000000000000000E-01    0.216755000000000000000000000000000000000000E+05
    0.281462669372558593750000000000000000000000E-01    0.213854492187500000000000000000000000000000E+05
    0.287148579955101013183593750000000000000000E-01    0.210870273437500000000000000000000000000000E+05
    0.292949359863996505737304687500000000000000E-01    0.207802617187500000000000000000000000000000E+05
    0.298867337405681610107421875000000000000000E-01    0.204655410156250000000000000000000000000000E+05
    0.304904840886592864990234375000000000000000E-01    0.201437500000000000000000000000000000000000E+05
    0.311064328998327255249023437500000000000000E-01    0.198157890625000000000000000000000000000000E+05
    0.317348241806030273437500000000000000000000E-01    0.194825371093750000000000000000000000000000E+05
    0.323759093880653381347656250000000000000000E-01    0.191448476562500000000000000000000000000000E+05
    0.330299474298954010009765625000000000000000E-01    0.188038417968750000000000000000000000000000E+05
    0.336971953511238098144531250000000000000000E-01    0.184609472656250000000000000000000000000000E+05
    0.343779213726520538330078125000000000000000E-01    0.181175390625000000000000000000000000000000E+05
    0.350724011659622192382812500000000000000000E-01    0.177749101562500000000000000000000000000000E+05
    0.357809104025363922119140625000000000000000E-01    0.174342636718750000000000000000000000000000E+05
    0.365037508308887481689453125000000000000000E-01    0.170965800781250000000000000000000000000000E+05
    0.372411720454692840576171875000000000000000E-01    0.167626171875000000000000000000000000000000E+05
    0.379934944212436676025390625000000000000000E-01    0.164330664062500000000000000000000000000000E+05
    0.387610122561454772949218750000000000000000E-01    0.161085634765625000000000000000000000000000E+05
    0.395440347492694854736328125000000000000000E-01    0.157896923828125000000000000000000000000000E+05
    0.403428785502910614013671875000000000000000E-01    0.154770146484375000000000000000000000000000E+05
    0.411578565835952758789062500000000000000000E-01    0.151710625000000000000000000000000000000000E+05
    0.419893004000186920166015625000000000000000E-01    0.148723232421875000000000000000000000000000E+05
    0.428375415503978729248046875000000000000000E-01    0.145812363281250000000000000000000000000000E+05
    0.437029153108596801757812500000000000000000E-01    0.142982128906250000000000000000000000000000E+05
    0.445857718586921691894531250000000000000000E-01    0.140239472656250000000000000000000000000000E+05
    0.454864650964736938476562500000000000000000E-01    0.137593613281250000000000000000000000000000E+05
    0.464053489267826080322265625000000000000000E-01    0.135053095703125000000000000000000000000000E+05
    0.473427996039390563964843750000000000000000E-01    0.132625742187500000000000000000000000000000E+05
    0.482991859316825866699218750000000000000000E-01    0.130317421875000000000000000000000000000000E+05
    0.492748916149139404296875000000000000000000E-01    0.128122656250000000000000000000000000000000E+05
    0.502703115344047546386718750000000000000000E-01    0.126031015625000000000000000000000000000000E+05
    0.512858368456363677978515625000000000000000E-01    0.124032646484375000000000000000000000000000E+05
    0.523218810558319091796875000000000000000000E-01    0.122118300781250000000000000000000000000000E+05
    0.533788502216339111328125000000000000000000E-01    0.120279531250000000000000000000000000000000E+05
    0.544571764767169952392578125000000000000000E-01    0.118508662109375000000000000000000000000000E+05
    0.555572807788848876953125000000000000000000E-01    0.116798447265625000000000000000000000000000E+05
    0.566796138882637023925781250000000000000000E-01    0.115141933593750000000000000000000000000000E+05
    0.578246153891086578369140625000000000000000E-01    0.113529023437500000000000000000000000000000E+05
    0.589927472174167633056640625000000000000000E-01    0.111945732421875000000000000000000000000000E+05
    0.601844787597656250000000000000000000000000E-01    0.110378574218750000000000000000000000000000E+05
    0.614003166556358337402343750000000000000000E-01    0.108814628906250000000000000000000000000000E+05
    0.626406818628311157226562500000000000000000E-01    0.107240107421875000000000000000000000000000E+05
    0.639061108231544494628906250000000000000000E-01    0.105641142578125000000000000000000000000000E+05
    0.651970952749252319335937500000000000000000E-01    0.104004716796875000000000000000000000000000E+05
    0.665141642093658447265625000000000000000000E-01    0.102313173828125000000000000000000000000000E+05
    0.678578317165374755859375000000000000000000E-01    0.100539814453125000000000000000000000000000E+05
    0.692286565899848937988281250000000000000000E-01    0.986590039062500000000000000000000000000000E+04
    0.706271678209304809570312500000000000000000E-01    0.966567480468750000000000000000000000000000E+04
    0.720539242029190063476562500000000000000000E-01    0.945532812500000000000000000000000000000000E+04
    0.735095068812370300292968750000000000000000E-01    0.923753320312500000000000000000000000000000E+04
    0.749944970011711120605468750000000000000000E-01    0.901372167968750000000000000000000000000000E+04
    0.765094906091690063476562500000000000000000E-01    0.878100390625000000000000000000000000000000E+04
    0.780550837516784667968750000000000000000000E-01    0.853584765625000000000000000000000000000000E+04
    0.796318948268890380859375000000000000000000E-01    0.827709277343750000000000000000000000000000E+04
    0.812405645847320556640625000000000000000000E-01    0.800860058593750000000000000000000000000000E+04
    0.828817337751388549804687500000000000000000E-01    0.773466748046875000000000000000000000000000E+04
    0.845560505986213684082031250000000000000000E-01    0.745820947265625000000000000000000000000000E+04
    0.862641930580139160156250000000000000000000E-01    0.718075634765625000000000000000000000000000E+04
    0.880068466067314147949218750000000000000000E-01    0.690381103515625000000000000000000000000000E+04
    0.897847041487693786621093750000000000000000E-01    0.662959960937500000000000000000000000000000E+04
    0.915984734892845153808593750000000000000000E-01    0.636039208984375000000000000000000000000000E+04
    0.934488773345947265625000000000000000000000E-01    0.609873486328125000000000000000000000000000E+04
    0.953366756439208984375000000000000000000000E-01    0.584745458984375000000000000000000000000000E+04
    0.972625985741615295410156250000000000000000E-01    0.560893164062500000000000000000000000000000E+04
    0.992274358868598937988281250000000000000000E-01    0.538510791015625000000000000000000000000000E+04
    0.101232007145881652832031250000000000000000E+00    0.517754443359375000000000000000000000000000E+04
    0.103277020156383514404296875000000000000000E+00    0.498749658203125000000000000000000000000000E+04
    0.105363354086875915527343750000000000000000E+00    0.481578710937500000000000000000000000000000E+04
    0.107491828501224517822265625000000000000000E+00    0.466158837890625000000000000000000000000000E+04
    0.109663315117359161376953125000000000000000E+00    0.452346191406250000000000000000000000000000E+04
    0.111878655850887298583984375000000000000000E+00    0.439992285156250000000000000000000000000000E+04
    0.114138752222061157226562500000000000000000E+00    0.428785058593750000000000000000000000000000E+04
    0.116444505751132965087890625000000000000000E+00    0.418353466796875000000000000000000000000000E+04
    0.118796832859516143798828125000000000000000E+00    0.408363989257812500000000000000000000000000E+04
    0.121196687221527099609375000000000000000000E+00    0.398528735351562500000000000000000000000000E+04
    0.123645029962062835693359375000000000000000E+00    0.388591601562500000000000000000000000000000E+04
    0.126142814755439758300781250000000000000000E+00    0.378313378906250000000000000000000000000000E+04
    0.128691077232360839843750000000000000000000E+00    0.367463232421875000000000000000000000000000E+04
    0.131290808320045471191406250000000000000000E+00    0.355844897460937500000000000000000000000000E+04
    0.133943051099777221679687500000000000000000E+00    0.343345556640625000000000000000000000000000E+04
    0.136648878455162048339843750000000000000000E+00    0.329917773437500000000000000000000000000000E+04
    0.139409363269805908203125000000000000000000E+00    0.315604907226562500000000000000000000000000E+04
    0.142225623130798339843750000000000000000000E+00    0.300593627929687500000000000000000000000000E+04
    0.145098760724067687988281250000000000000000E+00    0.285118359375000000000000000000000000000000E+04
    0.148029953241348266601562500000000000000000E+00    0.269586230468750000000000000000000000000000E+04
    0.151020348072052001953125000000000000000000E+00    0.254406591796875000000000000000000000000000E+04
    0.154071167111396789550781250000000000000000E+00    0.239947753906250000000000000000000000000000E+04
    0.157183602452278137207031250000000000000000E+00    0.226518286132812500000000000000000000000000E+04
    0.160358920693397521972656250000000000000000E+00    0.214325732421875000000000000000000000000000E+04
    0.163598373532295227050781250000000000000000E+00    0.203498559570312500000000000000000000000000E+04
    0.166903272271156311035156250000000000000000E+00    0.194074792480468750000000000000000000000000E+04
    0.170275032520294189453125000000000000000000E+00    0.186023083496093750000000000000000000000000E+04
    0.173714801669120788574218750000000000000000E+00    0.179220385742187500000000000000000000000000E+04
    0.177224084734916687011718750000000000000000E+00    0.173472619628906250000000000000000000000000E+04
    0.180804237723350524902343750000000000000000E+00    0.168482666015625000000000000000000000000000E+04
    0.184456720948219299316406250000000000000000E+00    0.163899987792968750000000000000000000000000E+04
    0.188182994723320007324218750000000000000000E+00    0.159362280273437500000000000000000000000000E+04
    0.191984534263610839843750000000000000000000E+00    0.154549072265625000000000000000000000000000E+04
    0.195862874388694763183593750000000000000000E+00    0.149244189453125000000000000000000000000000E+04
    0.199819564819335937500000000000000000000000E+00    0.143355664062500000000000000000000000000000E+04
    0.203856185078620910644531250000000000000000E+00    0.136927221679687500000000000000000000000000E+04
    0.207974359393119812011718750000000000000000E+00    0.130124731445312500000000000000000000000000E+04
    0.212175697088241577148437500000000000000000E+00    0.123183679199218750000000000000000000000000E+04
    0.216461926698684692382812500000000000000000E+00    0.116382507324218750000000000000000000000000E+04
    0.220834761857986450195312500000000000000000E+00    0.109979504394531250000000000000000000000000E+04
    0.225295916199684143066406250000000000000000E+00    0.104179797363281250000000000000000000000000E+04
    0.229847192764282226562500000000000000000000E+00    0.991054077148437500000000000000000000000000E+03
    0.234490394592285156250000000000000000000000E+00    0.947738891601562500000000000000000000000000E+03
    0.239227414131164550781250000000000000000000E+00    0.910975341796875000000000000000000000000000E+03
    0.244060128927230834960937500000000000000000E+00    0.878886901855468750000000000000000000000000E+03
    0.248990446329116821289062500000000000000000E+00    0.849122863769531250000000000000000000000000E+03
    0.254020392894744873046875000000000000000000E+00    0.819541870117187500000000000000000000000000E+03
    0.259151935577392578125000000000000000000000E+00    0.788534790039062500000000000000000000000000E+03
    0.264387160539627075195312500000000000000000E+00    0.755175659179687500000000000000000000000000E+03
    0.269728124141693115234375000000000000000000E+00    0.719384826660156250000000000000000000000000E+03
    0.275177001953125000000000000000000000000000E+00    0.682178833007812500000000000000000000000000E+03
    0.280736058950424194335937500000000000000000E+00    0.645413391113281250000000000000000000000000E+03
    0.286407291889190673828125000000000000000000E+00    0.610923217773437500000000000000000000000000E+03
    0.292193114757537841796875000000000000000000E+00    0.579849670410156250000000000000000000000000E+03
    0.298095792531967163085937500000000000000000E+00    0.552611816406250000000000000000000000000000E+03
    0.304117560386657714843750000000000000000000E+00    0.528949035644531250000000000000000000000000E+03
    0.310261309146881103515625000000000000000000E+00    0.507875579833984375000000000000000000000000E+03
    0.316528826951980590820312500000000000000000E+00    0.487989837646484375000000000000000000000000E+03
    0.322923272848129272460937500000000000000000E+00    0.468060180664062500000000000000000000000000E+03
    0.329446613788604736328125000000000000000000E+00    0.447392852783203125000000000000000000000000E+03
    0.336102008819580078125000000000000000000000E+00    0.425931243896484375000000000000000000000000E+03
    0.342891573905944824218750000000000000000000E+00    0.404260955810546875000000000000000000000000E+03
    0.349818587303161621093750000000000000000000E+00    0.383320922851562500000000000000000000000000E+03
    0.356885224580764770507812500000000000000000E+00    0.363965881347656250000000000000000000000000E+03
    0.364094972610473632812500000000000000000000E+00    0.346622924804687500000000000000000000000000E+03
    0.371450334787368774414062500000000000000000E+00    0.331126586914062500000000000000000000000000E+03
    0.378953933715820312500000000000000000000000E+00    0.316838592529296875000000000000000000000000E+03
    0.386609494686126708984375000000000000000000E+00    0.303043060302734375000000000000000000000000E+03
    0.394419312477111816406250000000000000000000E+00    0.289256591796875000000000000000000000000000E+03
    0.402387291193008422851562500000000000000000E+00    0.275374389648437500000000000000000000000000E+03
    0.410515844821929931640625000000000000000000E+00    0.261702575683593750000000000000000000000000E+03
    0.418809026479721069335937500000000000000000E+00    0.248664001464843750000000000000000000000000E+03
    0.427269339561462402343750000000000000000000E+00    0.236591705322265625000000000000000000000000E+03
    0.435900926589965820312500000000000000000000E+00    0.225520431518554687500000000000000000000000E+03
    0.444706469774246215820312500000000000000000E+00    0.215213378906250000000000000000000000000000E+03
    0.453690379858016967773437500000000000000000E+00    0.205354232788085937500000000000000000000000E+03
    0.462855309247970581054687500000000000000000E+00    0.195714340209960937500000000000000000000000E+03
    0.472205787897109985351562500000000000000000E+00    0.186271057128906250000000000000000000000000E+03
    0.481744766235351562500000000000000000000000E+00    0.177174743652343750000000000000000000000000E+03
    0.491476893424987792968750000000000000000000E+00    0.168577392578125000000000000000000000000000E+03
    0.501405119895935058593750000000000000000000E+00    0.160560195922851562500000000000000000000000E+03
    0.511534392833709716796875000000000000000000E+00    0.153027954101562500000000000000000000000000E+03
    0.521867811679840087890625000000000000000000E+00    0.145833068847656250000000000000000000000000E+03
    0.532410502433776855468750000000000000000000E+00    0.138889221191406250000000000000000000000000E+03
    0.543165624141693115234375000000000000000000E+00    0.132193496704101562500000000000000000000000E+03
    0.554138541221618652343750000000000000000000E+00    0.125815093994140625000000000000000000000000E+03
    0.565332591533660888671875000000000000000000E+00    0.119785095214843750000000000000000000000000E+03
    0.576753377914428710937500000000000000000000E+00    0.114094764709472656250000000000000000000000E+03
    0.588404297828674316406250000000000000000000E+00    0.108676132202148437500000000000000000000000E+03
    0.600291073322296142578125000000000000000000E+00    0.103486068725585937500000000000000000000000E+03
    0.612418055534362792968750000000000000000000E+00    0.985178756713867187500000000000000000000000E+02
    0.624789416790008544921875000000000000000000E+00    0.937919921875000000000000000000000000000000E+02
    0.637411296367645263671875000000000000000000E+00    0.893084564208984375000000000000000000000000E+02
    0.650287508964538574218750000000000000000000E+00    0.850448226928710937500000000000000000000000E+02
    0.663424491882324218750000000000000000000000E+00    0.809872589111328125000000000000000000000000E+02
    0.676826238632202148437500000000000000000000E+00    0.771230926513671875000000000000000000000000E+02
    0.690499365329742431640625000000000000000000E+00    0.734415206909179687500000000000000000000000E+02
    0.704448044300079345703125000000000000000000E+00    0.699347381591796875000000000000000000000000E+02
    0.718679130077362060546875000000000000000000E+00    0.665955810546875000000000000000000000000000E+02
    0.733197033405303955078125000000000000000000E+00    0.634170417785644531250000000000000000000000E+02
    0.748008966445922851562500000000000000000000E+00    0.603917579650878906250000000000000000000000E+02
    0.763119339942932128906250000000000000000000E+00    0.575121154785156250000000000000000000000000E+02
    0.778535783290863037109375000000000000000000E+00    0.547708816528320312500000000000000000000000E+02
    0.794262826442718505859375000000000000000000E+00    0.521612129211425781250000000000000000000000E+02
    0.810308396816253662109375000000000000000000E+00    0.496767845153808593750000000000000000000000E+02
    0.826677322387695312500000000000000000000000E+00    0.473116226196289062500000000000000000000000E+02
    0.843377590179443359375000000000000000000000E+00    0.450600471496582031250000000000000000000000E+02
    0.860414624214172363281250000000000000000000E+00    0.429166069030761718750000000000000000000000E+02
    0.877796530723571777343750000000000000000000E+00    0.408760566711425781250000000000000000000000E+02
    0.895528674125671386718750000000000000000000E+00    0.389334030151367187500000000000000000000000E+02
    0.913619995117187500000000000000000000000000E+00    0.370838928222656250000000000000000000000000E+02
    0.932075977325439453125000000000000000000000E+00    0.353229675292968750000000000000000000000000E+02
    0.950905561447143554687500000000000000000000E+00    0.336462707519531250000000000000000000000000E+02
    0.970114648342132568359375000000000000000000E+00    0.320496635437011718750000000000000000000000E+02
    0.989712655544281005859375000000000000000000E+00    0.305292358398437500000000000000000000000000E+02
    0.100970673561096191406250000000000000000000E+01    0.290813274383544921875000000000000000000000E+02
    0.103010356426239013671875000000000000000000E+01    0.277024765014648437500000000000000000000000E+02
    0.105091357231140136718750000000000000000000E+01    0.263893623352050781250000000000000000000000E+02
    0.107214283943176269531250000000000000000000E+01    0.251384811401367187500000000000000000000000E+02
    0.109380209445953369140625000000000000000000E+01    0.239470500946044921875000000000000000000000E+02
    0.111589777469635009765625000000000000000000E+01    0.228120956420898437500000000000000000000000E+02
    0.113844096660614013671875000000000000000000E+01    0.217311115264892578125000000000000000000000E+02
    0.116143846511840820312500000000000000000000E+01    0.207014389038085937500000000000000000000000E+02
    0.118490147590637207031250000000000000000000E+01    0.197207241058349609375000000000000000000000E+02
    0.120883750915527343750000000000000000000000E+01    0.187865238189697265625000000000000000000000E+02
    0.123325824737548828125000000000000000000000E+01    0.178964939117431640625000000000000000000000E+02
    0.125817120075225830078125000000000000000000E+01    0.170486621856689453125000000000000000000000E+02
    0.128358840942382812500000000000000000000000E+01    0.162407474517822265625000000000000000000000E+02
    0.130951797962188720703125000000000000000000E+01    0.154709482192993164062500000000000000000000E+02
    0.133597266674041748046875000000000000000000E+01    0.147375164031982421875000000000000000000000E+02
    0.136296045780181884765625000000000000000000E+01    0.140385179519653320312500000000000000000000E+02
    0.139049470424652099609375000000000000000000E+01    0.133725547790527343750000000000000000000000E+02
    0.141858386993408203125000000000000000000000E+01    0.127379102706909179687500000000000000000000E+02
    0.144724178314208984375000000000000000000000E+01    0.121331777572631835937500000000000000000000E+02
    0.147647726535797119140625000000000000000000E+01    0.115570421218872070312500000000000000000000E+02
    0.150630474090576171875000000000000000000000E+01    0.110080766677856445312500000000000000000000E+02
    0.153673338890075683593750000000000000000000E+01    0.104848632812500000000000000000000000000000E+02
    0.156777822971343994140625000000000000000000E+01    0.998616790771484375000000000000000000000000E+01
    0.159944856166839599609375000000000000000000E+01    0.951100254058837890625000000000000000000000E+01
    0.163176035881042480468750000000000000000000E+01    0.905824947357177734375000000000000000000000E+01
    0.166472315788269042968750000000000000000000E+01    0.862670898437500000000000000000000000000000E+01
    0.169835364818572998046875000000000000000000E+01    0.821558666229248046875000000000000000000000E+01
    0.173266339302062988281250000000000000000000E+01    0.782371187210083007812500000000000000000000E+01
    0.176766479015350341796875000000000000000000E+01    0.745025348663330078125000000000000000000000E+01
    0.180337476730346679687500000000000000000000E+01    0.709438896179199218750000000000000000000000E+01
    0.183980441093444824218750000000000000000000E+01    0.675525093078613281250000000000000000000000E+01
    0.187697184085845947265625000000000000000000E+01    0.643216514587402343750000000000000000000000E+01
    0.191488826274871826171875000000000000000000E+01    0.612427568435668945312500000000000000000000E+01
    0.195357239246368408203125000000000000000000E+01    0.583090734481811523437500000000000000000000E+01
    0.199303627014160156250000000000000000000000E+01    0.555138969421386718750000000000000000000000E+01
    0.203329920768737792968750000000000000000000E+01    0.528501081466674804687500000000000000000000E+01
    0.207437348365783691406250000000000000000000E+01    0.503122329711914062500000000000000000000000E+01
    0.211627960205078125000000000000000000000000E+01    0.478940534591674804687500000000000000000000E+01
    0.215903019905090332031250000000000000000000E+01    0.455900192260742187500000000000000000000000E+01
    0.220264649391174316406250000000000000000000E+01    0.433948040008544921875000000000000000000000E+01
    0.224714183807373046875000000000000000000000E+01    0.413038396835327148437500000000000000000000E+01
    0.229253816604614257812500000000000000000000E+01    0.393120121955871582031250000000000000000000E+01
    0.233884930610656738281250000000000000000000E+01    0.374145364761352539062500000000000000000000E+01
    0.238609838485717773437500000000000000000000E+01    0.356069731712341308593750000000000000000000E+01
    0.243429946899414062500000000000000000000000E+01    0.338851857185363769531250000000000000000000E+01
    0.248347663879394531250000000000000000000000E+01    0.322449564933776855468750000000000000000000E+01
    0.253364515304565429687500000000000000000000E+01    0.306829619407653808593750000000000000000000E+01
    0.258482933044433593750000000000000000000000E+01    0.291950368881225585937500000000000000000000E+01
    0.263704514503479003906250000000000000000000E+01    0.277781653404235839843750000000000000000000E+01
    0.269031810760498046875000000000000000000000E+01    0.264288568496704101562500000000000000000000E+01
    0.274466466903686523437500000000000000000000E+01    0.251439094543457031250000000000000000000000E+01
    0.280011177062988281250000000000000000000000E+01    0.239204955101013183593750000000000000000000E+01
    0.285667920112609863281250000000000000000000E+01    0.227553534507751464843750000000000000000000E+01
    0.291438651084899902343750000000000000000000E+01    0.216458821296691894531250000000000000000000E+01
    0.297326231002807617187500000000000000000000E+01    0.205896592140197753906250000000000000000000E+01
    0.303332471847534179687500000000000000000000E+01    0.195838892459869384765625000000000000000000E+01
    0.309460353851318359375000000000000000000000E+01    0.186266958713531494140625000000000000000000E+01
    0.315711688995361328125000000000000000000000E+01    0.177153706550598144531250000000000000000000E+01
    0.322089648246765136718750000000000000000000E+01    0.168477487564086914062500000000000000000000E+01
    0.328596115112304687500000000000000000000000E+01    0.160219514369964599609375000000000000000000E+01
    0.335234355926513671875000000000000000000000E+01    0.152358913421630859375000000000000000000000E+01
    0.342006349563598632812500000000000000000000E+01    0.144877290725708007812500000000000000000000E+01
    0.348915529251098632812500000000000000000000E+01    0.137756943702697753906250000000000000000000E+01
    0.355963897705078125000000000000000000000000E+01    0.130980730056762695312500000000000000000000E+01
    0.363155031204223632812500000000000000000000E+01    0.124532377719879150390625000000000000000000E+01
    0.370491051673889160156250000000000000000000E+01    0.118396818637847900390625000000000000000000E+01
    0.377975654602050781250000000000000000000000E+01    0.112557864189147949218750000000000000000000E+01
    0.385611033439636230468750000000000000000000E+01    0.107001507282257080078125000000000000000000E+01
    0.393401122093200683593750000000000000000000E+01    0.101715004444122314453125000000000000000000E+01
    0.401348161697387695312500000000000000000000E+01    0.966854155063629150390625000000000000000000E+00
    0.409456062316894531250000000000000000000000E+01    0.919015884399414062500000000000000000000000E+00
    0.417727470397949218750000000000000000000000E+01    0.873498260974884033203125000000000000000000E+00
    0.426166296005249023437500000000000000000000E+01    0.830202400684356689453125000000000000000000E+00
    0.434775209426879882812500000000000000000000E+01    0.789019525051116943359375000000000000000000E+00
    0.443558454513549804687500000000000000000000E+01    0.749844789505004882812500000000000000000000E+00
