    0.999999974737875163555145263671875000000000E-04    0.444123718261718750000000000000000000000000E+03
    0.102020130725577473640441894531250000000000E-03    0.452778686523437500000000000000000000000000E+03
    0.104081082099582999944686889648437500000000E-03    0.461602142333984375000000000000000000000000E+03
    0.106183659227099269628524780273437500000000E-03    0.470597351074218750000000000000000000000000E+03
    0.108328706119209527969360351562500000000000E-03    0.479767639160156250000000000000000000000000E+03
    0.110517095890827476978302001953125000000000E-03    0.489116424560546875000000000000000000000000E+03
    0.112749679828993976116180419921875000000000E-03    0.498647186279296875000000000000000000000000E+03
    0.115027374704368412494659423828125000000000E-03    0.508363372802734375000000000000000000000000E+03
    0.117351090011652559041976928710937500000000E-03    0.518268676757812500000000000000000000000000E+03
    0.119721727969590574502944946289062500000000E-03    0.528366699218750000000000000000000000000000E+03
    0.122140278108417987823486328125000000000000E-03    0.538661132812500000000000000000000000000000E+03
    0.124607671750709414482116699218750000000000E-03    0.549155822753906250000000000000000000000000E+03
    0.127124920254573225975036621093750000000000E-03    0.559854675292968750000000000000000000000000E+03
    0.129692998598329722881317138671875000000000E-03    0.570761596679687500000000000000000000000000E+03
    0.132312969071790575981140136718750000000000E-03    0.581880676269531250000000000000000000000000E+03
    0.134985879412852227687835693359375000000000E-03    0.593215942382812500000000000000000000000000E+03
    0.137712777359411120414733886718750000000000E-03    0.604771606445312500000000000000000000000000E+03
    0.140494754305109381675720214843750000000000E-03    0.616551940917968750000000000000000000000000E+03
    0.143332930747419595718383789062500000000000E-03    0.628561340332031250000000000000000000000000E+03
    0.146228456287644803524017333984375000000000E-03    0.640804138183593750000000000000000000000000E+03
    0.149182465975172817707061767578125000000000E-03    0.653284851074218750000000000000000000000000E+03
    0.152196153067052364349365234375000000000000E-03    0.666008178710937500000000000000000000000000E+03
    0.155270710820332169532775878906250000000000E-03    0.678978637695312500000000000000000000000000E+03
    0.158407390699721872806549072265625000000000E-03    0.692201049804687500000000000000000000000000E+03
    0.161607444169931113719940185546875000000000E-03    0.705680358886718750000000000000000000000000E+03
    0.164872122695669531822204589843750000000000E-03    0.719421386718750000000000000000000000000000E+03
    0.168202750501222908496856689453125000000000E-03    0.733429321289062500000000000000000000000000E+03
    0.171600666362792253494262695312500000000000E-03    0.747709167480468750000000000000000000000000E+03
    0.175067238160409033298492431640625000000000E-03    0.762266235351562500000000000000000000000000E+03
    0.178603833774104714393615722656250000000000E-03    0.777105834960937500000000000000000000000000E+03
    0.182211864739656448364257812500000000000000E-03    0.792233337402343750000000000000000000000000E+03
    0.185892800800502300262451171875000000000000E-03    0.807654418945312500000000000000000000000000E+03
    0.189648068044334650039672851562500000000000E-03    0.823374572753906250000000000000000000000000E+03
    0.193479223526082932949066162109375000000000E-03    0.839399658203125000000000000000000000000000E+03
    0.197387780644930899143218994140625000000000E-03    0.855735412597656250000000000000000000000000E+03
    0.201375267351977527141571044921875000000000E-03    0.872387817382812500000000000000000000000000E+03
    0.205443298909813165664672851562500000000000E-03    0.889362976074218750000000000000000000000000E+03
    0.209593548788689076900482177734375000000000E-03    0.906666992187500000000000000000000000000000E+03
    0.213827603147365152835845947265625000000000E-03    0.924306274414062500000000000000000000000000E+03
    0.218147222767584025859832763671875000000000E-03    0.942287109375000000000000000000000000000000E+03
    0.222554081119596958160400390625000000000000E-03    0.960616088867187500000000000000000000000000E+03
    0.227049968088977038860321044921875000000000E-03    0.979299865722656250000000000000000000000000E+03
    0.231636688113212585449218750000000000000000E-03    0.998345153808593750000000000000000000000000E+03
    0.236316060181707143783569335937500000000000E-03    0.101775891113281250000000000000000000000000E+04
    0.241089961491525173187255859375000000000000E-03    0.103754809570312500000000000000000000000000E+04
    0.245960312895476818084716796875000000000000E-03    0.105771972656250000000000000000000000000000E+04
    0.250929006142541766166687011718750000000000E-03    0.107828137207031250000000000000000000000000E+04
    0.255998136708512902259826660156250000000000E-03    0.109924011230468750000000000000000000000000E+04
    0.261169654550030827522277832031250000000000E-03    0.112060363769531250000000000000000000000000E+04
    0.266445596935227513313293457031250000000000E-03    0.114237951660156250000000000000000000000000E+04
    0.271828175755217671394348144531250000000000E-03    0.116457568359375000000000000000000000000000E+04
    0.277319486485794186592102050781250000000000E-03    0.118719995117187500000000000000000000000000E+04
    0.282921682810410857200622558593750000000000E-03    0.121026062011718750000000000000000000000000E+04
    0.288637093035504221916198730468750000000000E-03    0.123376562500000000000000000000000000000000E+04
    0.294467929052188992500305175781250000000000E-03    0.125772351074218750000000000000000000000000E+04
    0.300416606478393077850341796875000000000000E-03    0.128214270019531250000000000000000000000000E+04
    0.306485395412892103195190429687500000000000E-03    0.130703198242187500000000000000000000000000E+04
    0.312676827888935804367065429687500000000000E-03    0.133240002441406250000000000000000000000000E+04
    0.318993290420621633529663085937500000000000E-03    0.135825573730468750000000000000000000000000E+04
    0.325437402352690696716308593750000000000000E-03    0.138460839843750000000000000000000000000000E+04
    0.332011666614562273025512695312500000000000E-03    0.141146728515625000000000000000000000000000E+04
    0.338718760758638381958007812500000000000000E-03    0.143884167480468750000000000000000000000000E+04
    0.345561362337321043014526367187500000000000E-03    0.146674121093750000000000000000000000000000E+04
    0.352542119799181818962097167968750000000000E-03    0.149517565917968750000000000000000000000000E+04
    0.359663943527266383171081542968750000000000E-03    0.152415490722656250000000000000000000000000E+04
    0.366929627489298582077026367187500000000000E-03    0.155368920898437500000000000000000000000000E+04
    0.374342111172154545783996582031250000000000E-03    0.158378857421875000000000000000000000000000E+04
    0.381904304958879947662353515625000000000000E-03    0.161446362304687500000000000000000000000000E+04
    0.389619322959333658218383789062500000000000E-03    0.164572485351562500000000000000000000000000E+04
    0.397490162868052721023559570312500000000000E-03    0.167758300781250000000000000000000000000000E+04
    0.405519997002556920051574707031250000000000E-03    0.171004907226562500000000000000000000000000E+04
    0.413712026784196496009826660156250000000000E-03    0.174313403320312500000000000000000000000000E+04
    0.422069540945813059806823730468750000000000E-03    0.177684924316406250000000000000000000000000E+04
    0.430595915531739592552185058593750000000000E-03    0.181120617675781250000000000000000000000000E+04
    0.439294555690139532089233398437500000000000E-03    0.184621655273437500000000000000000000000000E+04
    0.448168895673006772994995117187500000000000E-03    0.188189208984375000000000000000000000000000E+04
    0.457222486147657036781311035156250000000000E-03    0.191824487304687500000000000000000000000000E+04
    0.466458965092897415161132812500000000000000E-03    0.195528710937500000000000000000000000000000E+04
    0.475882086902856826782226562500000000000000E-03    0.199303112792968750000000000000000000000000E+04
    0.485495518660172820091247558593750000000000E-03    0.203148950195312500000000000000000000000000E+04
    0.495303189381957054138183593750000000000000E-03    0.207067504882812500000000000000000000000000E+04
    0.505309028085321187973022460937500000000000E-03    0.211060058593750000000000000000000000000000E+04
    0.515516963787376880645751953125000000000000E-03    0.215127929687500000000000000000000000000000E+04
    0.525931071024388074874877929687500000000000E-03    0.219272460937500000000000000000000000000000E+04
    0.536555540747940540313720703125000000000000E-03    0.223494995117187500000000000000000000000000E+04
    0.547394680324941873550415039062500000000000E-03    0.227796923828125000000000000000000000000000E+04
    0.558452797122299671173095703125000000000000E-03    0.232179614257812500000000000000000000000000E+04
    0.569734314922243356704711914062500000000000E-03    0.236644506835937500000000000000000000000000E+04
    0.581243715714663267135620117187500000000000E-03    0.241192993164062500000000000000000000000000E+04
    0.592985597904771566390991210937500000000000E-03    0.245826562500000000000000000000000000000000E+04
    0.604964734520763158798217773437500000000000E-03    0.250546679687500000000000000000000000000000E+04
    0.617185782175511121749877929687500000000000E-03    0.255354785156250000000000000000000000000000E+04
    0.629653746727854013442993164062500000000000E-03    0.260252465820312500000000000000000000000000E+04
    0.642373692244291305541992187500000000000000E-03    0.265241162109375000000000000000000000000000E+04
    0.655350449960678815841674804687500000000000E-03    0.270322509765625000000000000000000000000000E+04
    0.668589433189481496810913085937500000000000E-03    0.275497998046875000000000000000000000000000E+04
    0.682095822412520647048950195312500000000000E-03    0.280769262695312500000000000000000000000000E+04
    0.695875030942261219024658203125000000000000E-03    0.286137915039062500000000000000000000000000E+04
    0.709932646714150905609130859375000000000000E-03    0.291605541992187500000000000000000000000000E+04
    0.724274199455976486206054687500000000000000E-03    0.297173828125000000000000000000000000000000E+04
    0.738905626349151134490966796875000000000000E-03    0.302844409179687500000000000000000000000000E+04
    0.753832457121461629867553710937500000000000E-03    0.308618994140625000000000000000000000000000E+04
    0.769060861784964799880981445312500000000000E-03    0.314499291992187500000000000000000000000000E+04
    0.784596893936395645141601562500000000000000E-03    0.320486987304687500000000000000000000000000E+04
    0.800446781795471906661987304687500000000000E-03    0.326583813476562500000000000000000000000000E+04
    0.816616869997233152389526367187500000000000E-03    0.332791552734375000000000000000000000000000E+04
    0.833113677799701690673828125000000000000000E-03    0.339111962890625000000000000000000000000000E+04
    0.849943608045578002929687500000000000000000E-03    0.345546826171875000000000000000000000000000E+04
    0.867113587446510791778564453125000000000000E-03    0.352097973632812500000000000000000000000000E+04
    0.884630659129470586776733398437500000000000E-03    0.358767187500000000000000000000000000000000E+04
    0.902501342352479696273803710937500000000000E-03    0.365556323242187500000000000000000000000000E+04
    0.920733029488474130630493164062500000000000E-03    0.372467236328125000000000000000000000000000E+04
    0.939333112910389900207519531250000000000000E-03    0.379501782226562500000000000000000000000000E+04
    0.958308868575841188430786132812500000000000E-03    0.386661840820312500000000000000000000000000E+04
    0.977667979896068572998046875000000000000000E-03    0.393949267578125000000000000000000000000000E+04
    0.997418188489973545074462890625000000000000E-03    0.401366015625000000000000000000000000000000E+04
    0.101756735239177942276000976562500000000000E-02    0.408913940429687500000000000000000000000000E+04
    0.103812362067401409149169921875000000000000E-02    0.416595019531250000000000000000000000000000E+04
    0.105909502599388360977172851562500000000000E-02    0.424411132812500000000000000000000000000000E+04
    0.108049006666988134384155273437500000000000E-02    0.432364208984375000000000000000000000000000E+04
    0.110231747385114431381225585937500000000000E-02    0.440456250000000000000000000000000000000000E+04
    0.112458574585616588592529296875000000000000E-02    0.448689160156250000000000000000000000000000E+04
    0.114730407949537038803100585937500000000000E-02    0.457064941406250000000000000000000000000000E+04
    0.117048120591789484024047851562500000000000E-02    0.465585498046875000000000000000000000000000E+04
    0.119412643834948539733886718750000000000000E-02    0.474252783203125000000000000000000000000000E+04
    0.121824943926185369491577148437500000000000E-02    0.483068798828125000000000000000000000000000E+04
    0.124285963829606771469116210937500000000000E-02    0.492035498046875000000000000000000000000000E+04
    0.126796704716980457305908203125000000000000E-02    0.501154833984375000000000000000000000000000E+04
    0.129358167760074138641357421875000000000000E-02    0.510428710937500000000000000000000000000000E+04
    0.131971365772187709808349609375000000000000E-02    0.519859130859375000000000000000000000000000E+04
    0.134637358132749795913696289062500000000000E-02    0.529447998046875000000000000000000000000000E+04
    0.137357215862721204757690429687500000000000E-02    0.539197314453125000000000000000000000000000E+04
    0.140132009983062744140625000000000000000000E-02    0.549108935546875000000000000000000000000000E+04
    0.142962858080863952636718750000000000000000E-02    0.559184814453125000000000000000000000000000E+04
    0.145850901026278734207153320312500000000000E-02    0.569426806640625000000000000000000000000000E+04
    0.148797314614057540893554687500000000000000E-02    0.579836816406250000000000000000000000000000E+04
    0.151803228072822093963623046875000000000000E-02    0.590416748046875000000000000000000000000000E+04
    0.154869852121919393539428710937500000000000E-02    0.601168457031250000000000000000000000000000E+04
    0.157998420763760805130004882812500000000000E-02    0.612093701171875000000000000000000000000000E+04
    0.161190202925354242324829101562500000000000E-02    0.623194238281250000000000000000000000000000E+04
    0.164446467533707618713378906250000000000000E-02    0.634471923828125000000000000000000000000000E+04
    0.167768495157361030578613281250000000000000E-02    0.645928466796875000000000000000000000000000E+04
    0.171157636214047670364379882812500000000000E-02    0.657565576171875000000000000000000000000000E+04
    0.174615241121500730514526367187500000000000E-02    0.669384863281250000000000000000000000000000E+04
    0.178142718505114316940307617187500000000000E-02    0.681387988281250000000000000000000000000000E+04
    0.181741418782621622085571289062500000000000E-02    0.693576513671875000000000000000000000000000E+04
    0.185412843711674213409423828125000000000000E-02    0.705952050781250000000000000000000000000000E+04
    0.189158413559198379516601562500000000000000E-02    0.718516015625000000000000000000000000000000E+04
    0.192979711573570966720581054687500000000000E-02    0.731269873046875000000000000000000000000000E+04
    0.196878169663250446319580078125000000000000E-02    0.744214941406250000000000000000000000000000E+04
    0.200855359435081481933593750000000000000000E-02    0.757352636718750000000000000000000000000000E+04
    0.204912899062037467956542968750000000000000E-02    0.770684228515625000000000000000000000000000E+04
    0.209052418358623981475830078125000000000000E-02    0.784210839843750000000000000000000000000000E+04
    0.213275570422410964965820312500000000000000E-02    0.797933544921875000000000000000000000000000E+04
    0.217583985067903995513916015625000000000000E-02    0.811853515625000000000000000000000000000000E+04
    0.221979478374123573303222656250000000000000E-02    0.825971679687500000000000000000000000000000E+04
    0.226463773287832736968994140625000000000000E-02    0.840288964843750000000000000000000000000000E+04
    0.231038639321923255920410156250000000000000E-02    0.854806054687500000000000000000000000000000E+04
    0.235705915838479995727539062500000000000000E-02    0.869523828125000000000000000000000000000000E+04
    0.240467488765716552734375000000000000000000E-02    0.884442773437500000000000000000000000000000E+04
    0.245325244031846523284912109375000000000000E-02    0.899563574218750000000000000000000000000000E+04
    0.250281183980405330657958984375000000000000E-02    0.914886621093750000000000000000000000000000E+04
    0.255337217822670936584472656250000000000000E-02    0.930412109375000000000000000000000000000000E+04
    0.260495371185243129730224609375000000000000E-02    0.946140429687500000000000000000000000000000E+04
    0.265757716260850429534912109375000000000000E-02    0.962071582031250000000000000000000000000000E+04
    0.271126371808350086212158203125000000000000E-02    0.978205566406250000000000000000000000000000E+04
    0.276603479869663715362548828125000000000000E-02    0.994542285156250000000000000000000000000000E+04
    0.282191229052841663360595703125000000000000E-02    0.101108144531250000000000000000000000000000E+05
    0.287891877815127372741699218750000000000000E-02    0.102782255859375000000000000000000000000000E+05
    0.293707661330699920654296875000000000000000E-02    0.104476513671875000000000000000000000000000E+05
    0.299640954472124576568603515625000000000000E-02    0.106190849609375000000000000000000000000000E+05
    0.305694085545837879180908203125000000000000E-02    0.107925185546875000000000000000000000000000E+05
    0.311869522556662559509277343750000000000000E-02    0.109679414062500000000000000000000000000000E+05
    0.318169780075550079345703125000000000000000E-02    0.111453417968750000000000000000000000000000E+05
    0.324597232975065708160400390625000000000000E-02    0.113247060546875000000000000000000000000000E+05
    0.331154512241482734680175781250000000000000E-02    0.115060195312500000000000000000000000000000E+05
    0.337844272144138813018798828125000000000000E-02    0.116892666015625000000000000000000000000000E+05
    0.344669190235435962677001953125000000000000E-02    0.118744277343750000000000000000000000000000E+05
    0.351631967350840568542480468750000000000000E-02    0.120614814453125000000000000000000000000000E+05
    0.358735374175012111663818359375000000000000E-02    0.122504052734375000000000000000000000000000E+05
    0.365982321090996265411376953125000000000000E-02    0.124411767578125000000000000000000000000000E+05
    0.373375625349581241607666015625000000000000E-02    0.126337666015625000000000000000000000000000E+05
    0.380918313749134540557861328125000000000000E-02    0.128281455078125000000000000000000000000000E+05
    0.388613343238830566406250000000000000000000E-02    0.130242822265625000000000000000000000000000E+05
    0.396463880315423011779785156250000000000000E-02    0.132221425781250000000000000000000000000000E+05
    0.404472928494215011596679687500000000000000E-02    0.134216894531250000000000000000000000000000E+05
    0.412643933668732643127441406250000000000000E-02    0.136228857421875000000000000000000000000000E+05
    0.420979922637343406677246093750000000000000E-02    0.138256884765625000000000000000000000000000E+05
    0.429484248161315917968750000000000000000000E-02    0.140300566406250000000000000000000000000000E+05
    0.438160402700304985046386718750000000000000E-02    0.142359433593750000000000000000000000000000E+05
    0.447011832147836685180664062500000000000000E-02    0.144432998046875000000000000000000000000000E+05
    0.456042028963565826416015625000000000000000E-02    0.146520732421875000000000000000000000000000E+05
    0.465254718437790870666503906250000000000000E-02    0.148622041015625000000000000000000000000000E+05
    0.474653439596295356750488281250000000000000E-02    0.150736289062500000000000000000000000000000E+05
    0.484242103993892669677734375000000000000000E-02    0.152862832031250000000000000000000000000000E+05
    0.494024436920881271362304687500000000000000E-02    0.155000986328125000000000000000000000000000E+05
    0.504004349932074546813964843750000000000000E-02    0.157150126953125000000000000000000000000000E+05
    0.514185894280672073364257812500000000000000E-02    0.159309667968750000000000000000000000000000E+05
    0.524573167786002159118652343750000000000000E-02    0.161479013671875000000000000000000000000000E+05
    0.535170361399650573730468750000000000000000E-02    0.163657539062500000000000000000000000000000E+05
    0.545981479808688163757324218750000000000000E-02    0.165844570312500000000000000000000000000000E+05
    0.557011039927601814270019531250000000000000E-02    0.168039199218750000000000000000000000000000E+05
    0.568263372406363487243652343750000000000000E-02    0.170240214843750000000000000000000000000000E+05
    0.579743087291717529296875000000000000000000E-02    0.172446464843750000000000000000000000000000E+05
    0.591454654932022094726562500000000000000000E-02    0.174656660156250000000000000000000000000000E+05
    0.603402825072407722473144531250000000000000E-02    0.176869531250000000000000000000000000000000E+05
    0.615592347458004951477050781250000000000000E-02    0.179084003906250000000000000000000000000000E+05
    0.628028111532330513000488281250000000000000E-02    0.181299062500000000000000000000000000000000E+05
    0.640715099871158599853515625000000000000000E-02    0.183513750000000000000000000000000000000000E+05
    0.653658434748649597167968750000000000000000E-02    0.185727011718750000000000000000000000000000E+05
    0.666863145306706428527832031250000000000000E-02    0.187937773437500000000000000000000000000000E+05
    0.680334679782390594482421875000000000000000E-02    0.190144804687500000000000000000000000000000E+05
    0.694078346714377403259277343750000000000000E-02    0.192346738281250000000000000000000000000000E+05
    0.708099640905857086181640625000000000000000E-02    0.194542148437500000000000000000000000000000E+05
    0.722404150292277336120605468750000000000000E-02    0.196729628906250000000000000000000000000000E+05
    0.736997742205858230590820312500000000000000E-02    0.198907675781250000000000000000000000000000E+05
    0.751886051148176193237304687500000000000000E-02    0.201074785156250000000000000000000000000000E+05
    0.767075084149837493896484375000000000000000E-02    0.203229316406250000000000000000000000000000E+05
    0.782571360468864440917968750000000000000000E-02    0.205369648437500000000000000000000000000000E+05
    0.798380374908447265625000000000000000000000E-02    0.207494121093750000000000000000000000000000E+05
    0.814508739858865737915039062500000000000000E-02    0.209600996093750000000000000000000000000000E+05
    0.830962881445884704589843750000000000000000E-02    0.211688515625000000000000000000000000000000E+05
    0.847749505192041397094726562500000000000000E-02    0.213754843750000000000000000000000000000000E+05
    0.864875130355358123779296875000000000000000E-02    0.215798105468750000000000000000000000000000E+05
    0.882346741855144500732421875000000000000000E-02    0.217816425781250000000000000000000000000000E+05
    0.900171231478452682495117187500000000000000E-02    0.219807851562500000000000000000000000000000E+05
    0.918355956673622131347656250000000000000000E-02    0.221770371093750000000000000000000000000000E+05
    0.936907902359962463378906250000000000000000E-02    0.223701875000000000000000000000000000000000E+05
    0.955834705382585525512695312500000000000000E-02    0.225600253906250000000000000000000000000000E+05
    0.975143909454345703125000000000000000000000E-02    0.227463378906250000000000000000000000000000E+05
    0.994843058288097381591796875000000000000000E-02    0.229289023437500000000000000000000000000000E+05
    0.101494016125798225402832031250000000000000E-01    0.231074921875000000000000000000000000000000E+05
    0.103544332087039947509765625000000000000000E-01    0.232818710937500000000000000000000000000000E+05
    0.105636063963174819946289062500000000000000E-01    0.234518007812500000000000000000000000000000E+05
    0.107770059257745742797851562500000000000000E-01    0.236170410156250000000000000000000000000000E+05
    0.109947146847844123840332031250000000000000E-01    0.237773496093750000000000000000000000000000E+05
    0.112168220803141593933105468750000000000000E-01    0.239324511718750000000000000000000000000000E+05
    0.114434175193309783935546875000000000000000E-01    0.240820683593750000000000000000000000000000E+05
    0.116745894774794578552246093750000000000000E-01    0.242259160156250000000000000000000000000000E+05
    0.119104310870170593261718750000000000000000E-01    0.243637148437500000000000000000000000000000E+05
    0.121510382741689682006835937500000000000000E-01    0.244951992187500000000000000000000000000000E+05
    0.123965051025152206420898437500000000000000E-01    0.246201562500000000000000000000000000000000E+05
    0.126469302922487258911132812500000000000000E-01    0.247383964843750000000000000000000000000000E+05
    0.129024153575301170349121093750000000000000E-01    0.248497285156250000000000000000000000000000E+05
    0.131630674004554748535156250000000000000000E-01    0.249539707031250000000000000000000000000000E+05
    0.134289795532822608947753906250000000000000E-01    0.250508632812500000000000000000000000000000E+05
    0.137002617120742797851562500000000000000000E-01    0.251398593750000000000000000000000000000000E+05
    0.139770256355404853820800781250000000000000E-01    0.252203476562500000000000000000000000000000E+05
    0.142593793570995330810546875000000000000000E-01    0.252917207031250000000000000000000000000000E+05
    0.145474374294281005859375000000000000000000E-01    0.253533730468750000000000000000000000000000E+05
    0.148413162678480148315429687500000000000000E-01    0.254050214843750000000000000000000000000000E+05
    0.151411294937133789062500000000000000000000E-01    0.254474062500000000000000000000000000000000E+05
    0.154470009729266166687011718750000000000000E-01    0.254814863281250000000000000000000000000000E+05
    0.157590489834547042846679687500000000000000E-01    0.255082363281250000000000000000000000000000E+05
    0.160774048417806625366210937500000000000000E-01    0.255286367187500000000000000000000000000000E+05
    0.164021886885166168212890625000000000000000E-01    0.255429648437500000000000000000000000000000E+05
    0.167335346341133117675781250000000000000000E-01    0.255494902343750000000000000000000000000000E+05
    0.170715730637311935424804687500000000000000E-01    0.255461386718750000000000000000000000000000E+05
    0.174164418131113052368164062500000000000000E-01    0.255308496093750000000000000000000000000000E+05
    0.177682787179946899414062500000000000000000E-01    0.255015820312500000000000000000000000000000E+05
    0.181272197514772415161132812500000000000000E-01    0.254571425781250000000000000000000000000000E+05
    0.184934139251708984375000000000000000000000E-01    0.253983789062500000000000000000000000000000E+05
    0.188670046627521514892578125000000000000000E-01    0.253264609375000000000000000000000000000000E+05
    0.192481447011232376098632812500000000000000E-01    0.252425703125000000000000000000000000000000E+05
    0.196369830518960952758789062500000000000000E-01    0.251478847656250000000000000000000000000000E+05
    0.200336743146181106567382812500000000000000E-01    0.250428515625000000000000000000000000000000E+05
    0.204383805394172668457031250000000000000000E-01    0.249263417968750000000000000000000000000000E+05
    0.208512637764215469360351562500000000000000E-01    0.247970527343750000000000000000000000000000E+05
    0.212724860757589340209960937500000000000000E-01    0.246537324218750000000000000000000000000000E+05
    0.217022281140089035034179687500000000000000E-01    0.244951894531250000000000000000000000000000E+05
    0.221406426280736923217773437500000000000000E-01    0.243211289062500000000000000000000000000000E+05
    0.225879121571779251098632812500000000000000E-01    0.241328906250000000000000000000000000000000E+05
    0.230442192405462265014648437500000000000000E-01    0.239319921875000000000000000000000000000000E+05
    0.235097426921129226684570312500000000000000E-01    0.237199316406250000000000000000000000000000E+05
    0.239846706390380859375000000000000000000000E-01    0.234981757812500000000000000000000000000000E+05
    0.244691912084817886352539062500000000000000E-01    0.232676914062500000000000000000000000000000E+05
    0.249635018408298492431640625000000000000000E-01    0.230286289062500000000000000000000000000000E+05
    0.254677981138229370117187500000000000000000E-01    0.227810722656250000000000000000000000000000E+05
    0.259822811931371688842773437500000000000000E-01    0.225251250000000000000000000000000000000000E+05
    0.265071578323841094970703125000000000000000E-01    0.222609101562500000000000000000000000000000E+05
    0.270426385104656219482421875000000000000000E-01    0.219884707031250000000000000000000000000000E+05
    0.275889337062835693359375000000000000000000E-01    0.217077226562500000000000000000000000000000E+05
    0.281462669372558593750000000000000000000000E-01    0.214186035156250000000000000000000000000000E+05
    0.287148579955101013183593750000000000000000E-01    0.211210859375000000000000000000000000000000E+05
    0.292949359863996505737304687500000000000000E-01    0.208151835937500000000000000000000000000000E+05
    0.298867337405681610107421875000000000000000E-01    0.205013222656250000000000000000000000000000E+05
    0.304904840886592864990234375000000000000000E-01    0.201804472656250000000000000000000000000000E+05
    0.311064328998327255249023437500000000000000E-01    0.198535175781250000000000000000000000000000E+05
    0.317348241806030273437500000000000000000000E-01    0.195214589843750000000000000000000000000000E+05
    0.323759093880653381347656250000000000000000E-01    0.191851796875000000000000000000000000000000E+05
    0.330299474298954010009765625000000000000000E-01    0.188457910156250000000000000000000000000000E+05
    0.336971953511238098144531250000000000000000E-01    0.185046406250000000000000000000000000000000E+05
    0.343779213726520538330078125000000000000000E-01    0.181630136718750000000000000000000000000000E+05
    0.350724011659622192382812500000000000000000E-01    0.178221210937500000000000000000000000000000E+05
    0.357809104025363922119140625000000000000000E-01    0.174830957031250000000000000000000000000000E+05
    0.365037508308887481689453125000000000000000E-01    0.171469062500000000000000000000000000000000E+05
    0.372411720454692840576171875000000000000000E-01    0.168143710937500000000000000000000000000000E+05
    0.379934944212436676025390625000000000000000E-01    0.164862441406250000000000000000000000000000E+05
    0.387610122561454772949218750000000000000000E-01    0.161632158203125000000000000000000000000000E+05
    0.395440347492694854736328125000000000000000E-01    0.158459228515625000000000000000000000000000E+05
    0.403428785502910614013671875000000000000000E-01    0.155349404296875000000000000000000000000000E+05
    0.411578565835952758789062500000000000000000E-01    0.152307802734375000000000000000000000000000E+05
    0.419893004000186920166015625000000000000000E-01    0.149339091796875000000000000000000000000000E+05
    0.428375415503978729248046875000000000000000E-01    0.146447490234375000000000000000000000000000E+05
    0.437029153108596801757812500000000000000000E-01    0.143636992187500000000000000000000000000000E+05
    0.445857718586921691894531250000000000000000E-01    0.140914990234375000000000000000000000000000E+05
    0.454864650964736938476562500000000000000000E-01    0.138291367187500000000000000000000000000000E+05
    0.464053489267826080322265625000000000000000E-01    0.135775292968750000000000000000000000000000E+05
    0.473427996039390563964843750000000000000000E-01    0.133375195312500000000000000000000000000000E+05
    0.482991859316825866699218750000000000000000E-01    0.131097304687500000000000000000000000000000E+05
    0.492748916149139404296875000000000000000000E-01    0.128935859375000000000000000000000000000000E+05
    0.502703115344047546386718750000000000000000E-01    0.126880244140625000000000000000000000000000E+05
    0.512858368456363677978515625000000000000000E-01    0.124920468750000000000000000000000000000000E+05
    0.523218810558319091796875000000000000000000E-01    0.123047148437500000000000000000000000000000E+05
    0.533788502216339111328125000000000000000000E-01    0.121251210937500000000000000000000000000000E+05
    0.544571764767169952392578125000000000000000E-01    0.119523896484375000000000000000000000000000E+05
    0.555572807788848876953125000000000000000000E-01    0.117856894531250000000000000000000000000000E+05
    0.566796138882637023925781250000000000000000E-01    0.116242265625000000000000000000000000000000E+05
    0.578246153891086578369140625000000000000000E-01    0.114670400390625000000000000000000000000000E+05
    0.589927472174167633056640625000000000000000E-01    0.113129824218750000000000000000000000000000E+05
    0.601844787597656250000000000000000000000000E-01    0.111609492187500000000000000000000000000000E+05
    0.614003166556358337402343750000000000000000E-01    0.110098574218750000000000000000000000000000E+05
    0.626406818628311157226562500000000000000000E-01    0.108583642578125000000000000000000000000000E+05
    0.639061108231544494628906250000000000000000E-01    0.107050302734375000000000000000000000000000E+05
    0.651970952749252319335937500000000000000000E-01    0.105484960937500000000000000000000000000000E+05
    0.665141642093658447265625000000000000000000E-01    0.103870361328125000000000000000000000000000E+05
    0.678578317165374755859375000000000000000000E-01    0.102182568359375000000000000000000000000000E+05
    0.692286565899848937988281250000000000000000E-01    0.100398710937500000000000000000000000000000E+05
    0.706271678209304809570312500000000000000000E-01    0.985045898437500000000000000000000000000000E+04
    0.720539242029190063476562500000000000000000E-01    0.965093359375000000000000000000000000000000E+04
    0.735095068812370300292968750000000000000000E-01    0.944266894531250000000000000000000000000000E+04
    0.749944970011711120605468750000000000000000E-01    0.922630859375000000000000000000000000000000E+04
    0.765094906091690063476562500000000000000000E-01    0.900001171875000000000000000000000000000000E+04
    0.780550837516784667968750000000000000000000E-01    0.876166015625000000000000000000000000000000E+04
    0.796318948268890380859375000000000000000000E-01    0.851101464843750000000000000000000000000000E+04
    0.812405645847320556640625000000000000000000E-01    0.825162792968750000000000000000000000000000E+04
    0.828817337751388549804687500000000000000000E-01    0.798729101562500000000000000000000000000000E+04
    0.845560505986213684082031250000000000000000E-01    0.772064355468750000000000000000000000000000E+04
    0.862641930580139160156250000000000000000000E-01    0.745322509765625000000000000000000000000000E+04
    0.880068466067314147949218750000000000000000E-01    0.718658935546875000000000000000000000000000E+04
    0.897847041487693786621093750000000000000000E-01    0.692309863281250000000000000000000000000000E+04
    0.915984734892845153808593750000000000000000E-01    0.666514599609375000000000000000000000000000E+04
    0.934488773345947265625000000000000000000000E-01    0.641524023437500000000000000000000000000000E+04
    0.953366756439208984375000000000000000000000E-01    0.617598535156250000000000000000000000000000E+04
    0.972625985741615295410156250000000000000000E-01    0.594959521484375000000000000000000000000000E+04
    0.992274358868598937988281250000000000000000E-01    0.573796582031250000000000000000000000000000E+04
    0.101232007145881652832031250000000000000000E+00    0.554286083984375000000000000000000000000000E+04
    0.103277020156383514404296875000000000000000E+00    0.536580664062500000000000000000000000000000E+04
    0.105363354086875915527343750000000000000000E+00    0.520787011718750000000000000000000000000000E+04
    0.107491828501224517822265625000000000000000E+00    0.506823339843750000000000000000000000000000E+04
    0.109663315117359161376953125000000000000000E+00    0.494542236328125000000000000000000000000000E+04
    0.111878655850887298583984375000000000000000E+00    0.483792968750000000000000000000000000000000E+04
    0.114138752222061157226562500000000000000000E+00    0.474270263671875000000000000000000000000000E+04
    0.116444505751132965087890625000000000000000E+00    0.465615087890625000000000000000000000000000E+04
    0.118796832859516143798828125000000000000000E+00    0.457490917968750000000000000000000000000000E+04
    0.121196687221527099609375000000000000000000E+00    0.449560546875000000000000000000000000000000E+04
    0.123645029962062835693359375000000000000000E+00    0.441502197265625000000000000000000000000000E+04
    0.126142814755439758300781250000000000000000E+00    0.433026660156250000000000000000000000000000E+04
    0.128691077232360839843750000000000000000000E+00    0.423888085937500000000000000000000000000000E+04
    0.131290808320045471191406250000000000000000E+00    0.413872656250000000000000000000000000000000E+04
    0.133943051099777221679687500000000000000000E+00    0.402837402343750000000000000000000000000000E+04
    0.136648878455162048339843750000000000000000E+00    0.390695727539062500000000000000000000000000E+04
    0.139409363269805908203125000000000000000000E+00    0.377466210937500000000000000000000000000000E+04
    0.142225623130798339843750000000000000000000E+00    0.363337622070312500000000000000000000000000E+04
    0.145098760724067687988281250000000000000000E+00    0.348547192382812500000000000000000000000000E+04
    0.148029953241348266601562500000000000000000E+00    0.333488061523437500000000000000000000000000E+04
    0.151020348072052001953125000000000000000000E+00    0.318563427734375000000000000000000000000000E+04
    0.154071167111396789550781250000000000000000E+00    0.304170727539062500000000000000000000000000E+04
    0.157183602452278137207031250000000000000000E+00    0.290669213867187500000000000000000000000000E+04
    0.160358920693397521972656250000000000000000E+00    0.278318090820312500000000000000000000000000E+04
    0.163598373532295227050781250000000000000000E+00    0.267295996093750000000000000000000000000000E+04
    0.166903272271156311035156250000000000000000E+00    0.257672363281250000000000000000000000000000E+04
    0.170275032520294189453125000000000000000000E+00    0.249429516601562500000000000000000000000000E+04
    0.173714801669120788574218750000000000000000E+00    0.242432861328125000000000000000000000000000E+04
    0.177224084734916687011718750000000000000000E+00    0.236457690429687500000000000000000000000000E+04
    0.180804237723350524902343750000000000000000E+00    0.231176977539062500000000000000000000000000E+04
    0.184456720948219299316406250000000000000000E+00    0.226210742187500000000000000000000000000000E+04
    0.188182994723320007324218750000000000000000E+00    0.221166723632812500000000000000000000000000E+04
    0.191984534263610839843750000000000000000000E+00    0.215694091796875000000000000000000000000000E+04
    0.195862874388694763183593750000000000000000E+00    0.209546240234375000000000000000000000000000E+04
    0.199819564819335937500000000000000000000000E+00    0.202614184570312500000000000000000000000000E+04
    0.203856185078620910644531250000000000000000E+00    0.194944982910156250000000000000000000000000E+04
    0.207974359393119812011718750000000000000000E+00    0.186751135253906250000000000000000000000000E+04
    0.212175697088241577148437500000000000000000E+00    0.178340026855468750000000000000000000000000E+04
    0.216461926698684692382812500000000000000000E+00    0.170075939941406250000000000000000000000000E+04
    0.220834761857986450195312500000000000000000E+00    0.162280822753906250000000000000000000000000E+04
    0.225295916199684143066406250000000000000000E+00    0.155201110839843750000000000000000000000000E+04
    0.229847192764282226562500000000000000000000E+00    0.148981274414062500000000000000000000000000E+04
    0.234490394592285156250000000000000000000000E+00    0.143651049804687500000000000000000000000000E+04
    0.239227414131164550781250000000000000000000E+00    0.139115380859375000000000000000000000000000E+04
    0.244060128927230834960937500000000000000000E+00    0.135148266601562500000000000000000000000000E+04
    0.248990446329116821289062500000000000000000E+00    0.131439538574218750000000000000000000000000E+04
    0.254020392894744873046875000000000000000000E+00    0.127697619628906250000000000000000000000000E+04
    0.259151935577392578125000000000000000000000E+00    0.123707958984375000000000000000000000000000E+04
    0.264387160539627075195312500000000000000000E+00    0.119359753417968750000000000000000000000000E+04
    0.269728124141693115234375000000000000000000E+00    0.114650817871093750000000000000000000000000E+04
    0.275177001953125000000000000000000000000000E+00    0.109712072753906250000000000000000000000000E+04
    0.280736058950424194335937500000000000000000E+00    0.104779602050781250000000000000000000000000E+04
    0.286407291889190673828125000000000000000000E+00    0.100103735351562500000000000000000000000000E+04
    0.292193114757537841796875000000000000000000E+00    0.958588684082031250000000000000000000000000E+03
    0.298095792531967163085937500000000000000000E+00    0.921108642578125000000000000000000000000000E+03
    0.304117560386657714843750000000000000000000E+00    0.888209045410156250000000000000000000000000E+03
    0.310261309146881103515625000000000000000000E+00    0.858540771484375000000000000000000000000000E+03
    0.316528826951980590820312500000000000000000E+00    0.830263122558593750000000000000000000000000E+03
    0.322923272848129272460937500000000000000000E+00    0.801741577148437500000000000000000000000000E+03
    0.329446613788604736328125000000000000000000E+00    0.771966918945312500000000000000000000000000E+03
    0.336102008819580078125000000000000000000000E+00    0.740827819824218750000000000000000000000000E+03
    0.342891573905944824218750000000000000000000E+00    0.709192810058593750000000000000000000000000E+03
    0.349818587303161621093750000000000000000000E+00    0.678406616210937500000000000000000000000000E+03
    0.356885224580764770507812500000000000000000E+00    0.649622802734375000000000000000000000000000E+03
    0.364094972610473632812500000000000000000000E+00    0.623461547851562500000000000000000000000000E+03
    0.371450334787368774414062500000000000000000E+00    0.599765930175781250000000000000000000000000E+03
    0.378953933715820312500000000000000000000000E+00    0.577675476074218750000000000000000000000000E+03
    0.386609494686126708984375000000000000000000E+00    0.556188354492187500000000000000000000000000E+03
    0.394419312477111816406250000000000000000000E+00    0.534618164062500000000000000000000000000000E+03
    0.402387291193008422851562500000000000000000E+00    0.512806762695312500000000000000000000000000E+03
    0.410515844821929931640625000000000000000000E+00    0.491158355712890625000000000000000000000000E+03
    0.418809026479721069335937500000000000000000E+00    0.470294494628906250000000000000000000000000E+03
    0.427269339561462402343750000000000000000000E+00    0.450734558105468750000000000000000000000000E+03
    0.435900926589965820312500000000000000000000E+00    0.432601348876953125000000000000000000000000E+03
    0.444706469774246215820312500000000000000000E+00    0.415545898437500000000000000000000000000000E+03
    0.453690379858016967773437500000000000000000E+00    0.399090332031250000000000000000000000000000E+03
    0.462855309247970581054687500000000000000000E+00    0.382897705078125000000000000000000000000000E+03
    0.472205787897109985351562500000000000000000E+00    0.366924438476562500000000000000000000000000E+03
    0.481744766235351562500000000000000000000000E+00    0.351416900634765625000000000000000000000000E+03
    0.491476893424987792968750000000000000000000E+00    0.336632080078125000000000000000000000000000E+03
    0.501405119895935058593750000000000000000000E+00    0.322669067382812500000000000000000000000000E+03
    0.511534392833709716796875000000000000000000E+00    0.309434997558593750000000000000000000000000E+03
    0.521867811679840087890625000000000000000000E+00    0.296693237304687500000000000000000000000000E+03
    0.532410502433776855468750000000000000000000E+00    0.284298400878906250000000000000000000000000E+03
    0.543165624141693115234375000000000000000000E+00    0.272272857666015625000000000000000000000000E+03
    0.554138541221618652343750000000000000000000E+00    0.260700683593750000000000000000000000000000E+03
    0.565332591533660888671875000000000000000000E+00    0.249679321289062500000000000000000000000000E+03
    0.576753377914428710937500000000000000000000E+00    0.239164916992187500000000000000000000000000E+03
    0.588404297828674316406250000000000000000000E+00    0.229083175659179687500000000000000000000000E+03
    0.600291073322296142578125000000000000000000E+00    0.219349792480468750000000000000000000000000E+03
    0.612418055534362792968750000000000000000000E+00    0.209964874267578125000000000000000000000000E+03
    0.624789416790008544921875000000000000000000E+00    0.200964523315429687500000000000000000000000E+03
    0.637411296367645263671875000000000000000000E+00    0.192347305297851562500000000000000000000000E+03
    0.650287508964538574218750000000000000000000E+00    0.184096450805664062500000000000000000000000E+03
    0.663424491882324218750000000000000000000000E+00    0.176187805175781250000000000000000000000000E+03
    0.676826238632202148437500000000000000000000E+00    0.168599319458007812500000000000000000000000E+03
    0.690499365329742431640625000000000000000000E+00    0.161313613891601562500000000000000000000000E+03
    0.704448044300079345703125000000000000000000E+00    0.154321685791015625000000000000000000000000E+03
    0.718679130077362060546875000000000000000000E+00    0.147615585327148437500000000000000000000000E+03
    0.733197033405303955078125000000000000000000E+00    0.141187179565429687500000000000000000000000E+03
    0.748008966445922851562500000000000000000000E+00    0.135026702880859375000000000000000000000000E+03
    0.763119339942932128906250000000000000000000E+00    0.129122955322265625000000000000000000000000E+03
    0.778535783290863037109375000000000000000000E+00    0.123465217590332031250000000000000000000000E+03
    0.794262826442718505859375000000000000000000E+00    0.118043342590332031250000000000000000000000E+03
    0.810308396816253662109375000000000000000000E+00    0.112848197937011718750000000000000000000000E+03
    0.826677322387695312500000000000000000000000E+00    0.107871215820312500000000000000000000000000E+03
    0.843377590179443359375000000000000000000000E+00    0.103104095458984375000000000000000000000000E+03
    0.860414624214172363281250000000000000000000E+00    0.985387268066406250000000000000000000000000E+02
    0.877796530723571777343750000000000000000000E+00    0.941671295166015625000000000000000000000000E+02
    0.895528674125671386718750000000000000000000E+00    0.899816055297851562500000000000000000000000E+02
    0.913619995117187500000000000000000000000000E+00    0.859747085571289062500000000000000000000000E+02
    0.932075977325439453125000000000000000000000E+00    0.821389312744140625000000000000000000000000E+02
    0.950905561447143554687500000000000000000000E+00    0.784668045043945312500000000000000000000000E+02
    0.970114648342132568359375000000000000000000E+00    0.749512100219726562500000000000000000000000E+02
    0.989712655544281005859375000000000000000000E+00    0.715856704711914062500000000000000000000000E+02
    0.100970673561096191406250000000000000000000E+01    0.683656158447265625000000000000000000000000E+02
    0.103010356426239013671875000000000000000000E+01    0.652869644165039062500000000000000000000000E+02
