    0.10000E-03    0.44520E+03
    0.10202E-03    0.45388E+03
    0.10408E-03    0.46272E+03
    0.10618E-03    0.47174E+03
    0.10833E-03    0.48093E+03
    0.11052E-03    0.49030E+03
    0.11275E-03    0.49985E+03
    0.11503E-03    0.50959E+03
    0.11735E-03    0.51952E+03
    0.11972E-03    0.52964E+03
    0.12214E-03    0.53996E+03
    0.12461E-03    0.55048E+03
    0.12712E-03    0.56120E+03
    0.12969E-03    0.57213E+03
    0.13231E-03    0.58328E+03
    0.13499E-03    0.59464E+03
    0.13771E-03    0.60622E+03
    0.14049E-03    0.61803E+03
    0.14333E-03    0.63007E+03
    0.14623E-03    0.64234E+03
    0.14918E-03    0.65484E+03
    0.15220E-03    0.66760E+03
    0.15527E-03    0.68060E+03
    0.15841E-03    0.69385E+03
    0.16161E-03    0.70736E+03
    0.16487E-03    0.72113E+03
    0.16820E-03    0.73517E+03
    0.17160E-03    0.74948E+03
    0.17507E-03    0.76407E+03
    0.17860E-03    0.77894E+03
    0.18221E-03    0.79410E+03
    0.18589E-03    0.80955E+03
    0.18965E-03    0.82530E+03
    0.19348E-03    0.84136E+03
    0.19739E-03    0.85773E+03
    0.20138E-03    0.87442E+03
    0.20544E-03    0.89143E+03
    0.20959E-03    0.90877E+03
    0.21383E-03    0.92644E+03
    0.21815E-03    0.94446E+03
    0.22255E-03    0.96283E+03
    0.22705E-03    0.98155E+03
    0.23164E-03    0.10006E+04
    0.23632E-03    0.10201E+04
    0.24109E-03    0.10399E+04
    0.24596E-03    0.10601E+04
    0.25093E-03    0.10807E+04
    0.25600E-03    0.11017E+04
    0.26117E-03    0.11231E+04
    0.26645E-03    0.11449E+04
    0.27183E-03    0.11672E+04
    0.27732E-03    0.11898E+04
    0.28292E-03    0.12129E+04
    0.28864E-03    0.12365E+04
    0.29447E-03    0.12605E+04
    0.30042E-03    0.12849E+04
    0.30649E-03    0.13099E+04
    0.31268E-03    0.13353E+04
    0.31899E-03    0.13612E+04
    0.32544E-03    0.13875E+04
    0.33201E-03    0.14144E+04
    0.33872E-03    0.14419E+04
    0.34556E-03    0.14698E+04
    0.35254E-03    0.14983E+04
    0.35966E-03    0.15273E+04
    0.36693E-03    0.15568E+04
    0.37434E-03    0.15870E+04
    0.38190E-03    0.16177E+04
    0.38962E-03    0.16490E+04
    0.39749E-03    0.16809E+04
    0.40552E-03    0.17134E+04
    0.41371E-03    0.17465E+04
    0.42207E-03    0.17802E+04
    0.43060E-03    0.18146E+04
    0.43929E-03    0.18496E+04
    0.44817E-03    0.18853E+04
    0.45722E-03    0.19217E+04
    0.46646E-03    0.19587E+04
    0.47588E-03    0.19965E+04
    0.48550E-03    0.20350E+04
    0.49530E-03    0.20742E+04
    0.50531E-03    0.21141E+04
    0.51552E-03    0.21548E+04
    0.52593E-03    0.21962E+04
    0.53656E-03    0.22384E+04
    0.54739E-03    0.22814E+04
    0.55845E-03    0.23252E+04
    0.56973E-03    0.23698E+04
    0.58124E-03    0.24153E+04
    0.59299E-03    0.24616E+04
    0.60496E-03    0.25087E+04
    0.61719E-03    0.25567E+04
    0.62965E-03    0.26056E+04
    0.64237E-03    0.26555E+04
    0.65535E-03    0.27062E+04
    0.66859E-03    0.27578E+04
    0.68210E-03    0.28104E+04
    0.69588E-03    0.28640E+04
    0.70993E-03    0.29186E+04
    0.72427E-03    0.29741E+04
    0.73891E-03    0.30306E+04
    0.75383E-03    0.30882E+04
    0.76906E-03    0.31468E+04
    0.78460E-03    0.32065E+04
    0.80045E-03    0.32672E+04
    0.81662E-03    0.33290E+04
    0.83311E-03    0.33920E+04
    0.84994E-03    0.34560E+04
    0.86711E-03    0.35212E+04
    0.88463E-03    0.35875E+04
    0.90250E-03    0.36550E+04
    0.92073E-03    0.37237E+04
    0.93933E-03    0.37936E+04
    0.95831E-03    0.38647E+04
    0.97767E-03    0.39371E+04
    0.99742E-03    0.40107E+04
    0.10176E-02    0.40856E+04
    0.10381E-02    0.41617E+04
    0.10591E-02    0.42392E+04
    0.10805E-02    0.43180E+04
    0.11023E-02    0.43981E+04
    0.11246E-02    0.44795E+04
    0.11473E-02    0.45624E+04
    0.11705E-02    0.46466E+04
    0.11941E-02    0.47321E+04
    0.12182E-02    0.48192E+04
    0.12429E-02    0.49076E+04
    0.12680E-02    0.49974E+04
    0.12936E-02    0.50887E+04
    0.13197E-02    0.51815E+04
    0.13464E-02    0.52757E+04
    0.13736E-02    0.53715E+04
    0.14013E-02    0.54687E+04
    0.14296E-02    0.55674E+04
    0.14585E-02    0.56677E+04
    0.14880E-02    0.57695E+04
    0.15180E-02    0.58728E+04
    0.15487E-02    0.59776E+04
    0.15800E-02    0.60840E+04
    0.16119E-02    0.61919E+04
    0.16445E-02    0.63014E+04
    0.16777E-02    0.64125E+04
    0.17116E-02    0.65251E+04
    0.17462E-02    0.66393E+04
    0.17814E-02    0.67550E+04
    0.18174E-02    0.68723E+04
    0.18541E-02    0.69911E+04
    0.18916E-02    0.71114E+04
    0.19298E-02    0.72333E+04
    0.19688E-02    0.73567E+04
    0.20086E-02    0.74816E+04
    0.20491E-02    0.76079E+04
    0.20905E-02    0.77358E+04
    0.21328E-02    0.78650E+04
    0.21758E-02    0.79957E+04
    0.22198E-02    0.81278E+04
    0.22646E-02    0.82612E+04
    0.23104E-02    0.83960E+04
    0.23571E-02    0.85320E+04
    0.24047E-02    0.86693E+04
    0.24533E-02    0.88077E+04
    0.25028E-02    0.89473E+04
    0.25534E-02    0.90880E+04
    0.26050E-02    0.92297E+04
    0.26576E-02    0.93723E+04
    0.27113E-02    0.95159E+04
    0.27660E-02    0.96602E+04
    0.28219E-02    0.98053E+04
    0.28789E-02    0.99511E+04
    0.29371E-02    0.10097E+05
    0.29964E-02    0.10244E+05
    0.30569E-02    0.10391E+05
    0.31187E-02    0.10539E+05
    0.31817E-02    0.10686E+05
    0.32460E-02    0.10834E+05
    0.33115E-02    0.10982E+05
    0.33784E-02    0.11129E+05
    0.34467E-02    0.11276E+05
    0.35163E-02    0.11423E+05
    0.35874E-02    0.11569E+05
    0.36598E-02    0.11714E+05
    0.37338E-02    0.11859E+05
    0.38092E-02    0.12003E+05
    0.38861E-02    0.12145E+05
    0.39646E-02    0.12286E+05
    0.40447E-02    0.12426E+05
    0.41264E-02    0.12565E+05
    0.42098E-02    0.12702E+05
    0.42948E-02    0.12838E+05
    0.43816E-02    0.12971E+05
    0.44701E-02    0.13103E+05
    0.45604E-02    0.13233E+05
    0.46525E-02    0.13361E+05
    0.47465E-02    0.13488E+05
    0.48424E-02    0.13612E+05
    0.49402E-02    0.13734E+05
    0.50400E-02    0.13855E+05
    0.51419E-02    0.13974E+05
    0.52457E-02    0.14090E+05
    0.53517E-02    0.14206E+05
    0.54598E-02    0.14319E+05
    0.55701E-02    0.14432E+05
    0.56826E-02    0.14543E+05
    0.57974E-02    0.14652E+05
    0.59145E-02    0.14761E+05
    0.60340E-02    0.14868E+05
    0.61559E-02    0.14975E+05
    0.62803E-02    0.15081E+05
    0.64072E-02    0.15186E+05
    0.65366E-02    0.15290E+05
    0.66686E-02    0.15394E+05
    0.68033E-02    0.15497E+05
    0.69408E-02    0.15599E+05
    0.70810E-02    0.15701E+05
    0.72240E-02    0.15802E+05
    0.73700E-02    0.15902E+05
    0.75189E-02    0.16001E+05
    0.76708E-02    0.16099E+05
    0.78257E-02    0.16195E+05
    0.79838E-02    0.16290E+05
    0.81451E-02    0.16384E+05
    0.83096E-02    0.16476E+05
    0.84775E-02    0.16566E+05
    0.86488E-02    0.16655E+05
    0.88235E-02    0.16742E+05
    0.90017E-02    0.16827E+05
    0.91836E-02    0.16910E+05
    0.93691E-02    0.16992E+05
    0.95583E-02    0.17072E+05
    0.97514E-02    0.17150E+05
    0.99484E-02    0.17225E+05
    0.10149E-01    0.17299E+05
    0.10354E-01    0.17370E+05
    0.10564E-01    0.17438E+05
    0.10777E-01    0.17503E+05
    0.10995E-01    0.17565E+05
    0.11217E-01    0.17624E+05
    0.11443E-01    0.17679E+05
    0.11675E-01    0.17731E+05
    0.11910E-01    0.17779E+05
    0.12151E-01    0.17823E+05
    0.12397E-01    0.17863E+05
    0.12647E-01    0.17899E+05
    0.12902E-01    0.17930E+05
    0.13163E-01    0.17956E+05
    0.13429E-01    0.17977E+05
    0.13700E-01    0.17993E+05
    0.13977E-01    0.18004E+05
    0.14259E-01    0.18009E+05
    0.14547E-01    0.18008E+05
    0.14841E-01    0.18002E+05
    0.15141E-01    0.17989E+05
    0.15447E-01    0.17969E+05
    0.15759E-01    0.17943E+05
    0.16077E-01    0.17910E+05
    0.16402E-01    0.17870E+05
    0.16734E-01    0.17824E+05
    0.17072E-01    0.17769E+05
    0.17416E-01    0.17708E+05
    0.17768E-01    0.17638E+05
    0.18127E-01    0.17561E+05
    0.18493E-01    0.17476E+05
    0.18867E-01    0.17384E+05
    0.19248E-01    0.17283E+05
    0.19637E-01    0.17174E+05
    0.20034E-01    0.17057E+05
    0.20438E-01    0.16932E+05
    0.20851E-01    0.16799E+05
    0.21272E-01    0.16658E+05
    0.21702E-01    0.16509E+05
    0.22141E-01    0.16352E+05
    0.22588E-01    0.16187E+05
    0.23044E-01    0.16014E+05
    0.23510E-01    0.15834E+05
    0.23985E-01    0.15647E+05
    0.24469E-01    0.15452E+05
    0.24964E-01    0.15251E+05
    0.25468E-01    0.15043E+05
    0.25982E-01    0.14829E+05
    0.26507E-01    0.14609E+05
    0.27043E-01    0.14384E+05
    0.27589E-01    0.14154E+05
    0.28146E-01    0.13919E+05
    0.28715E-01    0.13680E+05
    0.29295E-01    0.13437E+05
    0.29887E-01    0.13192E+05
    0.30490E-01    0.12944E+05
    0.31106E-01    0.12695E+05
    0.31735E-01    0.12444E+05
    0.32376E-01    0.12193E+05
    0.33030E-01    0.11941E+05
    0.33697E-01    0.11691E+05
    0.34378E-01    0.11437E+05
    0.35072E-01    0.11342E+05
    0.35781E-01    0.11100E+05
    0.36504E-01    0.10860E+05
    0.37241E-01    0.10624E+05
    0.37993E-01    0.10391E+05
    0.38761E-01    0.10164E+05
    0.39544E-01    0.99432E+04
    0.40343E-01    0.97288E+04
    0.41158E-01    0.95215E+04
    0.41989E-01    0.93218E+04
    0.42838E-01    0.91301E+04
    0.43703E-01    0.89457E+04
    0.44586E-01    0.86850E+04
    0.45486E-01    0.85123E+04
    0.46405E-01    0.83518E+04
    0.47343E-01    0.81995E+04
    0.48299E-01    0.80549E+04
    0.49275E-01    0.79177E+04
    0.50270E-01    0.77874E+04
    0.51286E-01    0.76633E+04
    0.52322E-01    0.75453E+04
    0.53379E-01    0.74328E+04
    0.54457E-01    0.73733E+04
    0.55557E-01    0.72722E+04
    0.56680E-01    0.71722E+04
    0.57825E-01    0.70764E+04
    0.58993E-01    0.69829E+04
    0.60184E-01    0.68905E+04
    0.61400E-01    0.67982E+04
    0.62641E-01    0.67048E+04
    0.63906E-01    0.66104E+04
    0.65197E-01    0.64732E+04
    0.66514E-01    0.63678E+04
    0.67858E-01    0.62561E+04
    0.69229E-01    0.61374E+04
    0.70627E-01    0.60110E+04
    0.72054E-01    0.58761E+04
    0.73510E-01    0.57319E+04
    0.74994E-01    0.55984E+04
    0.76509E-01    0.54393E+04
    0.78055E-01    0.52724E+04
    0.79632E-01    0.50995E+04
    0.81241E-01    0.49223E+04
    0.82882E-01    0.47426E+04
    0.84556E-01    0.45623E+04
    0.86264E-01    0.43835E+04
    0.88007E-01    0.42082E+04
    0.89785E-01    0.40383E+04
    0.91598E-01    0.38755E+04
    0.93449E-01    0.37213E+04
    0.95337E-01    0.35771E+04
    0.97263E-01    0.34438E+04
    0.99227E-01    0.33222E+04
    0.10123E+00    0.32127E+04
    0.10328E+00    0.31152E+04
    0.10536E+00    0.30294E+04
    0.10749E+00    0.29547E+04
    0.10966E+00    0.28897E+04
    0.11188E+00    0.28331E+04
    0.11414E+00    0.27829E+04
    0.11644E+00    0.27368E+04
    0.11880E+00    0.26925E+04
    0.12120E+00    0.26474E+04
    0.12365E+00    0.25993E+04
    0.12614E+00    0.25462E+04
    0.12869E+00    0.24865E+04
    0.13129E+00    0.24193E+04
    0.13394E+00    0.23442E+04
    0.13665E+00    0.22616E+04
    0.13941E+00    0.21726E+04
    0.14223E+00    0.20787E+04
    0.14510E+00    0.19826E+04
    0.14803E+00    0.18871E+04
    0.15102E+00    0.17954E+04
    0.15407E+00    0.17102E+04
    0.15718E+00    0.16337E+04
    0.16036E+00    0.15667E+04
    0.16360E+00    0.15092E+04
    0.16690E+00    0.14608E+04
    0.17028E+00    0.14203E+04
    0.17371E+00    0.13863E+04
    0.17722E+00    0.13569E+04
    0.18080E+00    0.13294E+04
    0.18446E+00    0.13011E+04
    0.18818E+00    0.12695E+04
    0.19198E+00    0.12330E+04
    0.19586E+00    0.11911E+04
    0.19982E+00    0.11444E+04
    0.20386E+00    0.10941E+04
    0.20797E+00    0.10422E+04
    0.21218E+00    0.99092E+03
    0.21646E+00    0.94293E+03
    0.22083E+00    0.90015E+03
    0.22530E+00    0.86347E+03
    0.22985E+00    0.83264E+03
    0.23449E+00    0.80664E+03
    0.23923E+00    0.78402E+03
    0.24406E+00    0.76306E+03
    0.24899E+00    0.74184E+03
    0.25402E+00    0.71868E+03
    0.25915E+00    0.69272E+03
    0.26439E+00    0.66425E+03
    0.26973E+00    0.63442E+03
    0.27518E+00    0.60479E+03
    0.28074E+00    0.57687E+03
    0.28641E+00    0.55182E+03
    0.29219E+00    0.53007E+03
    0.29810E+00    0.51120E+03
    0.30412E+00    0.49425E+03
    0.31026E+00    0.47808E+03
    0.31653E+00    0.46159E+03
    0.32292E+00    0.44407E+03
    0.32945E+00    0.42559E+03
    0.33610E+00    0.40683E+03
    0.34289E+00    0.38870E+03
    0.34982E+00    0.37194E+03
    0.35689E+00    0.35685E+03
    0.36409E+00    0.34322E+03
    0.37145E+00    0.33056E+03
    0.37895E+00    0.31819E+03
    0.38661E+00    0.30563E+03
    0.39442E+00    0.29287E+03
    0.40239E+00    0.28024E+03
    0.41052E+00    0.26813E+03
    0.41881E+00    0.25686E+03
    0.42727E+00    0.24645E+03
    0.43590E+00    0.23665E+03
    0.44471E+00    0.22719E+03
