    0.10000E-03    0.44520E+03
    0.10202E-03    0.45388E+03
    0.10408E-03    0.46272E+03
    0.10618E-03    0.47174E+03
    0.10833E-03    0.48093E+03
    0.11052E-03    0.49030E+03
    0.11275E-03    0.49985E+03
    0.11503E-03    0.50959E+03
    0.11735E-03    0.51952E+03
    0.11972E-03    0.52964E+03
    0.12214E-03    0.53996E+03
    0.12461E-03    0.55048E+03
    0.12712E-03    0.56120E+03
    0.12969E-03    0.57213E+03
    0.13231E-03    0.58328E+03
    0.13499E-03    0.59464E+03
    0.13771E-03    0.60622E+03
    0.14049E-03    0.61803E+03
    0.14333E-03    0.63007E+03
    0.14623E-03    0.64234E+03
    0.14918E-03    0.65484E+03
    0.15220E-03    0.66760E+03
    0.15527E-03    0.68060E+03
    0.15841E-03    0.69385E+03
    0.16161E-03    0.70736E+03
    0.16487E-03    0.72113E+03
    0.16820E-03    0.73517E+03
    0.17160E-03    0.74948E+03
    0.17507E-03    0.76407E+03
    0.17860E-03    0.77894E+03
    0.18221E-03    0.79410E+03
    0.18589E-03    0.80955E+03
    0.18965E-03    0.82530E+03
    0.19348E-03    0.84136E+03
    0.19739E-03    0.85773E+03
    0.20138E-03    0.87442E+03
    0.20544E-03    0.89143E+03
    0.20959E-03    0.90877E+03
    0.21383E-03    0.92644E+03
    0.21815E-03    0.94446E+03
    0.22255E-03    0.96282E+03
    0.22705E-03    0.98154E+03
    0.23164E-03    0.10006E+04
    0.23632E-03    0.10201E+04
    0.24109E-03    0.10399E+04
    0.24596E-03    0.10601E+04
    0.25093E-03    0.10807E+04
    0.25600E-03    0.11017E+04
    0.26117E-03    0.11231E+04
    0.26645E-03    0.11449E+04
    0.27183E-03    0.11672E+04
    0.27732E-03    0.11898E+04
    0.28292E-03    0.12129E+04
    0.28864E-03    0.12365E+04
    0.29447E-03    0.12605E+04
    0.30042E-03    0.12849E+04
    0.30649E-03    0.13098E+04
    0.31268E-03    0.13353E+04
    0.31899E-03    0.13611E+04
    0.32544E-03    0.13875E+04
    0.33201E-03    0.14144E+04
    0.33872E-03    0.14418E+04
    0.34556E-03    0.14698E+04
    0.35254E-03    0.14983E+04
    0.35966E-03    0.15273E+04
    0.36693E-03    0.15568E+04
    0.37434E-03    0.15870E+04
    0.38190E-03    0.16177E+04
    0.38962E-03    0.16490E+04
    0.39749E-03    0.16809E+04
    0.40552E-03    0.17133E+04
    0.41371E-03    0.17465E+04
    0.42207E-03    0.17802E+04
    0.43060E-03    0.18146E+04
    0.43929E-03    0.18496E+04
    0.44817E-03    0.18853E+04
    0.45722E-03    0.19217E+04
    0.46646E-03    0.19587E+04
    0.47588E-03    0.19965E+04
    0.48550E-03    0.20349E+04
    0.49530E-03    0.20741E+04
    0.50531E-03    0.21141E+04
    0.51552E-03    0.21547E+04
    0.52593E-03    0.21962E+04
    0.53656E-03    0.22384E+04
    0.54739E-03    0.22814E+04
    0.55845E-03    0.23252E+04
    0.56973E-03    0.23698E+04
    0.58124E-03    0.24152E+04
    0.59299E-03    0.24615E+04
    0.60496E-03    0.25087E+04
    0.61719E-03    0.25567E+04
    0.62965E-03    0.26056E+04
    0.64237E-03    0.26554E+04
    0.65535E-03    0.27061E+04
    0.66859E-03    0.27578E+04
    0.68210E-03    0.28104E+04
    0.69588E-03    0.28639E+04
    0.70993E-03    0.29185E+04
    0.72427E-03    0.29740E+04
    0.73891E-03    0.30306E+04
    0.75383E-03    0.30881E+04
    0.76906E-03    0.31467E+04
    0.78460E-03    0.32064E+04
    0.80045E-03    0.32671E+04
    0.81662E-03    0.33289E+04
    0.83311E-03    0.33918E+04
    0.84994E-03    0.34559E+04
    0.86711E-03    0.35211E+04
    0.88463E-03    0.35874E+04
    0.90250E-03    0.36549E+04
    0.92073E-03    0.37236E+04
    0.93933E-03    0.37935E+04
    0.95831E-03    0.38646E+04
    0.97767E-03    0.39369E+04
    0.99742E-03    0.40105E+04
    0.10176E-02    0.40854E+04
    0.10381E-02    0.41615E+04
    0.10591E-02    0.42390E+04
    0.10805E-02    0.43177E+04
    0.11023E-02    0.43978E+04
    0.11246E-02    0.44793E+04
    0.11473E-02    0.45621E+04
    0.11705E-02    0.46463E+04
    0.11941E-02    0.47319E+04
    0.12182E-02    0.48189E+04
    0.12429E-02    0.49073E+04
    0.12680E-02    0.49971E+04
    0.12936E-02    0.50884E+04
    0.13197E-02    0.51812E+04
    0.13464E-02    0.52754E+04
    0.13736E-02    0.53711E+04
    0.14013E-02    0.54683E+04
    0.14296E-02    0.55670E+04
    0.14585E-02    0.56673E+04
    0.14880E-02    0.57690E+04
    0.15180E-02    0.58723E+04
    0.15487E-02    0.59772E+04
    0.15800E-02    0.60835E+04
    0.16119E-02    0.61915E+04
    0.16445E-02    0.63009E+04
    0.16777E-02    0.64120E+04
    0.17116E-02    0.65246E+04
    0.17462E-02    0.66387E+04
    0.17814E-02    0.67544E+04
    0.18174E-02    0.68717E+04
    0.18541E-02    0.69905E+04
    0.18916E-02    0.71108E+04
    0.19298E-02    0.72327E+04
    0.19688E-02    0.73561E+04
    0.20086E-02    0.74810E+04
    0.20491E-02    0.76073E+04
    0.20905E-02    0.77351E+04
    0.21328E-02    0.78644E+04
    0.21758E-02    0.79951E+04
    0.22198E-02    0.81271E+04
    0.22646E-02    0.82605E+04
    0.23104E-02    0.83953E+04
    0.23571E-02    0.85313E+04
    0.24047E-02    0.86685E+04
    0.24533E-02    0.88070E+04
    0.25028E-02    0.89465E+04
    0.25534E-02    0.90872E+04
    0.26050E-02    0.92289E+04
    0.26576E-02    0.93715E+04
    0.27113E-02    0.95151E+04
    0.27660E-02    0.96594E+04
    0.28219E-02    0.98045E+04
    0.28789E-02    0.99502E+04
    0.29371E-02    0.10097E+05
    0.29964E-02    0.10243E+05
    0.30569E-02    0.10390E+05
    0.31187E-02    0.10538E+05
    0.31817E-02    0.10685E+05
    0.32460E-02    0.10833E+05
    0.33115E-02    0.10981E+05
    0.33784E-02    0.11128E+05
    0.34467E-02    0.11275E+05
    0.35163E-02    0.11422E+05
    0.35874E-02    0.11568E+05
    0.36598E-02    0.11713E+05
    0.37338E-02    0.11858E+05
    0.38092E-02    0.12001E+05
    0.38861E-02    0.12144E+05
    0.39646E-02    0.12285E+05
    0.40447E-02    0.12425E+05
    0.41264E-02    0.12564E+05
    0.42098E-02    0.12701E+05
    0.42948E-02    0.12836E+05
    0.43816E-02    0.12970E+05
    0.44701E-02    0.13102E+05
    0.45604E-02    0.13232E+05
    0.46525E-02    0.13360E+05
    0.47465E-02    0.13486E+05
    0.48424E-02    0.13611E+05
    0.49402E-02    0.13733E+05
    0.50400E-02    0.13853E+05
    0.51419E-02    0.13972E+05
    0.52457E-02    0.14089E+05
    0.53517E-02    0.14205E+05
    0.54598E-02    0.14318E+05
    0.55701E-02    0.14431E+05
    0.56826E-02    0.14542E+05
    0.57974E-02    0.14651E+05
    0.59145E-02    0.14760E+05
    0.60340E-02    0.14867E+05
    0.61559E-02    0.14973E+05
    0.62803E-02    0.15079E+05
    0.64072E-02    0.15184E+05
    0.65366E-02    0.15288E+05
    0.66686E-02    0.15392E+05
    0.68033E-02    0.15495E+05
    0.69408E-02    0.15598E+05
    0.70810E-02    0.15699E+05
    0.72240E-02    0.15800E+05
    0.73700E-02    0.15900E+05
    0.75189E-02    0.15999E+05
    0.76708E-02    0.16097E+05
    0.78257E-02    0.16194E+05
    0.79838E-02    0.16289E+05
    0.81451E-02    0.16382E+05
    0.83096E-02    0.16474E+05
    0.84775E-02    0.16565E+05
    0.86488E-02    0.16653E+05
    0.88235E-02    0.16740E+05
    0.90017E-02    0.16825E+05
    0.91836E-02    0.16909E+05
    0.93691E-02    0.16990E+05
    0.95583E-02    0.17070E+05
    0.97514E-02    0.17148E+05
    0.99484E-02    0.17224E+05
    0.10149E-01    0.17297E+05
    0.10354E-01    0.17368E+05
    0.10564E-01    0.17436E+05
    0.10777E-01    0.17501E+05
    0.10995E-01    0.17563E+05
    0.11217E-01    0.17622E+05
    0.11443E-01    0.17678E+05
    0.11675E-01    0.17729E+05
    0.11910E-01    0.17778E+05
    0.12151E-01    0.17822E+05
    0.12397E-01    0.17862E+05
    0.12647E-01    0.17897E+05
    0.12902E-01    0.17928E+05
    0.13163E-01    0.17954E+05
    0.13429E-01    0.17975E+05
    0.13700E-01    0.17991E+05
    0.13977E-01    0.18002E+05
    0.14259E-01    0.18008E+05
    0.14547E-01    0.18008E+05
    0.14841E-01    0.18002E+05
    0.15141E-01    0.17988E+05
    0.15447E-01    0.17968E+05
    0.15759E-01    0.17940E+05
    0.16077E-01    0.17905E+05
    0.16402E-01    0.17864E+05
    0.16734E-01    0.17817E+05
    0.17072E-01    0.17766E+05
    0.17416E-01    0.17711E+05
    0.17768E-01    0.17652E+05
    0.18127E-01    0.17587E+05
    0.18493E-01    0.17515E+05
    0.18867E-01    0.17433E+05
    0.19248E-01    0.17340E+05
    0.19637E-01    0.17237E+05
    0.20034E-01    0.17123E+05
    0.20438E-01    0.16998E+05
    0.20851E-01    0.16864E+05
    0.21272E-01    0.16719E+05
    0.21702E-01    0.16565E+05
    0.22141E-01    0.16403E+05
    0.22588E-01    0.16233E+05
    0.23044E-01    0.16057E+05
    0.23510E-01    0.15874E+05
    0.23985E-01    0.15686E+05
    0.24469E-01    0.15492E+05
    0.24964E-01    0.15293E+05
    0.25468E-01    0.15089E+05
    0.25982E-01    0.14880E+05
    0.26507E-01    0.14666E+05
    0.27043E-01    0.14446E+05
    0.27589E-01    0.14222E+05
    0.28146E-01    0.13992E+05
    0.28715E-01    0.13758E+05
    0.29295E-01    0.13518E+05
    0.29887E-01    0.13275E+05
    0.30490E-01    0.13029E+05
    0.31106E-01    0.12780E+05
    0.31735E-01    0.12529E+05
    0.32376E-01    0.12277E+05
    0.33030E-01    0.12025E+05
    0.33697E-01    0.11775E+05
    0.34378E-01    0.11526E+05
    0.35072E-01    0.11279E+05
    0.35781E-01    0.11036E+05
    0.36504E-01    0.10797E+05
    0.37241E-01    0.10562E+05
    0.37993E-01    0.10331E+05
    0.38761E-01    0.10106E+05
    0.39544E-01    0.98867E+04
    0.40343E-01    0.96731E+04
    0.41158E-01    0.94657E+04
    0.41989E-01    0.92648E+04
    0.42838E-01    0.90706E+04
    0.43703E-01    0.88838E+04
    0.44586E-01    0.87049E+04
    0.45486E-01    0.85345E+04
    0.46405E-01    0.83731E+04
    0.47343E-01    0.82211E+04
    0.48299E-01    0.80779E+04
    0.49275E-01    0.79426E+04
    0.50270E-01    0.78145E+04
    0.51286E-01    0.76929E+04
    0.52322E-01    0.75771E+04
    0.53379E-01    0.74666E+04
    0.54457E-01    0.73607E+04
    0.55557E-01    0.72591E+04
    0.56680E-01    0.71609E+04
    0.57825E-01    0.70651E+04
    0.58993E-01    0.69710E+04
    0.60184E-01    0.68775E+04
    0.61400E-01    0.67835E+04
    0.62641E-01    0.66879E+04
    0.63906E-01    0.65895E+04
    0.65197E-01    0.64870E+04
    0.66514E-01    0.63788E+04
    0.67858E-01    0.62633E+04
    0.69229E-01    0.61398E+04
    0.70627E-01    0.60095E+04
    0.72054E-01    0.58738E+04
    0.73510E-01    0.57332E+04
    0.74994E-01    0.55857E+04
    0.76509E-01    0.54294E+04
    0.78055E-01    0.52642E+04
    0.79632E-01    0.50928E+04
    0.81241E-01    0.49179E+04
    0.82882E-01    0.47414E+04
    0.84556E-01    0.45644E+04
    0.86264E-01    0.43880E+04
    0.88007E-01    0.42140E+04
    0.89785E-01    0.40438E+04
    0.91598E-01    0.38795E+04
    0.93449E-01    0.37231E+04
    0.95337E-01    0.35762E+04
    0.97263E-01    0.34404E+04
    0.99227E-01    0.33167E+04
    0.10123E+00    0.32061E+04
    0.10328E+00    0.31092E+04
    0.10536E+00    0.30250E+04
    0.10749E+00    0.29522E+04
    0.10966E+00    0.28896E+04
    0.11188E+00    0.28350E+04
    0.11414E+00    0.27858E+04
    0.11644E+00    0.27399E+04
    0.11880E+00    0.26952E+04
    0.12120E+00    0.26495E+04
    0.12365E+00    0.26008E+04
    0.12614E+00    0.25475E+04
    0.12869E+00    0.24878E+04
    0.13129E+00    0.24206E+04
    0.13394E+00    0.23452E+04
    0.13665E+00    0.22617E+04
    0.13941E+00    0.21718E+04
    0.14223E+00    0.20772E+04
    0.14510E+00    0.19810E+04
    0.14803E+00    0.18861E+04
    0.15102E+00    0.17952E+04
    0.15407E+00    0.17107E+04
    0.15718E+00    0.16340E+04
    0.16036E+00    0.15664E+04
    0.16360E+00    0.15081E+04
    0.16690E+00    0.14593E+04
    0.17028E+00    0.14189E+04
    0.17371E+00    0.13855E+04
    0.17722E+00    0.13566E+04
    0.18080E+00    0.13296E+04
    0.18446E+00    0.13016E+04
    0.18818E+00    0.12701E+04
    0.19198E+00    0.12336E+04
    0.19586E+00    0.11916E+04
    0.19982E+00    0.11446E+04
    0.20386E+00    0.10940E+04
    0.20797E+00    0.10420E+04
    0.21218E+00    0.99098E+03
    0.21646E+00    0.94306E+03
    0.22083E+00    0.90002E+03
    0.22530E+00    0.86294E+03
    0.22985E+00    0.83191E+03
    0.23449E+00    0.80608E+03
    0.23923E+00    0.78374E+03
    0.24406E+00    0.76286E+03
    0.24899E+00    0.74163E+03
    0.25402E+00    0.71862E+03
    0.25915E+00    0.69294E+03
    0.26439E+00    0.66457E+03
    0.26973E+00    0.63463E+03
    0.27518E+00    0.60487E+03
    0.28074E+00    0.57689E+03
    0.28641E+00    0.55171E+03
    0.29219E+00    0.52978E+03
    0.29810E+00    0.51087E+03
    0.30412E+00    0.49402E+03
    0.31026E+00    0.47792E+03
    0.31653E+00    0.46148E+03
    0.32292E+00    0.44409E+03
    0.32945E+00    0.42572E+03
    0.33610E+00    0.40697E+03
    0.34289E+00    0.38875E+03
    0.34982E+00    0.37186E+03
    0.35689E+00    0.35671E+03
    0.36409E+00    0.34309E+03
    0.37145E+00    0.33044E+03
    0.37895E+00    0.31811E+03
    0.38661E+00    0.30562E+03
    0.39442E+00    0.29291E+03
    0.40239E+00    0.28027E+03
    0.41052E+00    0.26811E+03
    0.41881E+00    0.25680E+03
    0.42727E+00    0.24637E+03
    0.43590E+00    0.23660E+03
    0.44471E+00    0.22715E+03
    0.45369E+00    0.21781E+03
    0.46286E+00    0.20859E+03
    0.47221E+00    0.19963E+03
    0.48174E+00    0.19111E+03
    0.49148E+00    0.18310E+03
    0.50141E+00    0.17552E+03
    0.51153E+00    0.16822E+03
    0.52187E+00    0.16111E+03
    0.53241E+00    0.15421E+03
    0.54317E+00    0.14758E+03
    0.55414E+00    0.14126E+03
    0.56533E+00    0.13526E+03
    0.57675E+00    0.12950E+03
    0.58840E+00    0.12394E+03
    0.60029E+00    0.11857E+03
    0.61242E+00    0.11344E+03
    0.62479E+00    0.10853E+03
    0.63741E+00    0.10383E+03
    0.65029E+00    0.99315E+02
    0.66342E+00    0.94989E+02
    0.67683E+00    0.90842E+02
    0.69050E+00    0.86869E+02
    0.70445E+00    0.83061E+02
    0.71868E+00    0.79413E+02
    0.73320E+00    0.75917E+02
    0.74801E+00    0.72568E+02
    0.76312E+00    0.69359E+02
    0.77854E+00    0.66286E+02
    0.79426E+00    0.63343E+02
    0.81031E+00    0.60525E+02
    0.82668E+00    0.57827E+02
    0.84338E+00    0.55244E+02
    0.86041E+00    0.52772E+02
    0.87780E+00    0.50407E+02
    0.89553E+00    0.48143E+02
    0.91362E+00    0.45978E+02
    0.93208E+00    0.43906E+02
    0.95091E+00    0.41924E+02
    0.97011E+00    0.40027E+02
    0.98971E+00    0.38213E+02
    0.10097E+01    0.36478E+02
    0.10301E+01    0.34820E+02
