    0.999999974737875163555145263671875000000000E-04    0.443862548828125000000000000000000000000000E+03
    0.102020130725577473640441894531250000000000E-03    0.452512451171875000000000000000000000000000E+03
    0.104081082099582999944686889648437500000000E-03    0.461330657958984375000000000000000000000000E+03
    0.106183659227099269628524780273437500000000E-03    0.470320617675781250000000000000000000000000E+03
    0.108328706119209527969360351562500000000000E-03    0.479485565185546875000000000000000000000000E+03
    0.110517095890827476978302001953125000000000E-03    0.488828826904296875000000000000000000000000E+03
    0.112749679828993976116180419921875000000000E-03    0.498353942871093750000000000000000000000000E+03
    0.115027374704368412494659423828125000000000E-03    0.508064361572265625000000000000000000000000E+03
    0.117351090011652559041976928710937500000000E-03    0.517963867187500000000000000000000000000000E+03
    0.119721727969590574502944946289062500000000E-03    0.528055847167968750000000000000000000000000E+03
    0.122140278108417987823486328125000000000000E-03    0.538344238281250000000000000000000000000000E+03
    0.124607671750709414482116699218750000000000E-03    0.548832763671875000000000000000000000000000E+03
    0.127124920254573225975036621093750000000000E-03    0.559525329589843750000000000000000000000000E+03
    0.129692998598329722881317138671875000000000E-03    0.570425842285156250000000000000000000000000E+03
    0.132312969071790575981140136718750000000000E-03    0.581538330078125000000000000000000000000000E+03
    0.134985879412852227687835693359375000000000E-03    0.592867004394531250000000000000000000000000E+03
    0.137712777359411120414733886718750000000000E-03    0.604415832519531250000000000000000000000000E+03
    0.140494754305109381675720214843750000000000E-03    0.616189270019531250000000000000000000000000E+03
    0.143332930747419595718383789062500000000000E-03    0.628191528320312500000000000000000000000000E+03
    0.146228456287644803524017333984375000000000E-03    0.640427062988281250000000000000000000000000E+03
    0.149182465975172817707061767578125000000000E-03    0.652900451660156250000000000000000000000000E+03
    0.152196153067052364349365234375000000000000E-03    0.665616149902343750000000000000000000000000E+03
    0.155270710820332169532775878906250000000000E-03    0.678579040527343750000000000000000000000000E+03
    0.158407390699721872806549072265625000000000E-03    0.691793640136718750000000000000000000000000E+03
    0.161607444169931113719940185546875000000000E-03    0.705265014648437500000000000000000000000000E+03
    0.164872122695669531822204589843750000000000E-03    0.718997863769531250000000000000000000000000E+03
    0.168202750501222908496856689453125000000000E-03    0.732997497558593750000000000000000000000000E+03
    0.171600666362792253494262695312500000000000E-03    0.747268981933593750000000000000000000000000E+03
    0.175067238160409033298492431640625000000000E-03    0.761817443847656250000000000000000000000000E+03
    0.178603833774104714393615722656250000000000E-03    0.776648193359375000000000000000000000000000E+03
    0.182211864739656448364257812500000000000000E-03    0.791766723632812500000000000000000000000000E+03
    0.185892800800502300262451171875000000000000E-03    0.807178710937500000000000000000000000000000E+03
    0.189648068044334650039672851562500000000000E-03    0.822889587402343750000000000000000000000000E+03
    0.193479223526082932949066162109375000000000E-03    0.838905029296875000000000000000000000000000E+03
    0.197387780644930899143218994140625000000000E-03    0.855231201171875000000000000000000000000000E+03
    0.201375267351977527141571044921875000000000E-03    0.871873657226562500000000000000000000000000E+03
    0.205443298909813165664672851562500000000000E-03    0.888838745117187500000000000000000000000000E+03
    0.209593548788689076900482177734375000000000E-03    0.906132690429687500000000000000000000000000E+03
    0.213827603147365152835845947265625000000000E-03    0.923761413574218750000000000000000000000000E+03
    0.218147222767584025859832763671875000000000E-03    0.941731628417968750000000000000000000000000E+03
    0.222554081119596958160400390625000000000000E-03    0.960049804687500000000000000000000000000000E+03
    0.227049968088977038860321044921875000000000E-03    0.978722412109375000000000000000000000000000E+03
    0.231636688113212585449218750000000000000000E-03    0.997756347656250000000000000000000000000000E+03
    0.236316060181707143783569335937500000000000E-03    0.101715863037109375000000000000000000000000E+04
    0.241089961491525173187255859375000000000000E-03    0.103693591308593750000000000000000000000000E+04
    0.245960312895476818084716796875000000000000E-03    0.105709570312500000000000000000000000000000E+04
    0.250929006142541766166687011718750000000000E-03    0.107764489746093750000000000000000000000000E+04
    0.255998136708512902259826660156250000000000E-03    0.109859118652343750000000000000000000000000E+04
    0.261169654550030827522277832031250000000000E-03    0.111994226074218750000000000000000000000000E+04
    0.266445596935227513313293457031250000000000E-03    0.114170507812500000000000000000000000000000E+04
    0.271828175755217671394348144531250000000000E-03    0.116388818359375000000000000000000000000000E+04
    0.277319486485794186592102050781250000000000E-03    0.118649890136718750000000000000000000000000E+04
    0.282921682810410857200622558593750000000000E-03    0.120954577636718750000000000000000000000000E+04
    0.288637093035504221916198730468750000000000E-03    0.123303674316406250000000000000000000000000E+04
    0.294467929052188992500305175781250000000000E-03    0.125698046875000000000000000000000000000000E+04
    0.300416606478393077850341796875000000000000E-03    0.128138500976562500000000000000000000000000E+04
    0.306485395412892103195190429687500000000000E-03    0.130625939941406250000000000000000000000000E+04
    0.312676827888935804367065429687500000000000E-03    0.133161218261718750000000000000000000000000E+04
    0.318993290420621633529663085937500000000000E-03    0.135745263671875000000000000000000000000000E+04
    0.325437402352690696716308593750000000000000E-03    0.138378942871093750000000000000000000000000E+04
    0.332011666614562273025512695312500000000000E-03    0.141063220214843750000000000000000000000000E+04
    0.338718760758638381958007812500000000000000E-03    0.143799047851562500000000000000000000000000E+04
    0.345561362337321043014526367187500000000000E-03    0.146587316894531250000000000000000000000000E+04
    0.352542119799181818962097167968750000000000E-03    0.149429077148437500000000000000000000000000E+04
    0.359663943527266383171081542968750000000000E-03    0.152325280761718750000000000000000000000000E+04
    0.366929627489298582077026367187500000000000E-03    0.155276940917968750000000000000000000000000E+04
    0.374342111172154545783996582031250000000000E-03    0.158285083007812500000000000000000000000000E+04
    0.381904304958879947662353515625000000000000E-03    0.161350756835937500000000000000000000000000E+04
    0.389619322959333658218383789062500000000000E-03    0.164474987792968750000000000000000000000000E+04
    0.397490162868052721023559570312500000000000E-03    0.167658898925781250000000000000000000000000E+04
    0.405519997002556920051574707031250000000000E-03    0.170903552246093750000000000000000000000000E+04
    0.413712026784196496009826660156250000000000E-03    0.174210058593750000000000000000000000000000E+04
    0.422069540945813059806823730468750000000000E-03    0.177579565429687500000000000000000000000000E+04
    0.430595915531739592552185058593750000000000E-03    0.181013220214843750000000000000000000000000E+04
    0.439294555690139532089233398437500000000000E-03    0.184512158203125000000000000000000000000000E+04
    0.448168895673006772994995117187500000000000E-03    0.188077587890625000000000000000000000000000E+04
    0.457222486147657036781311035156250000000000E-03    0.191710681152343750000000000000000000000000E+04
    0.466458965092897415161132812500000000000000E-03    0.195412658691406250000000000000000000000000E+04
    0.475882086902856826782226562500000000000000E-03    0.199184802246093750000000000000000000000000E+04
    0.485495518660172820091247558593750000000000E-03    0.203028356933593750000000000000000000000000E+04
    0.495303189381957054138183593750000000000000E-03    0.206944531250000000000000000000000000000000E+04
    0.505309028085321187973022460937500000000000E-03    0.210934692382812500000000000000000000000000E+04
    0.515516963787376880645751953125000000000000E-03    0.215000170898437500000000000000000000000000E+04
    0.525931071024388074874877929687500000000000E-03    0.219142236328125000000000000000000000000000E+04
    0.536555540747940540313720703125000000000000E-03    0.223362255859375000000000000000000000000000E+04
    0.547394680324941873550415039062500000000000E-03    0.227661621093750000000000000000000000000000E+04
    0.558452797122299671173095703125000000000000E-03    0.232041674804687500000000000000000000000000E+04
    0.569734314922243356704711914062500000000000E-03    0.236503930664062500000000000000000000000000E+04
    0.581243715714663267135620117187500000000000E-03    0.241049731445312500000000000000000000000000E+04
    0.592985597904771566390991210937500000000000E-03    0.245680493164062500000000000000000000000000E+04
    0.604964734520763158798217773437500000000000E-03    0.250397802734375000000000000000000000000000E+04
    0.617185782175511121749877929687500000000000E-03    0.255203076171875000000000000000000000000000E+04
    0.629653746727854013442993164062500000000000E-03    0.260097875976562500000000000000000000000000E+04
    0.642373692244291305541992187500000000000000E-03    0.265083642578125000000000000000000000000000E+04
    0.655350449960678815841674804687500000000000E-03    0.270161914062500000000000000000000000000000E+04
    0.668589433189481496810913085937500000000000E-03    0.275334423828125000000000000000000000000000E+04
    0.682095822412520647048950195312500000000000E-03    0.280602612304687500000000000000000000000000E+04
    0.695875030942261219024658203125000000000000E-03    0.285968066406250000000000000000000000000000E+04
    0.709932646714150905609130859375000000000000E-03    0.291432568359375000000000000000000000000000E+04
    0.724274199455976486206054687500000000000000E-03    0.296997583007812500000000000000000000000000E+04
    0.738905626349151134490966796875000000000000E-03    0.302664916992187500000000000000000000000000E+04
    0.753832457121461629867553710937500000000000E-03    0.308436157226562500000000000000000000000000E+04
    0.769060861784964799880981445312500000000000E-03    0.314313037109375000000000000000000000000000E+04
    0.784596893936395645141601562500000000000000E-03    0.320297265625000000000000000000000000000000E+04
    0.800446781795471906661987304687500000000000E-03    0.326390576171875000000000000000000000000000E+04
    0.816616869997233152389526367187500000000000E-03    0.332594750976562500000000000000000000000000E+04
    0.833113677799701690673828125000000000000000E-03    0.338911547851562500000000000000000000000000E+04
    0.849943608045578002929687500000000000000000E-03    0.345342749023437500000000000000000000000000E+04
    0.867113587446510791778564453125000000000000E-03    0.351890209960937500000000000000000000000000E+04
    0.884630659129470586776733398437500000000000E-03    0.358555639648437500000000000000000000000000E+04
    0.902501342352479696273803710937500000000000E-03    0.365340942382812500000000000000000000000000E+04
    0.920733029488474130630493164062500000000000E-03    0.372247949218750000000000000000000000000000E+04
    0.939333112910389900207519531250000000000000E-03    0.379278491210937500000000000000000000000000E+04
    0.958308868575841188430786132812500000000000E-03    0.386434570312500000000000000000000000000000E+04
    0.977667979896068572998046875000000000000000E-03    0.393717919921875000000000000000000000000000E+04
    0.997418188489973545074462890625000000000000E-03    0.401130444335937500000000000000000000000000E+04
    0.101756735239177942276000976562500000000000E-02    0.408674218750000000000000000000000000000000E+04
    0.103812362067401409149169921875000000000000E-02    0.416350927734375000000000000000000000000000E+04
    0.105909502599388360977172851562500000000000E-02    0.424162695312500000000000000000000000000000E+04
    0.108049006666988134384155273437500000000000E-02    0.432111376953125000000000000000000000000000E+04
    0.110231747385114431381225585937500000000000E-02    0.440198876953125000000000000000000000000000E+04
    0.112458574585616588592529296875000000000000E-02    0.448427148437500000000000000000000000000000E+04
    0.114730407949537038803100585937500000000000E-02    0.456798144531250000000000000000000000000000E+04
    0.117048120591789484024047851562500000000000E-02    0.465313818359375000000000000000000000000000E+04
    0.119412643834948539733886718750000000000000E-02    0.473976220703125000000000000000000000000000E+04
    0.121824943926185369491577148437500000000000E-02    0.482787158203125000000000000000000000000000E+04
    0.124285963829606771469116210937500000000000E-02    0.491748583984375000000000000000000000000000E+04
    0.126796704716980457305908203125000000000000E-02    0.500862548828125000000000000000000000000000E+04
    0.129358167760074138641357421875000000000000E-02    0.510130908203125000000000000000000000000000E+04
    0.131971365772187709808349609375000000000000E-02    0.519555615234375000000000000000000000000000E+04
    0.134637358132749795913696289062500000000000E-02    0.529138769531250000000000000000000000000000E+04
    0.137357215862721204757690429687500000000000E-02    0.538881982421875000000000000000000000000000E+04
    0.140132009983062744140625000000000000000000E-02    0.548787402343750000000000000000000000000000E+04
    0.142962858080863952636718750000000000000000E-02    0.558856787109375000000000000000000000000000E+04
    0.145850901026278734207153320312500000000000E-02    0.569092138671875000000000000000000000000000E+04
    0.148797314614057540893554687500000000000000E-02    0.579495214843750000000000000000000000000000E+04
    0.151803228072822093963623046875000000000000E-02    0.590067968750000000000000000000000000000000E+04
    0.154869852121919393539428710937500000000000E-02    0.600812011718750000000000000000000000000000E+04
    0.157998420763760805130004882812500000000000E-02    0.611729492187500000000000000000000000000000E+04
    0.161190202925354242324829101562500000000000E-02    0.622822021484375000000000000000000000000000E+04
    0.164446467533707618713378906250000000000000E-02    0.634091406250000000000000000000000000000000E+04
    0.167768495157361030578613281250000000000000E-02    0.645539062500000000000000000000000000000000E+04
    0.171157636214047670364379882812500000000000E-02    0.657167041015625000000000000000000000000000E+04
    0.174615241121500730514526367187500000000000E-02    0.668976757812500000000000000000000000000000E+04
    0.178142718505114316940307617187500000000000E-02    0.680969824218750000000000000000000000000000E+04
    0.181741418782621622085571289062500000000000E-02    0.693147851562500000000000000000000000000000E+04
    0.185412843711674213409423828125000000000000E-02    0.705512353515625000000000000000000000000000E+04
    0.189158413559198379516601562500000000000000E-02    0.718064648437500000000000000000000000000000E+04
    0.192979711573570966720581054687500000000000E-02    0.730806347656250000000000000000000000000000E+04
    0.196878169663250446319580078125000000000000E-02    0.743738671875000000000000000000000000000000E+04
    0.200855359435081481933593750000000000000000E-02    0.756862988281250000000000000000000000000000E+04
    0.204912899062037467956542968750000000000000E-02    0.770180468750000000000000000000000000000000E+04
    0.209052418358623981475830078125000000000000E-02    0.783692285156250000000000000000000000000000E+04
    0.213275570422410964965820312500000000000000E-02    0.797399511718750000000000000000000000000000E+04
    0.217583985067903995513916015625000000000000E-02    0.811303320312500000000000000000000000000000E+04
    0.221979478374123573303222656250000000000000E-02    0.825404687500000000000000000000000000000000E+04
    0.226463773287832736968994140625000000000000E-02    0.839704296875000000000000000000000000000000E+04
    0.231038639321923255920410156250000000000000E-02    0.854202832031250000000000000000000000000000E+04
    0.235705915838479995727539062500000000000000E-02    0.868901269531250000000000000000000000000000E+04
    0.240467488765716552734375000000000000000000E-02    0.883800292968750000000000000000000000000000E+04
    0.245325244031846523284912109375000000000000E-02    0.898900097656250000000000000000000000000000E+04
    0.250281183980405330657958984375000000000000E-02    0.914201269531250000000000000000000000000000E+04
    0.255337217822670936584472656250000000000000E-02    0.929703906250000000000000000000000000000000E+04
    0.260495371185243129730224609375000000000000E-02    0.945408496093750000000000000000000000000000E+04
    0.265757716260850429534912109375000000000000E-02    0.961314941406250000000000000000000000000000E+04
    0.271126371808350086212158203125000000000000E-02    0.977423339843750000000000000000000000000000E+04
    0.276603479869663715362548828125000000000000E-02    0.993733203125000000000000000000000000000000E+04
    0.282191229052841663360595703125000000000000E-02    0.101024462890625000000000000000000000000000E+05
    0.287891877815127372741699218750000000000000E-02    0.102695664062500000000000000000000000000000E+05
    0.293707661330699920654296875000000000000000E-02    0.104386923828125000000000000000000000000000E+05
    0.299640954472124576568603515625000000000000E-02    0.106098125000000000000000000000000000000000E+05
    0.305694085545837879180908203125000000000000E-02    0.107829218750000000000000000000000000000000E+05
    0.311869522556662559509277343750000000000000E-02    0.109580068359375000000000000000000000000000E+05
    0.318169780075550079345703125000000000000000E-02    0.111350556640625000000000000000000000000000E+05
    0.324597232975065708160400390625000000000000E-02    0.113140546875000000000000000000000000000000E+05
    0.331154512241482734680175781250000000000000E-02    0.114949902343750000000000000000000000000000E+05
    0.337844272144138813018798828125000000000000E-02    0.116778427734375000000000000000000000000000E+05
    0.344669190235435962677001953125000000000000E-02    0.118625937500000000000000000000000000000000E+05
    0.351631967350840568542480468750000000000000E-02    0.120492216796875000000000000000000000000000E+05
    0.358735374175012111663818359375000000000000E-02    0.122377011718750000000000000000000000000000E+05
    0.365982321090996265411376953125000000000000E-02    0.124280107421875000000000000000000000000000E+05
    0.373375625349581241607666015625000000000000E-02    0.126201220703125000000000000000000000000000E+05
    0.380918313749134540557861328125000000000000E-02    0.128140029296875000000000000000000000000000E+05
    0.388613343238830566406250000000000000000000E-02    0.130096240234375000000000000000000000000000E+05
    0.396463880315423011779785156250000000000000E-02    0.132069472656250000000000000000000000000000E+05
    0.404472928494215011596679687500000000000000E-02    0.134059375000000000000000000000000000000000E+05
    0.412643933668732643127441406250000000000000E-02    0.136065507812500000000000000000000000000000E+05
    0.420979922637343406677246093750000000000000E-02    0.138087568359375000000000000000000000000000E+05
    0.429484248161315917968750000000000000000000E-02    0.140125029296875000000000000000000000000000E+05
    0.438160402700304985046386718750000000000000E-02    0.142177412109375000000000000000000000000000E+05
    0.447011832147836685180664062500000000000000E-02    0.144244248046875000000000000000000000000000E+05
    0.456042028963565826416015625000000000000000E-02    0.146324990234375000000000000000000000000000E+05
    0.465254718437790870666503906250000000000000E-02    0.148419072265625000000000000000000000000000E+05
    0.474653439596295356750488281250000000000000E-02    0.150525898437500000000000000000000000000000E+05
    0.484242103993892669677734375000000000000000E-02    0.152644873046875000000000000000000000000000E+05
    0.494024436920881271362304687500000000000000E-02    0.154775283203125000000000000000000000000000E+05
    0.504004349932074546813964843750000000000000E-02    0.156916474609375000000000000000000000000000E+05
    0.514185894280672073364257812500000000000000E-02    0.159067695312500000000000000000000000000000E+05
    0.524573167786002159118652343750000000000000E-02    0.161228222656250000000000000000000000000000E+05
    0.535170361399650573730468750000000000000000E-02    0.163397226562500000000000000000000000000000E+05
    0.545981479808688163757324218750000000000000E-02    0.165573886718750000000000000000000000000000E+05
    0.557011039927601814270019531250000000000000E-02    0.167757304687500000000000000000000000000000E+05
    0.568263372406363487243652343750000000000000E-02    0.169946347656250000000000000000000000000000E+05
    0.579743087291717529296875000000000000000000E-02    0.172146406250000000000000000000000000000000E+05
    0.591454654932022094726562500000000000000000E-02    0.174344140625000000000000000000000000000000E+05
    0.603402825072407722473144531250000000000000E-02    0.176544726562500000000000000000000000000000E+05
    0.615592347458004951477050781250000000000000E-02    0.178747050781250000000000000000000000000000E+05
    0.628028111532330513000488281250000000000000E-02    0.180949960937500000000000000000000000000000E+05
    0.640715099871158599853515625000000000000000E-02    0.183152285156250000000000000000000000000000E+05
    0.653658434748649597167968750000000000000000E-02    0.185352812500000000000000000000000000000000E+05
    0.666863145306706428527832031250000000000000E-02    0.187550332031250000000000000000000000000000E+05
    0.680334679782390594482421875000000000000000E-02    0.189743476562500000000000000000000000000000E+05
    0.694078346714377403259277343750000000000000E-02    0.191930937500000000000000000000000000000000E+05
    0.708099640905857086181640625000000000000000E-02    0.194111347656250000000000000000000000000000E+05
    0.722404150292277336120605468750000000000000E-02    0.196283242187500000000000000000000000000000E+05
    0.736997742205858230590820312500000000000000E-02    0.198446210937500000000000000000000000000000E+05
    0.751886051148176193237304687500000000000000E-02    0.200596718750000000000000000000000000000000E+05
    0.767075084149837493896484375000000000000000E-02    0.202734101562500000000000000000000000000000E+05
    0.782571360468864440917968750000000000000000E-02    0.204856796875000000000000000000000000000000E+05
    0.798380374908447265625000000000000000000000E-02    0.206963125000000000000000000000000000000000E+05
    0.814508739858865737915039062500000000000000E-02    0.209051425781250000000000000000000000000000E+05
    0.830962881445884704589843750000000000000000E-02    0.211119843750000000000000000000000000000000E+05
    0.847749505192041397094726562500000000000000E-02    0.213166621093750000000000000000000000000000E+05
    0.864875130355358123779296875000000000000000E-02    0.215189863281250000000000000000000000000000E+05
    0.882346741855144500732421875000000000000000E-02    0.217187558593750000000000000000000000000000E+05
    0.900171231478452682495117187500000000000000E-02    0.219156894531250000000000000000000000000000E+05
    0.918355956673622131347656250000000000000000E-02    0.221097558593750000000000000000000000000000E+05
    0.936907902359962463378906250000000000000000E-02    0.223006582031250000000000000000000000000000E+05
    0.955834705382585525512695312500000000000000E-02    0.224881835937500000000000000000000000000000E+05
    0.975143909454345703125000000000000000000000E-02    0.226721093750000000000000000000000000000000E+05
    0.994843058288097381591796875000000000000000E-02    0.228522128906250000000000000000000000000000E+05
    0.101494016125798225402832031250000000000000E-01    0.230282597656250000000000000000000000000000E+05
    0.103544332087039947509765625000000000000000E-01    0.232000136718750000000000000000000000000000E+05
    0.105636063963174819946289062500000000000000E-01    0.233672363281250000000000000000000000000000E+05
    0.107770059257745742797851562500000000000000E-01    0.235297343750000000000000000000000000000000E+05
    0.109947146847844123840332031250000000000000E-01    0.236871601562500000000000000000000000000000E+05
    0.112168220803141593933105468750000000000000E-01    0.238393085937500000000000000000000000000000E+05
    0.114434175193309783935546875000000000000000E-01    0.239859082031250000000000000000000000000000E+05
    0.116745894774794578552246093750000000000000E-01    0.241267265625000000000000000000000000000000E+05
    0.119104310870170593261718750000000000000000E-01    0.242614804687500000000000000000000000000000E+05
    0.121510382741689682006835937500000000000000E-01    0.243899062500000000000000000000000000000000E+05
    0.123965051025152206420898437500000000000000E-01    0.245117148437500000000000000000000000000000E+05
    0.126469302922487258911132812500000000000000E-01    0.246266699218750000000000000000000000000000E+05
    0.129024153575301170349121093750000000000000E-01    0.247344785156250000000000000000000000000000E+05
    0.131630674004554748535156250000000000000000E-01    0.248348593750000000000000000000000000000000E+05
    0.134289795532822608947753906250000000000000E-01    0.249275332031250000000000000000000000000000E+05
    0.137002617120742797851562500000000000000000E-01    0.250122265625000000000000000000000000000000E+05
    0.139770256355404853820800781250000000000000E-01    0.250886542968750000000000000000000000000000E+05
    0.142593793570995330810546875000000000000000E-01    0.251565332031250000000000000000000000000000E+05
    0.145474374294281005859375000000000000000000E-01    0.252156250000000000000000000000000000000000E+05
    0.148413162678480148315429687500000000000000E-01    0.252656621093750000000000000000000000000000E+05
    0.151411294937133789062500000000000000000000E-01    0.253064648437500000000000000000000000000000E+05
    0.154470009729266166687011718750000000000000E-01    0.253376816406250000000000000000000000000000E+05
    0.157590489834547042846679687500000000000000E-01    0.253576562500000000000000000000000000000000E+05
    0.160774048417806625366210937500000000000000E-01    0.253685078125000000000000000000000000000000E+05
    0.164021886885166168212890625000000000000000E-01    0.253692265625000000000000000000000000000000E+05
    0.167335346341133117675781250000000000000000E-01    0.253594121093750000000000000000000000000000E+05
    0.170715730637311935424804687500000000000000E-01    0.253386914062500000000000000000000000000000E+05
    0.174164418131113052368164062500000000000000E-01    0.253068691406250000000000000000000000000000E+05
    0.177682787179946899414062500000000000000000E-01    0.252637851562500000000000000000000000000000E+05
    0.181272197514772415161132812500000000000000E-01    0.252092695312500000000000000000000000000000E+05
    0.184934139251708984375000000000000000000000E-01    0.251431660156250000000000000000000000000000E+05
    0.188670046627521514892578125000000000000000E-01    0.250636660156250000000000000000000000000000E+05
    0.192481447011232376098632812500000000000000E-01    0.249732460937500000000000000000000000000000E+05
    0.196369830518960952758789062500000000000000E-01    0.248710546875000000000000000000000000000000E+05
    0.200336743146181106567382812500000000000000E-01    0.247570097656250000000000000000000000000000E+05
    0.204383805394172668457031250000000000000000E-01    0.246307773437500000000000000000000000000000E+05
    0.208512637764215469360351562500000000000000E-01    0.244923398437500000000000000000000000000000E+05
    0.212724860757589340209960937500000000000000E-01    0.243416386718750000000000000000000000000000E+05
    0.217022281140089035034179687500000000000000E-01    0.241787363281250000000000000000000000000000E+05
    0.221406426280736923217773437500000000000000E-01    0.240037031250000000000000000000000000000000E+05
    0.225879121571779251098632812500000000000000E-01    0.238166289062500000000000000000000000000000E+05
    0.230442192405462265014648437500000000000000E-01    0.236176113281250000000000000000000000000000E+05
    0.235097426921129226684570312500000000000000E-01    0.234067871093750000000000000000000000000000E+05
    0.239846706390380859375000000000000000000000E-01    0.231844082031250000000000000000000000000000E+05
    0.244691912084817886352539062500000000000000E-01    0.229506875000000000000000000000000000000000E+05
    0.249635018408298492431640625000000000000000E-01    0.227059101562500000000000000000000000000000E+05
    0.254677981138229370117187500000000000000000E-01    0.224504003906250000000000000000000000000000E+05
    0.259822811931371688842773437500000000000000E-01    0.221845253906250000000000000000000000000000E+05
    0.265071578323841094970703125000000000000000E-01    0.219087031250000000000000000000000000000000E+05
    0.270426385104656219482421875000000000000000E-01    0.216234101562500000000000000000000000000000E+05
    0.275889337062835693359375000000000000000000E-01    0.213293554687500000000000000000000000000000E+05
    0.281462669372558593750000000000000000000000E-01    0.210186386718750000000000000000000000000000E+05
    0.287148579955101013183593750000000000000000E-01    0.207061660156250000000000000000000000000000E+05
    0.292949359863996505737304687500000000000000E-01    0.203870136718750000000000000000000000000000E+05
    0.298867337405681610107421875000000000000000E-01    0.200621074218750000000000000000000000000000E+05
    0.304904840886592864990234375000000000000000E-01    0.197319667968750000000000000000000000000000E+05
    0.311064328998327255249023437500000000000000E-01    0.193971074218750000000000000000000000000000E+05
    0.317348241806030273437500000000000000000000E-01    0.190580683593750000000000000000000000000000E+05
    0.323759093880653381347656250000000000000000E-01    0.187155449218750000000000000000000000000000E+05
    0.330299474298954010009765625000000000000000E-01    0.183706777343750000000000000000000000000000E+05
    0.336971953511238098144531250000000000000000E-01    0.180238066406250000000000000000000000000000E+05
    0.343779213726520538330078125000000000000000E-01    0.176701367187500000000000000000000000000000E+05
    0.350724011659622192382812500000000000000000E-01    0.175249375000000000000000000000000000000000E+05
    0.357809104025363922119140625000000000000000E-01    0.171818886718750000000000000000000000000000E+05
    0.365037508308887481689453125000000000000000E-01    0.168430292968750000000000000000000000000000E+05
    0.372411720454692840576171875000000000000000E-01    0.165066054687500000000000000000000000000000E+05
    0.379934944212436676025390625000000000000000E-01    0.161701474609375000000000000000000000000000E+05
    0.387610122561454772949218750000000000000000E-01    0.158380400390625000000000000000000000000000E+05
    0.395440347492694854736328125000000000000000E-01    0.155113662109375000000000000000000000000000E+05
    0.403428785502910614013671875000000000000000E-01    0.151911142578125000000000000000000000000000E+05
    0.411578565835952758789062500000000000000000E-01    0.148781660156250000000000000000000000000000E+05
    0.419893004000186920166015625000000000000000E-01    0.145732978515625000000000000000000000000000E+05
    0.428375415503978729248046875000000000000000E-01    0.142774814453125000000000000000000000000000E+05
    0.437029153108596801757812500000000000000000E-01    0.139904277343750000000000000000000000000000E+05
    0.445857718586921691894531250000000000000000E-01    0.135995937500000000000000000000000000000000E+05
    0.454864650964736938476562500000000000000000E-01    0.133142148437500000000000000000000000000000E+05
    0.464053489267826080322265625000000000000000E-01    0.130527236328125000000000000000000000000000E+05
    0.473427996039390563964843750000000000000000E-01    0.128033339843750000000000000000000000000000E+05
    0.482991859316825866699218750000000000000000E-01    0.125645585937500000000000000000000000000000E+05
    0.492748916149139404296875000000000000000000E-01    0.123349013671875000000000000000000000000000E+05
    0.502703115344047546386718750000000000000000E-01    0.121120986328125000000000000000000000000000E+05
    0.512858368456363677978515625000000000000000E-01    0.118980615234375000000000000000000000000000E+05
    0.523218810558319091796875000000000000000000E-01    0.116929199218750000000000000000000000000000E+05
    0.533788502216339111328125000000000000000000E-01    0.114950605468750000000000000000000000000000E+05
    0.544571764767169952392578125000000000000000E-01    0.113746962890625000000000000000000000000000E+05
    0.555572807788848876953125000000000000000000E-01    0.111903906250000000000000000000000000000000E+05
    0.566796138882637023925781250000000000000000E-01    0.110091386718750000000000000000000000000000E+05
    0.578246153891086578369140625000000000000000E-01    0.108252617187500000000000000000000000000000E+05
    0.589927472174167633056640625000000000000000E-01    0.106450214843750000000000000000000000000000E+05
    0.601844787597656250000000000000000000000000E-01    0.104667255859375000000000000000000000000000E+05
    0.614003166556358337402343750000000000000000E-01    0.102874931640625000000000000000000000000000E+05
    0.626406818628311157226562500000000000000000E-01    0.101108593750000000000000000000000000000000E+05
    0.639061108231544494628906250000000000000000E-01    0.993159863281250000000000000000000000000000E+04
    0.651970952749252319335937500000000000000000E-01    0.969310742187500000000000000000000000000000E+04
    0.665141642093658447265625000000000000000000E-01    0.950187500000000000000000000000000000000000E+04
    0.678578317165374755859375000000000000000000E-01    0.930273632812500000000000000000000000000000E+04
    0.692286565899848937988281250000000000000000E-01    0.907457031250000000000000000000000000000000E+04
    0.706271678209304809570312500000000000000000E-01    0.885961914062500000000000000000000000000000E+04
    0.720539242029190063476562500000000000000000E-01    0.862797656250000000000000000000000000000000E+04
    0.735095068812370300292968750000000000000000E-01    0.838420019531250000000000000000000000000000E+04
    0.749944970011711120605468750000000000000000E-01    0.815053027343750000000000000000000000000000E+04
    0.765094906091690063476562500000000000000000E-01    0.787835205078125000000000000000000000000000E+04
    0.780550837516784667968750000000000000000000E-01    0.759244775390625000000000000000000000000000E+04
    0.796318948268890380859375000000000000000000E-01    0.729881738281250000000000000000000000000000E+04
    0.812405645847320556640625000000000000000000E-01    0.699860253906250000000000000000000000000000E+04
    0.828817337751388549804687500000000000000000E-01    0.669070458984375000000000000000000000000000E+04
    0.845560505986213684082031250000000000000000E-01    0.637838085937500000000000000000000000000000E+04
    0.862641930580139160156250000000000000000000E-01    0.606464111328125000000000000000000000000000E+04
    0.880068466067314147949218750000000000000000E-01    0.575261474609375000000000000000000000000000E+04
    0.897847041487693786621093750000000000000000E-01    0.544175585937500000000000000000000000000000E+04
    0.915984734892845153808593750000000000000000E-01    0.513987988281250000000000000000000000000000E+04
    0.934488773345947265625000000000000000000000E-01    0.484771582031250000000000000000000000000000E+04
    0.953366756439208984375000000000000000000000E-01    0.456684375000000000000000000000000000000000E+04
    0.972625985741615295410156250000000000000000E-01    0.430019873046875000000000000000000000000000E+04
    0.992274358868598937988281250000000000000000E-01    0.405038330078125000000000000000000000000000E+04
    0.101232007145881652832031250000000000000000E+00    0.381388061523437500000000000000000000000000E+04
    0.103277020156383514404296875000000000000000E+00    0.359006347656250000000000000000000000000000E+04
    0.105363354086875915527343750000000000000000E+00    0.338280834960937500000000000000000000000000E+04
    0.107491828501224517822265625000000000000000E+00    0.318904370117187500000000000000000000000000E+04
    0.109663315117359161376953125000000000000000E+00    0.301145141601562500000000000000000000000000E+04
    0.111878655850887298583984375000000000000000E+00    0.284586181640625000000000000000000000000000E+04
    0.114138752222061157226562500000000000000000E+00    0.268970483398437500000000000000000000000000E+04
    0.116444505751132965087890625000000000000000E+00    0.254230126953125000000000000000000000000000E+04
    0.118796832859516143798828125000000000000000E+00    0.240082641601562500000000000000000000000000E+04
    0.121196687221527099609375000000000000000000E+00    0.226423632812500000000000000000000000000000E+04
    0.123645029962062835693359375000000000000000E+00    0.212816357421875000000000000000000000000000E+04
    0.126142814755439758300781250000000000000000E+00    0.199433093261718750000000000000000000000000E+04
    0.128691077232360839843750000000000000000000E+00    0.185882312011718750000000000000000000000000E+04
    0.131290808320045471191406250000000000000000E+00    0.171987414550781250000000000000000000000000E+04
    0.133943051099777221679687500000000000000000E+00    0.158056701660156250000000000000000000000000E+04
    0.136648878455162048339843750000000000000000E+00    0.144039721679687500000000000000000000000000E+04
    0.139409363269805908203125000000000000000000E+00    0.130091918945312500000000000000000000000000E+04
    0.142225623130798339843750000000000000000000E+00    0.116410864257812500000000000000000000000000E+04
    0.145098760724067687988281250000000000000000E+00    0.103242089843750000000000000000000000000000E+04
    0.148029953241348266601562500000000000000000E+00    0.907998596191406250000000000000000000000000E+03
    0.151020348072052001953125000000000000000000E+00    0.793368164062500000000000000000000000000000E+03
    0.154071167111396789550781250000000000000000E+00    0.690419616699218750000000000000000000000000E+03
    0.157183602452278137207031250000000000000000E+00    0.600621826171875000000000000000000000000000E+03
    0.160358920693397521972656250000000000000000E+00    0.524499450683593750000000000000000000000000E+03
    0.163598373532295227050781250000000000000000E+00    0.461773223876953125000000000000000000000000E+03
    0.166903272271156311035156250000000000000000E+00    0.411373321533203125000000000000000000000000E+03
    0.170275032520294189453125000000000000000000E+00    0.371866821289062500000000000000000000000000E+03
    0.173714801669120788574218750000000000000000E+00    0.341356811523437500000000000000000000000000E+03
    0.177224084734916687011718750000000000000000E+00    0.318185333251953125000000000000000000000000E+03
    0.180804237723350524902343750000000000000000E+00    0.300709533691406250000000000000000000000000E+03
    0.184456720948219299316406250000000000000000E+00    0.287148590087890625000000000000000000000000E+03
    0.188182994723320007324218750000000000000000E+00    0.275535308837890625000000000000000000000000E+03
    0.191984534263610839843750000000000000000000E+00    0.264277343750000000000000000000000000000000E+03
    0.195862874388694763183593750000000000000000E+00    0.251953933715820312500000000000000000000000E+03
    0.199819564819335937500000000000000000000000E+00    0.237888259887695312500000000000000000000000E+03
    0.203856185078620910644531250000000000000000E+00    0.221970809936523437500000000000000000000000E+03
    0.207974359393119812011718750000000000000000E+00    0.204556152343750000000000000000000000000000E+03
    0.212175697088241577148437500000000000000000E+00    0.186325607299804687500000000000000000000000E+03
    0.216461926698684692382812500000000000000000E+00    0.168212310791015625000000000000000000000000E+03
    0.220834761857986450195312500000000000000000E+00    0.151351257324218750000000000000000000000000E+03
    0.225295916199684143066406250000000000000000E+00    0.136384262084960937500000000000000000000000E+03
    0.229847192764282226562500000000000000000000E+00    0.123775970458984375000000000000000000000000E+03
    0.234490394592285156250000000000000000000000E+00    0.113463020324707031250000000000000000000000E+03
    0.239227414131164550781250000000000000000000E+00    0.105112159729003906250000000000000000000000E+03
    0.244060128927230834960937500000000000000000E+00    0.982574234008789062500000000000000000000000E+02
    0.248990446329116821289062500000000000000000E+00    0.923642959594726562500000000000000000000000E+02
    0.254020392894744873046875000000000000000000E+00    0.868813476562500000000000000000000000000000E+02
    0.259151935577392578125000000000000000000000E+00    0.813259963989257812500000000000000000000000E+02
    0.264387160539627075195312500000000000000000E+00    0.754061431884765625000000000000000000000000E+02
    0.269728124141693115234375000000000000000000E+00    0.691327438354492187500000000000000000000000E+02
    0.275177001953125000000000000000000000000000E+00    0.627530403137207031250000000000000000000000E+02
    0.280736058950424194335937500000000000000000E+00    0.566404418945312500000000000000000000000000E+02
    0.286407291889190673828125000000000000000000E+00    0.511003913879394531250000000000000000000000E+02
    0.292193114757537841796875000000000000000000E+00    0.463726959228515625000000000000000000000000E+02
    0.298095792531967163085937500000000000000000E+00    0.425276031494140625000000000000000000000000E+02
    0.304117560386657714843750000000000000000000E+00    0.394453506469726562500000000000000000000000E+02
    0.310261309146881103515625000000000000000000E+00    0.369050788879394531250000000000000000000000E+02
    0.316528826951980590820312500000000000000000E+00    0.346538505554199218750000000000000000000000E+02
    0.322923272848129272460937500000000000000000E+00    0.324443054199218750000000000000000000000000E+02
    0.329446613788604736328125000000000000000000E+00    0.300971736907958984375000000000000000000000E+02
    0.336102008819580078125000000000000000000000E+00    0.275857429504394531250000000000000000000000E+02
    0.342891573905944824218750000000000000000000E+00    0.250456581115722656250000000000000000000000E+02
    0.349818587303161621093750000000000000000000E+00    0.226687622070312500000000000000000000000000E+02
    0.356885224580764770507812500000000000000000E+00    0.206128730773925781250000000000000000000000E+02
    0.364094972610473632812500000000000000000000E+00    0.189468460083007812500000000000000000000000E+02
    0.371450334787368774414062500000000000000000E+00    0.176175842285156250000000000000000000000000E+02
    0.378953933715820312500000000000000000000000E+00    0.164774475097656250000000000000000000000000E+02
    0.386609494686126708984375000000000000000000E+00    0.153832397460937500000000000000000000000000E+02
    0.394419312477111816406250000000000000000000E+00    0.142423706054687500000000000000000000000000E+02
    0.402387291193008422851562500000000000000000E+00    0.130673818588256835937500000000000000000000E+02
    0.410515844821929931640625000000000000000000E+00    0.119425411224365234375000000000000000000000E+02
    0.418809026479721069335937500000000000000000E+00    0.109421920776367187500000000000000000000000E+02
    0.427269339561462402343750000000000000000000E+00    0.100847034454345703125000000000000000000000E+02
    0.435900926589965820312500000000000000000000E+00    0.934336376190185546875000000000000000000000E+01
    0.444706469774246215820312500000000000000000E+00    0.867998981475830078125000000000000000000000E+01
    0.453690379858016967773437500000000000000000E+00    0.806264400482177734375000000000000000000000E+01
    0.462855309247970581054687500000000000000000E+00    0.746949052810668945312500000000000000000000E+01
    0.472205787897109985351562500000000000000000E+00    0.689348268508911132812500000000000000000000E+01
    0.481744766235351562500000000000000000000000E+00    0.635103511810302734375000000000000000000000E+01
    0.491476893424987792968750000000000000000000E+00    0.586317491531372070312500000000000000000000E+01
    0.501405119895935058593750000000000000000000E+00    0.543708944320678710937500000000000000000000E+01
    0.511534392833709716796875000000000000000000E+00    0.505449533462524414062500000000000000000000E+01
    0.521867811679840087890625000000000000000000E+00    0.469564676284790039062500000000000000000000E+01
    0.532410502433776855468750000000000000000000E+00    0.435499858856201171875000000000000000000000E+01
    0.543165624141693115234375000000000000000000E+00    0.403641033172607421875000000000000000000000E+01
    0.554138541221618652343750000000000000000000E+00    0.374235582351684570312500000000000000000000E+01
    0.565332591533660888671875000000000000000000E+00    0.347556781768798828125000000000000000000000E+01
    0.576753377914428710937500000000000000000000E+00    0.323459053039550781250000000000000000000000E+01
    0.588404297828674316406250000000000000000000E+00    0.301142477989196777343750000000000000000000E+01
    0.600291073322296142578125000000000000000000E+00    0.280166816711425781250000000000000000000000E+01
    0.612418055534362792968750000000000000000000E+00    0.260725855827331542968750000000000000000000E+01
    0.624789416790008544921875000000000000000000E+00    0.242759871482849121093750000000000000000000E+01
    0.637411296367645263671875000000000000000000E+00    0.226313781738281250000000000000000000000000E+01
    0.650287508964538574218750000000000000000000E+00    0.211194610595703125000000000000000000000000E+01
    0.663424491882324218750000000000000000000000E+00    0.197096085548400878906250000000000000000000E+01
    0.676826238632202148437500000000000000000000E+00    0.184014368057250976562500000000000000000000E+01
    0.690499365329742431640625000000000000000000E+00    0.171893036365509033203125000000000000000000E+01
    0.704448044300079345703125000000000000000000E+00    0.160704958438873291015625000000000000000000E+01
    0.718679130077362060546875000000000000000000E+00    0.150338757038116455078125000000000000000000E+01
    0.733197033405303955078125000000000000000000E+00    0.140719616413116455078125000000000000000000E+01
    0.748008966445922851562500000000000000000000E+00    0.131773197650909423828125000000000000000000E+01
    0.763119339942932128906250000000000000000000E+00    0.123471534252166748046875000000000000000000E+01
    0.778535783290863037109375000000000000000000E+00    0.115763318538665771484375000000000000000000E+01
    0.794262826442718505859375000000000000000000E+00    0.108598673343658447265625000000000000000000E+01
    0.810308396816253662109375000000000000000000E+00    0.101925957202911376953125000000000000000000E+01
    0.826677322387695312500000000000000000000000E+00    0.957159399986267089843750000000000000000000E+00
    0.843377590179443359375000000000000000000000E+00    0.899365901947021484375000000000000000000000E+00
    0.860414624214172363281250000000000000000000E+00    0.845494031906127929687500000000000000000000E+00
    0.877796530723571777343750000000000000000000E+00    0.795245170593261718750000000000000000000000E+00
    0.895528674125671386718750000000000000000000E+00    0.748367428779602050781250000000000000000000E+00
    0.913619995117187500000000000000000000000000E+00    0.704639613628387451171875000000000000000000E+00
    0.932075977325439453125000000000000000000000E+00    0.663763225078582763671875000000000000000000E+00
    0.950905561447143554687500000000000000000000E+00    0.625540316104888916015625000000000000000000E+00
    0.970114648342132568359375000000000000000000E+00    0.589804053306579589843750000000000000000000E+00
    0.989712655544281005859375000000000000000000E+00    0.556351482868194580078125000000000000000000E+00
    0.100970673561096191406250000000000000000000E+01    0.525012552738189697265625000000000000000000E+00
    0.103010356426239013671875000000000000000000E+01    0.495654940605163574218750000000000000000000E+00
    0.105091357231140136718750000000000000000000E+01    0.468099355697631835937500000000000000000000E+00
    0.107214283943176269531250000000000000000000E+01    0.442262172698974609375000000000000000000000E+00
    0.109380209445953369140625000000000000000000E+01    0.417974323034286499023437500000000000000000E+00
    0.111589777469635009765625000000000000000000E+01    0.395168870687484741210937500000000000000000E+00
    0.113844096660614013671875000000000000000000E+01    0.373719483613967895507812500000000000000000E+00
    0.116143846511840820312500000000000000000000E+01    0.353587657213211059570312500000000000000000E+00
    0.118490147590637207031250000000000000000000E+01    0.334629774093627929687500000000000000000000E+00
    0.120883750915527343750000000000000000000000E+01    0.316780358552932739257812500000000000000000E+00
    0.123325824737548828125000000000000000000000E+01    0.299962490797042846679687500000000000000000E+00
    0.125817120075225830078125000000000000000000E+01    0.284115701913833618164062500000000000000000E+00
    0.128358840942382812500000000000000000000000E+01    0.269171357154846191406250000000000000000000E+00
    0.130951797962188720703125000000000000000000E+01    0.255059599876403808593750000000000000000000E+00
    0.133597266674041748046875000000000000000000E+01    0.241756841540336608886718750000000000000000E+00
    0.136296045780181884765625000000000000000000E+01    0.229180335998535156250000000000000000000000E+00
    0.139049470424652099609375000000000000000000E+01    0.217311576008796691894531250000000000000000E+00
    0.141858386993408203125000000000000000000000E+01    0.206086128950119018554687500000000000000000E+00
    0.144724178314208984375000000000000000000000E+01    0.195470541715621948242187500000000000000000E+00
    0.147647726535797119140625000000000000000000E+01    0.185448274016380310058593750000000000000000E+00
    0.150630474090576171875000000000000000000000E+01    0.175958409905433654785156250000000000000000E+00
    0.153673338890075683593750000000000000000000E+01    0.166973665356636047363281250000000000000000E+00
    0.156777822971343994140625000000000000000000E+01    0.158469170331954956054687500000000000000000E+00
    0.159944856166839599609375000000000000000000E+01    0.150415405631065368652343750000000000000000E+00
    0.163176035881042480468750000000000000000000E+01    0.142787262797355651855468750000000000000000E+00
    0.166472315788269042968750000000000000000000E+01    0.135554656386375427246093750000000000000000E+00
    0.169835364818572998046875000000000000000000E+01    0.128706619143486022949218750000000000000000E+00
    0.173266339302062988281250000000000000000000E+01    0.122211262583732604980468750000000000000000E+00
    0.176766479015350341796875000000000000000000E+01    0.116051748394966125488281250000000000000000E+00
    0.180337476730346679687500000000000000000000E+01    0.110206469893455505371093750000000000000000E+00
    0.183980441093444824218750000000000000000000E+01    0.104662239551544189453125000000000000000000E+00
    0.187697184085845947265625000000000000000000E+01    0.994071140885353088378906250000000000000000E-01
    0.191488826274871826171875000000000000000000E+01    0.944188684225082397460937500000000000000000E-01
    0.195357239246368408203125000000000000000000E+01    0.896844789385795593261718750000000000000000E-01
    0.199303627014160156250000000000000000000000E+01    0.851899608969688415527343750000000000000000E-01
    0.203329920768737792968750000000000000000000E+01    0.809221342206001281738281250000000000000000E-01
    0.207437348365783691406250000000000000000000E+01    0.768709853291511535644531250000000000000000E-01
    0.211627960205078125000000000000000000000000E+01    0.730228945612907409667968750000000000000000E-01
    0.215903019905090332031250000000000000000000E+01    0.693683028221130371093750000000000000000000E-01
    0.220264649391174316406250000000000000000000E+01    0.658980011940002441406250000000000000000000E-01
    0.224714183807373046875000000000000000000000E+01    0.626026391983032226562500000000000000000000E-01
    0.229253816604614257812500000000000000000000E+01    0.594721436500549316406250000000000000000000E-01
    0.233884930610656738281250000000000000000000E+01    0.564969554543495178222656250000000000000000E-01
    0.238609838485717773437500000000000000000000E+01    0.536731705069541931152343750000000000000000E-01
    0.243429946899414062500000000000000000000000E+01    0.509888455271720886230468750000000000000000E-01
    0.248347663879394531250000000000000000000000E+01    0.484375953674316406250000000000000000000000E-01
    0.253364515304565429687500000000000000000000E+01    0.460130386054515838623046875000000000000000E-01
    0.258482933044433593750000000000000000000000E+01    0.437114425003528594970703125000000000000000E-01
    0.263704514503479003906250000000000000000000E+01    0.415231920778751373291015625000000000000000E-01
    0.269031810760498046875000000000000000000000E+01    0.394447147846221923828125000000000000000000E-01
    0.274466466903686523437500000000000000000000E+01    0.374693796038627624511718750000000000000000E-01
    0.280011177062988281250000000000000000000000E+01    0.355914421379566192626953125000000000000000E-01
    0.285667920112609863281250000000000000000000E+01    0.338084995746612548828125000000000000000000E-01
    0.291438651084899902343750000000000000000000E+01    0.321133546531200408935546875000000000000000E-01
    0.297326231002807617187500000000000000000000E+01    0.305022615939378738403320312500000000000000E-01
    0.303332471847534179687500000000000000000000E+01    0.289715491235256195068359375000000000000000E-01
    0.309460353851318359375000000000000000000000E+01    0.275163594633340835571289062500000000000000E-01
    0.315711688995361328125000000000000000000000E+01    0.261346697807312011718750000000000000000000E-01
    0.322089648246765136718750000000000000000000E+01    0.248214863240718841552734375000000000000000E-01
    0.328596115112304687500000000000000000000000E+01    0.235737878829240798950195312500000000000000E-01
    0.335234355926513671875000000000000000000000E+01    0.223881695419549942016601562500000000000000E-01
    0.342006349563598632812500000000000000000000E+01    0.212609451264142990112304687500000000000000E-01
    0.348915529251098632812500000000000000000000E+01    0.201897639781236648559570312500000000000000E-01
    0.355963897705078125000000000000000000000000E+01    0.191728286445140838623046875000000000000000E-01
    0.363155031204223632812500000000000000000000E+01    0.182063914835453033447265625000000000000000E-01
    0.370491051673889160156250000000000000000000E+01    0.172882825136184692382812500000000000000000E-01
    0.377975654602050781250000000000000000000000E+01    0.164158493280410766601562500000000000000000E-01
    0.385611033439636230468750000000000000000000E+01    0.155865354463458061218261718750000000000000E-01
    0.393401122093200683593750000000000000000000E+01    0.147989494726061820983886718750000000000000E-01
    0.401348161697387695312500000000000000000000E+01    0.140504846349358558654785156250000000000000E-01
    0.409456062316894531250000000000000000000000E+01    0.133399255573749542236328125000000000000000E-01
    0.417727470397949218750000000000000000000000E+01    0.126647101715207099914550781250000000000000E-01
    0.426166296005249023437500000000000000000000E+01    0.120233623310923576354980468750000000000000E-01
    0.434775209426879882812500000000000000000000E+01    0.114141181111335754394531250000000000000000E-01
    0.443558454513549804687500000000000000000000E+01    0.108352256938815116882324218750000000000000E-01
