    0.999999974737875163555145263671875000000000E-04    0.665248718261718750000000000000000000000000E+03
    0.102020130725577473640441894531250000000000E-03    0.678186462402343750000000000000000000000000E+03
    0.104081082099582999944686889648437500000000E-03    0.691374450683593750000000000000000000000000E+03
    0.106183659227099269628524780273437500000000E-03    0.704817443847656250000000000000000000000000E+03
    0.108328706119209527969360351562500000000000E-03    0.718520263671875000000000000000000000000000E+03
    0.110517095890827476978302001953125000000000E-03    0.732487854003906250000000000000000000000000E+03
    0.112749679828993976116180419921875000000000E-03    0.746725280761718750000000000000000000000000E+03
    0.115027374704368412494659423828125000000000E-03    0.761237548828125000000000000000000000000000E+03
    0.117351090011652559041976928710937500000000E-03    0.776029907226562500000000000000000000000000E+03
    0.119721727969590574502944946289062500000000E-03    0.791107604980468750000000000000000000000000E+03
    0.122140278108417987823486328125000000000000E-03    0.806476074218750000000000000000000000000000E+03
    0.124607671750709414482116699218750000000000E-03    0.822140747070312500000000000000000000000000E+03
    0.127124920254573225975036621093750000000000E-03    0.838107177734375000000000000000000000000000E+03
    0.129692998598329722881317138671875000000000E-03    0.854381042480468750000000000000000000000000E+03
    0.132312969071790575981140136718750000000000E-03    0.870968078613281250000000000000000000000000E+03
    0.134985879412852227687835693359375000000000E-03    0.887874206542968750000000000000000000000000E+03
    0.137712777359411120414733886718750000000000E-03    0.905105346679687500000000000000000000000000E+03
    0.140494754305109381675720214843750000000000E-03    0.922667541503906250000000000000000000000000E+03
    0.143332930747419595718383789062500000000000E-03    0.940566955566406250000000000000000000000000E+03
    0.146228456287644803524017333984375000000000E-03    0.958809875488281250000000000000000000000000E+03
    0.149182465975172817707061767578125000000000E-03    0.977402648925781250000000000000000000000000E+03
    0.152196153067052364349365234375000000000000E-03    0.996351745605468750000000000000000000000000E+03
    0.155270710820332169532775878906250000000000E-03    0.101566363525390625000000000000000000000000E+04
    0.158407390699721872806549072265625000000000E-03    0.103534509277343750000000000000000000000000E+04
    0.161607444169931113719940185546875000000000E-03    0.105540295410156250000000000000000000000000E+04
    0.164872122695669531822204589843750000000000E-03    0.107584399414062500000000000000000000000000E+04
    0.168202750501222908496856689453125000000000E-03    0.109667529296875000000000000000000000000000E+04
    0.171600666362792253494262695312500000000000E-03    0.111790380859375000000000000000000000000000E+04
    0.175067238160409033298492431640625000000000E-03    0.113953686523437500000000000000000000000000E+04
    0.178603833774104714393615722656250000000000E-03    0.116158166503906250000000000000000000000000E+04
    0.182211864739656448364257812500000000000000E-03    0.118404577636718750000000000000000000000000E+04
    0.185892800800502300262451171875000000000000E-03    0.120693676757812500000000000000000000000000E+04
    0.189648068044334650039672851562500000000000E-03    0.123026208496093750000000000000000000000000E+04
    0.193479223526082932949066162109375000000000E-03    0.125402954101562500000000000000000000000000E+04
    0.197387780644930899143218994140625000000000E-03    0.127824707031250000000000000000000000000000E+04
    0.201375267351977527141571044921875000000000E-03    0.130292248535156250000000000000000000000000E+04
    0.205443298909813165664672851562500000000000E-03    0.132806408691406250000000000000000000000000E+04
    0.209593548788689076900482177734375000000000E-03    0.135367980957031250000000000000000000000000E+04
    0.213827603147365152835845947265625000000000E-03    0.137977807617187500000000000000000000000000E+04
    0.218147222767584025859832763671875000000000E-03    0.140636718750000000000000000000000000000000E+04
    0.222554081119596958160400390625000000000000E-03    0.143345568847656250000000000000000000000000E+04
    0.227049968088977038860321044921875000000000E-03    0.146105212402343750000000000000000000000000E+04
    0.231636688113212585449218750000000000000000E-03    0.148916516113281250000000000000000000000000E+04
    0.236316060181707143783569335937500000000000E-03    0.151780346679687500000000000000000000000000E+04
    0.241089961491525173187255859375000000000000E-03    0.154697607421875000000000000000000000000000E+04
    0.245960312895476818084716796875000000000000E-03    0.157669189453125000000000000000000000000000E+04
    0.250929006142541766166687011718750000000000E-03    0.160695996093750000000000000000000000000000E+04
    0.255998136708512902259826660156250000000000E-03    0.163778942871093750000000000000000000000000E+04
    0.261169654550030827522277832031250000000000E-03    0.166918945312500000000000000000000000000000E+04
    0.266445596935227513313293457031250000000000E-03    0.170116931152343750000000000000000000000000E+04
    0.271828175755217671394348144531250000000000E-03    0.173373840332031250000000000000000000000000E+04
    0.277319486485794186592102050781250000000000E-03    0.176690625000000000000000000000000000000000E+04
    0.282921682810410857200622558593750000000000E-03    0.180068212890625000000000000000000000000000E+04
    0.288637093035504221916198730468750000000000E-03    0.183507556152343750000000000000000000000000E+04
    0.294467929052188992500305175781250000000000E-03    0.187009619140625000000000000000000000000000E+04
    0.300416606478393077850341796875000000000000E-03    0.190575366210937500000000000000000000000000E+04
    0.306485395412892103195190429687500000000000E-03    0.194205773925781250000000000000000000000000E+04
    0.312676827888935804367065429687500000000000E-03    0.197901782226562500000000000000000000000000E+04
    0.318993290420621633529663085937500000000000E-03    0.201664367675781250000000000000000000000000E+04
    0.325437402352690696716308593750000000000000E-03    0.205494506835937500000000000000000000000000E+04
    0.332011666614562273025512695312500000000000E-03    0.209393188476562500000000000000000000000000E+04
    0.338718760758638381958007812500000000000000E-03    0.213361352539062500000000000000000000000000E+04
    0.345561362337321043014526367187500000000000E-03    0.217400000000000000000000000000000000000000E+04
    0.352542119799181818962097167968750000000000E-03    0.221510058593750000000000000000000000000000E+04
    0.359663943527266383171081542968750000000000E-03    0.225692480468750000000000000000000000000000E+04
    0.366929627489298582077026367187500000000000E-03    0.229948266601562500000000000000000000000000E+04
    0.374342111172154545783996582031250000000000E-03    0.234278320312500000000000000000000000000000E+04
    0.381904304958879947662353515625000000000000E-03    0.238683569335937500000000000000000000000000E+04
    0.389619322959333658218383789062500000000000E-03    0.243164941406250000000000000000000000000000E+04
    0.397490162868052721023559570312500000000000E-03    0.247723339843750000000000000000000000000000E+04
    0.405519997002556920051574707031250000000000E-03    0.252359692382812500000000000000000000000000E+04
    0.413712026784196496009826660156250000000000E-03    0.257074853515625000000000000000000000000000E+04
    0.422069540945813059806823730468750000000000E-03    0.261869702148437500000000000000000000000000E+04
    0.430595915531739592552185058593750000000000E-03    0.266745019531250000000000000000000000000000E+04
    0.439294555690139532089233398437500000000000E-03    0.271701684570312500000000000000000000000000E+04
    0.448168895673006772994995117187500000000000E-03    0.276740478515625000000000000000000000000000E+04
    0.457222486147657036781311035156250000000000E-03    0.281862158203125000000000000000000000000000E+04
    0.466458965092897415161132812500000000000000E-03    0.287067456054687500000000000000000000000000E+04
    0.475882086902856826782226562500000000000000E-03    0.292357055664062500000000000000000000000000E+04
    0.485495518660172820091247558593750000000000E-03    0.297731640625000000000000000000000000000000E+04
    0.495303189381957054138183593750000000000000E-03    0.303191845703125000000000000000000000000000E+04
    0.505309028085321187973022460937500000000000E-03    0.308738256835937500000000000000000000000000E+04
    0.515516963787376880645751953125000000000000E-03    0.314371386718750000000000000000000000000000E+04
    0.525931071024388074874877929687500000000000E-03    0.320091748046875000000000000000000000000000E+04
    0.536555540747940540313720703125000000000000E-03    0.325899780273437500000000000000000000000000E+04
    0.547394680324941873550415039062500000000000E-03    0.331795922851562500000000000000000000000000E+04
    0.558452797122299671173095703125000000000000E-03    0.337780493164062500000000000000000000000000E+04
    0.569734314922243356704711914062500000000000E-03    0.343853784179687500000000000000000000000000E+04
    0.581243715714663267135620117187500000000000E-03    0.350015966796875000000000000000000000000000E+04
    0.592985597904771566390991210937500000000000E-03    0.356267260742187500000000000000000000000000E+04
    0.604964734520763158798217773437500000000000E-03    0.362607739257812500000000000000000000000000E+04
    0.617185782175511121749877929687500000000000E-03    0.369037426757812500000000000000000000000000E+04
    0.629653746727854013442993164062500000000000E-03    0.375556298828125000000000000000000000000000E+04
    0.642373692244291305541992187500000000000000E-03    0.382164184570312500000000000000000000000000E+04
    0.655350449960678815841674804687500000000000E-03    0.388860913085937500000000000000000000000000E+04
    0.668589433189481496810913085937500000000000E-03    0.395646240234375000000000000000000000000000E+04
    0.682095822412520647048950195312500000000000E-03    0.402519824218750000000000000000000000000000E+04
    0.695875030942261219024658203125000000000000E-03    0.409481250000000000000000000000000000000000E+04
    0.709932646714150905609130859375000000000000E-03    0.416530029296875000000000000000000000000000E+04
    0.724274199455976486206054687500000000000000E-03    0.423665527343750000000000000000000000000000E+04
    0.738905626349151134490966796875000000000000E-03    0.430887207031250000000000000000000000000000E+04
    0.753832457121461629867553710937500000000000E-03    0.438194287109375000000000000000000000000000E+04
    0.769060861784964799880981445312500000000000E-03    0.445586035156250000000000000000000000000000E+04
    0.784596893936395645141601562500000000000000E-03    0.453061572265625000000000000000000000000000E+04
    0.800446781795471906661987304687500000000000E-03    0.460619970703125000000000000000000000000000E+04
    0.816616869997233152389526367187500000000000E-03    0.468260253906250000000000000000000000000000E+04
    0.833113677799701690673828125000000000000000E-03    0.475981494140625000000000000000000000000000E+04
    0.849943608045578002929687500000000000000000E-03    0.483782617187500000000000000000000000000000E+04
    0.867113587446510791778564453125000000000000E-03    0.491662597656250000000000000000000000000000E+04
    0.884630659129470586776733398437500000000000E-03    0.499620214843750000000000000000000000000000E+04
    0.902501342352479696273803710937500000000000E-03    0.507654394531250000000000000000000000000000E+04
    0.920733029488474130630493164062500000000000E-03    0.515764111328125000000000000000000000000000E+04
    0.939333112910389900207519531250000000000000E-03    0.523948339843750000000000000000000000000000E+04
    0.958308868575841188430786132812500000000000E-03    0.532206103515625000000000000000000000000000E+04
    0.977667979896068572998046875000000000000000E-03    0.540536328125000000000000000000000000000000E+04
    0.997418188489973545074462890625000000000000E-03    0.548937890625000000000000000000000000000000E+04
    0.101756735239177942276000976562500000000000E-02    0.557410205078125000000000000000000000000000E+04
    0.103812362067401409149169921875000000000000E-02    0.565952636718750000000000000000000000000000E+04
    0.105909502599388360977172851562500000000000E-02    0.574564697265625000000000000000000000000000E+04
    0.108049006666988134384155273437500000000000E-02    0.583245654296875000000000000000000000000000E+04
    0.110231747385114431381225585937500000000000E-02    0.591995166015625000000000000000000000000000E+04
    0.112458574585616588592529296875000000000000E-02    0.600813281250000000000000000000000000000000E+04
    0.114730407949537038803100585937500000000000E-02    0.609700341796875000000000000000000000000000E+04
    0.117048120591789484024047851562500000000000E-02    0.618656738281250000000000000000000000000000E+04
    0.119412643834948539733886718750000000000000E-02    0.627682763671875000000000000000000000000000E+04
    0.121824943926185369491577148437500000000000E-02    0.636779101562500000000000000000000000000000E+04
    0.124285963829606771469116210937500000000000E-02    0.645947119140625000000000000000000000000000E+04
    0.126796704716980457305908203125000000000000E-02    0.655188281250000000000000000000000000000000E+04
    0.129358167760074138641357421875000000000000E-02    0.664504248046875000000000000000000000000000E+04
    0.131971365772187709808349609375000000000000E-02    0.673896777343750000000000000000000000000000E+04
    0.134637358132749795913696289062500000000000E-02    0.683367871093750000000000000000000000000000E+04
    0.137357215862721204757690429687500000000000E-02    0.692920117187500000000000000000000000000000E+04
    0.140132009983062744140625000000000000000000E-02    0.702556201171875000000000000000000000000000E+04
    0.142962858080863952636718750000000000000000E-02    0.712279052734375000000000000000000000000000E+04
    0.145850901026278734207153320312500000000000E-02    0.722091748046875000000000000000000000000000E+04
    0.148797314614057540893554687500000000000000E-02    0.731997509765625000000000000000000000000000E+04
    0.151803228072822093963623046875000000000000E-02    0.741999560546875000000000000000000000000000E+04
    0.154869852121919393539428710937500000000000E-02    0.752101513671875000000000000000000000000000E+04
    0.157998420763760805130004882812500000000000E-02    0.762306933593750000000000000000000000000000E+04
    0.161190202925354242324829101562500000000000E-02    0.772619677734375000000000000000000000000000E+04
    0.164446467533707618713378906250000000000000E-02    0.783043408203125000000000000000000000000000E+04
    0.167768495157361030578613281250000000000000E-02    0.793581396484375000000000000000000000000000E+04
    0.171157636214047670364379882812500000000000E-02    0.804236865234375000000000000000000000000000E+04
    0.174615241121500730514526367187500000000000E-02    0.815013232421875000000000000000000000000000E+04
    0.178142718505114316940307617187500000000000E-02    0.825914062500000000000000000000000000000000E+04
    0.181741418782621622085571289062500000000000E-02    0.836942480468750000000000000000000000000000E+04
    0.185412843711674213409423828125000000000000E-02    0.848100585937500000000000000000000000000000E+04
    0.189158413559198379516601562500000000000000E-02    0.859390527343750000000000000000000000000000E+04
    0.192979711573570966720581054687500000000000E-02    0.870814355468750000000000000000000000000000E+04
    0.196878169663250446319580078125000000000000E-02    0.882374414062500000000000000000000000000000E+04
    0.200855359435081481933593750000000000000000E-02    0.894072167968750000000000000000000000000000E+04
    0.204912899062037467956542968750000000000000E-02    0.905907812500000000000000000000000000000000E+04
    0.209052418358623981475830078125000000000000E-02    0.917881738281250000000000000000000000000000E+04
    0.213275570422410964965820312500000000000000E-02    0.929994042968750000000000000000000000000000E+04
    0.217583985067903995513916015625000000000000E-02    0.942244824218750000000000000000000000000000E+04
    0.221979478374123573303222656250000000000000E-02    0.954633398437500000000000000000000000000000E+04
    0.226463773287832736968994140625000000000000E-02    0.967157910156250000000000000000000000000000E+04
    0.231038639321923255920410156250000000000000E-02    0.979816601562500000000000000000000000000000E+04
    0.235705915838479995727539062500000000000000E-02    0.992607226562500000000000000000000000000000E+04
    0.240467488765716552734375000000000000000000E-02    0.100552753906250000000000000000000000000000E+05
    0.245325244031846523284912109375000000000000E-02    0.101857480468750000000000000000000000000000E+05
    0.250281183980405330657958984375000000000000E-02    0.103174531250000000000000000000000000000000E+05
    0.255337217822670936584472656250000000000000E-02    0.104503544921875000000000000000000000000000E+05
    0.260495371185243129730224609375000000000000E-02    0.105844111328125000000000000000000000000000E+05
    0.265757716260850429534912109375000000000000E-02    0.107195820312500000000000000000000000000000E+05
    0.271126371808350086212158203125000000000000E-02    0.108558232421875000000000000000000000000000E+05
    0.276603479869663715362548828125000000000000E-02    0.109930908203125000000000000000000000000000E+05
    0.282191229052841663360595703125000000000000E-02    0.111313378906250000000000000000000000000000E+05
    0.287891877815127372741699218750000000000000E-02    0.112705166015625000000000000000000000000000E+05
    0.293707661330699920654296875000000000000000E-02    0.114105742187500000000000000000000000000000E+05
    0.299640954472124576568603515625000000000000E-02    0.115514619140625000000000000000000000000000E+05
    0.305694085545837879180908203125000000000000E-02    0.116931318359375000000000000000000000000000E+05
    0.311869522556662559509277343750000000000000E-02    0.118355341796875000000000000000000000000000E+05
    0.318169780075550079345703125000000000000000E-02    0.119786162109375000000000000000000000000000E+05
    0.324597232975065708160400390625000000000000E-02    0.121223232421875000000000000000000000000000E+05
    0.331154512241482734680175781250000000000000E-02    0.122666005859375000000000000000000000000000E+05
    0.337844272144138813018798828125000000000000E-02    0.124113886718750000000000000000000000000000E+05
    0.344669190235435962677001953125000000000000E-02    0.125566298828125000000000000000000000000000E+05
    0.351631967350840568542480468750000000000000E-02    0.127022617187500000000000000000000000000000E+05
    0.358735374175012111663818359375000000000000E-02    0.128482177734375000000000000000000000000000E+05
    0.365982321090996265411376953125000000000000E-02    0.129944228515625000000000000000000000000000E+05
    0.373375625349581241607666015625000000000000E-02    0.131407851562500000000000000000000000000000E+05
    0.380918313749134540557861328125000000000000E-02    0.132872148437500000000000000000000000000000E+05
    0.388613343238830566406250000000000000000000E-02    0.134336162109375000000000000000000000000000E+05
    0.396463880315423011779785156250000000000000E-02    0.135798925781250000000000000000000000000000E+05
    0.404472928494215011596679687500000000000000E-02    0.137259648437500000000000000000000000000000E+05
    0.412643933668732643127441406250000000000000E-02    0.138717646484375000000000000000000000000000E+05
    0.420979922637343406677246093750000000000000E-02    0.140172207031250000000000000000000000000000E+05
    0.429484248161315917968750000000000000000000E-02    0.141622607421875000000000000000000000000000E+05
    0.438160402700304985046386718750000000000000E-02    0.143068085937500000000000000000000000000000E+05
    0.447011832147836685180664062500000000000000E-02    0.144507480468750000000000000000000000000000E+05
    0.456042028963565826416015625000000000000000E-02    0.145939443359375000000000000000000000000000E+05
    0.465254718437790870666503906250000000000000E-02    0.147362568359375000000000000000000000000000E+05
    0.474653439596295356750488281250000000000000E-02    0.148775410156250000000000000000000000000000E+05
    0.484242103993892669677734375000000000000000E-02    0.150176542968750000000000000000000000000000E+05
    0.494024436920881271362304687500000000000000E-02    0.151564941406250000000000000000000000000000E+05
    0.504004349932074546813964843750000000000000E-02    0.152939707031250000000000000000000000000000E+05
    0.514185894280672073364257812500000000000000E-02    0.154299980468750000000000000000000000000000E+05
    0.524573167786002159118652343750000000000000E-02    0.155644873046875000000000000000000000000000E+05
    0.535170361399650573730468750000000000000000E-02    0.156973427734375000000000000000000000000000E+05
    0.545981479808688163757324218750000000000000E-02    0.158284345703125000000000000000000000000000E+05
    0.557011039927601814270019531250000000000000E-02    0.159576162109375000000000000000000000000000E+05
    0.568263372406363487243652343750000000000000E-02    0.160847373046875000000000000000000000000000E+05
    0.579743087291717529296875000000000000000000E-02    0.162096494140625000000000000000000000000000E+05
    0.591454654932022094726562500000000000000000E-02    0.163322011718750000000000000000000000000000E+05
    0.603402825072407722473144531250000000000000E-02    0.164522636718750000000000000000000000000000E+05
    0.615592347458004951477050781250000000000000E-02    0.165697109375000000000000000000000000000000E+05
    0.628028111532330513000488281250000000000000E-02    0.166844238281250000000000000000000000000000E+05
    0.640715099871158599853515625000000000000000E-02    0.167962714843750000000000000000000000000000E+05
    0.653658434748649597167968750000000000000000E-02    0.169051308593750000000000000000000000000000E+05
    0.666863145306706428527832031250000000000000E-02    0.170108437500000000000000000000000000000000E+05
    0.680334679782390594482421875000000000000000E-02    0.171132480468750000000000000000000000000000E+05
    0.694078346714377403259277343750000000000000E-02    0.172121855468750000000000000000000000000000E+05
    0.708099640905857086181640625000000000000000E-02    0.173074902343750000000000000000000000000000E+05
    0.722404150292277336120605468750000000000000E-02    0.173990019531250000000000000000000000000000E+05
    0.736997742205858230590820312500000000000000E-02    0.174865625000000000000000000000000000000000E+05
    0.751886051148176193237304687500000000000000E-02    0.175700136718750000000000000000000000000000E+05
    0.767075084149837493896484375000000000000000E-02    0.176492011718750000000000000000000000000000E+05
    0.782571360468864440917968750000000000000000E-02    0.177239687500000000000000000000000000000000E+05
    0.798380374908447265625000000000000000000000E-02    0.177941582031250000000000000000000000000000E+05
    0.814508739858865737915039062500000000000000E-02    0.178595898437500000000000000000000000000000E+05
    0.830962881445884704589843750000000000000000E-02    0.179200820312500000000000000000000000000000E+05
    0.847749505192041397094726562500000000000000E-02    0.179754550781250000000000000000000000000000E+05
    0.864875130355358123779296875000000000000000E-02    0.180255292968750000000000000000000000000000E+05
    0.882346741855144500732421875000000000000000E-02    0.180701328125000000000000000000000000000000E+05
    0.900171231478452682495117187500000000000000E-02    0.181090898437500000000000000000000000000000E+05
    0.918355956673622131347656250000000000000000E-02    0.181422343750000000000000000000000000000000E+05
    0.936907902359962463378906250000000000000000E-02    0.181694023437500000000000000000000000000000E+05
    0.955834705382585525512695312500000000000000E-02    0.181904316406250000000000000000000000000000E+05
    0.975143909454345703125000000000000000000000E-02    0.182051621093750000000000000000000000000000E+05
    0.994843058288097381591796875000000000000000E-02    0.182134003906250000000000000000000000000000E+05
    0.101494016125798225402832031250000000000000E-01    0.182149628906250000000000000000000000000000E+05
    0.103544332087039947509765625000000000000000E-01    0.182096699218750000000000000000000000000000E+05
    0.105636063963174819946289062500000000000000E-01    0.181973496093750000000000000000000000000000E+05
    0.107770059257745742797851562500000000000000E-01    0.181778359375000000000000000000000000000000E+05
    0.109947146847844123840332031250000000000000E-01    0.181509726562500000000000000000000000000000E+05
    0.112168220803141593933105468750000000000000E-01    0.181166093750000000000000000000000000000000E+05
    0.114434175193309783935546875000000000000000E-01    0.180746074218750000000000000000000000000000E+05
    0.116745894774794578552246093750000000000000E-01    0.180248417968750000000000000000000000000000E+05
    0.119104310870170593261718750000000000000000E-01    0.179671601562500000000000000000000000000000E+05
    0.121510382741689682006835937500000000000000E-01    0.179013632812500000000000000000000000000000E+05
    0.123965051025152206420898437500000000000000E-01    0.178272519531250000000000000000000000000000E+05
    0.126469302922487258911132812500000000000000E-01    0.177446484375000000000000000000000000000000E+05
    0.129024153575301170349121093750000000000000E-01    0.176533906250000000000000000000000000000000E+05
    0.131630674004554748535156250000000000000000E-01    0.175534082031250000000000000000000000000000E+05
    0.134289795532822608947753906250000000000000E-01    0.174447871093750000000000000000000000000000E+05
    0.137002617120742797851562500000000000000000E-01    0.173276425781250000000000000000000000000000E+05
    0.139770256355404853820800781250000000000000E-01    0.172020996093750000000000000000000000000000E+05
    0.142593793570995330810546875000000000000000E-01    0.170682968750000000000000000000000000000000E+05
    0.145474374294281005859375000000000000000000E-01    0.169260253906250000000000000000000000000000E+05
    0.148413162678480148315429687500000000000000E-01    0.167745429687500000000000000000000000000000E+05
    0.151411294937133789062500000000000000000000E-01    0.166131093750000000000000000000000000000000E+05
    0.154470009729266166687011718750000000000000E-01    0.164410371093750000000000000000000000000000E+05
    0.157590489834547042846679687500000000000000E-01    0.162577304687500000000000000000000000000000E+05
    0.160774048417806625366210937500000000000000E-01    0.160639804687500000000000000000000000000000E+05
    0.164021886885166168212890625000000000000000E-01    0.158623945312500000000000000000000000000000E+05
    0.167335346341133117675781250000000000000000E-01    0.156556142578125000000000000000000000000000E+05
    0.170715730637311935424804687500000000000000E-01    0.154461689453125000000000000000000000000000E+05
    0.174164418131113052368164062500000000000000E-01    0.152363896484375000000000000000000000000000E+05
    0.177682787179946899414062500000000000000000E-01    0.150260126953125000000000000000000000000000E+05
    0.181272197514772415161132812500000000000000E-01    0.148118007812500000000000000000000000000000E+05
    0.184934139251708984375000000000000000000000E-01    0.145905341796875000000000000000000000000000E+05
    0.188670046627521514892578125000000000000000E-01    0.143592060546875000000000000000000000000000E+05
    0.192481447011232376098632812500000000000000E-01    0.141151083984375000000000000000000000000000E+05
    0.196369830518960952758789062500000000000000E-01    0.138573974609375000000000000000000000000000E+05
    0.200336743146181106567382812500000000000000E-01    0.135870820312500000000000000000000000000000E+05
    0.204383805394172668457031250000000000000000E-01    0.133052753906250000000000000000000000000000E+05
    0.208512637764215469360351562500000000000000E-01    0.130131015625000000000000000000000000000000E+05
    0.212724860757589340209960937500000000000000E-01    0.127117167968750000000000000000000000000000E+05
    0.217022281140089035034179687500000000000000E-01    0.124029111328125000000000000000000000000000E+05
    0.221406426280736923217773437500000000000000E-01    0.120889912109375000000000000000000000000000E+05
    0.225879121571779251098632812500000000000000E-01    0.117721347656250000000000000000000000000000E+05
    0.230442192405462265014648437500000000000000E-01    0.114543603515625000000000000000000000000000E+05
    0.235097426921129226684570312500000000000000E-01    0.111374853515625000000000000000000000000000E+05
    0.239846706390380859375000000000000000000000E-01    0.108224882812500000000000000000000000000000E+05
    0.244691912084817886352539062500000000000000E-01    0.105097236328125000000000000000000000000000E+05
    0.249635018408298492431640625000000000000000E-01    0.101995126953125000000000000000000000000000E+05
    0.254677981138229370117187500000000000000000E-01    0.989216308593750000000000000000000000000000E+04
    0.259822811931371688842773437500000000000000E-01    0.958794921875000000000000000000000000000000E+04
    0.265071578323841094970703125000000000000000E-01    0.928687695312500000000000000000000000000000E+04
    0.270426385104656219482421875000000000000000E-01    0.898879101562500000000000000000000000000000E+04
    0.275889337062835693359375000000000000000000E-01    0.869357226562500000000000000000000000000000E+04
    0.281462669372558593750000000000000000000000E-01    0.840114648437500000000000000000000000000000E+04
    0.287148579955101013183593750000000000000000E-01    0.811154199218750000000000000000000000000000E+04
    0.292949359863996505737304687500000000000000E-01    0.782551660156250000000000000000000000000000E+04
    0.298867337405681610107421875000000000000000E-01    0.754419238281250000000000000000000000000000E+04
    0.304904840886592864990234375000000000000000E-01    0.726856054687500000000000000000000000000000E+04
    0.311064328998327255249023437500000000000000E-01    0.699948095703125000000000000000000000000000E+04
    0.317348241806030273437500000000000000000000E-01    0.673773242187500000000000000000000000000000E+04
    0.323759093880653381347656250000000000000000E-01    0.648440234375000000000000000000000000000000E+04
    0.330299474298954010009765625000000000000000E-01    0.624063183593750000000000000000000000000000E+04
    0.336971953511238098144531250000000000000000E-01    0.600736328125000000000000000000000000000000E+04
    0.343779213726520538330078125000000000000000E-01    0.578535937500000000000000000000000000000000E+04
    0.350724011659622192382812500000000000000000E-01    0.557518017578125000000000000000000000000000E+04
    0.357809104025363922119140625000000000000000E-01    0.537691308593750000000000000000000000000000E+04
    0.365037508308887481689453125000000000000000E-01    0.519041943359375000000000000000000000000000E+04
    0.372411720454692840576171875000000000000000E-01    0.501553173828125000000000000000000000000000E+04
    0.379934944212436676025390625000000000000000E-01    0.485206152343750000000000000000000000000000E+04
    0.387610122561454772949218750000000000000000E-01    0.469983349609375000000000000000000000000000E+04
    0.395440347492694854736328125000000000000000E-01    0.455884179687500000000000000000000000000000E+04
    0.403428785502910614013671875000000000000000E-01    0.442913183593750000000000000000000000000000E+04
    0.411578565835952758789062500000000000000000E-01    0.431073291015625000000000000000000000000000E+04
    0.419893004000186920166015625000000000000000E-01    0.420366650390625000000000000000000000000000E+04
    0.428375415503978729248046875000000000000000E-01    0.410776171875000000000000000000000000000000E+04
    0.437029153108596801757812500000000000000000E-01    0.402220458984375000000000000000000000000000E+04
    0.445857718586921691894531250000000000000000E-01    0.394612866210937500000000000000000000000000E+04
    0.454864650964736938476562500000000000000000E-01    0.387875830078125000000000000000000000000000E+04
    0.464053489267826080322265625000000000000000E-01    0.381939355468750000000000000000000000000000E+04
    0.473427996039390563964843750000000000000000E-01    0.376735791015625000000000000000000000000000E+04
    0.482991859316825866699218750000000000000000E-01    0.372201147460937500000000000000000000000000E+04
    0.492748916149139404296875000000000000000000E-01    0.368276855468750000000000000000000000000000E+04
    0.502703115344047546386718750000000000000000E-01    0.364903906250000000000000000000000000000000E+04
    0.512858368456363677978515625000000000000000E-01    0.361974365234375000000000000000000000000000E+04
    0.523218810558319091796875000000000000000000E-01    0.359353833007812500000000000000000000000000E+04
    0.533788502216339111328125000000000000000000E-01    0.356912036132812500000000000000000000000000E+04
    0.544571764767169952392578125000000000000000E-01    0.354512524414062500000000000000000000000000E+04
    0.555572807788848876953125000000000000000000E-01    0.351980834960937500000000000000000000000000E+04
    0.566796138882637023925781250000000000000000E-01    0.349137060546875000000000000000000000000000E+04
    0.578246153891086578369140625000000000000000E-01    0.345808300781250000000000000000000000000000E+04
    0.589927472174167633056640625000000000000000E-01    0.341839624023437500000000000000000000000000E+04
    0.601844787597656250000000000000000000000000E-01    0.337095288085937500000000000000000000000000E+04
    0.614003166556358337402343750000000000000000E-01    0.331453857421875000000000000000000000000000E+04
    0.626406818628311157226562500000000000000000E-01    0.324845458984375000000000000000000000000000E+04
    0.639061108231544494628906250000000000000000E-01    0.317272875976562500000000000000000000000000E+04
    0.651970952749252319335937500000000000000000E-01    0.308757177734375000000000000000000000000000E+04
    0.665141642093658447265625000000000000000000E-01    0.299295532226562500000000000000000000000000E+04
    0.678578317165374755859375000000000000000000E-01    0.288839624023437500000000000000000000000000E+04
    0.692286565899848937988281250000000000000000E-01    0.277372192382812500000000000000000000000000E+04
    0.706271678209304809570312500000000000000000E-01    0.265153564453125000000000000000000000000000E+04
    0.720539242029190063476562500000000000000000E-01    0.252714599609375000000000000000000000000000E+04
    0.735095068812370300292968750000000000000000E-01    0.240468017578125000000000000000000000000000E+04
    0.749944970011711120605468750000000000000000E-01    0.228232739257812500000000000000000000000000E+04
    0.765094906091690063476562500000000000000000E-01    0.215594189453125000000000000000000000000000E+04
    0.780550837516784667968750000000000000000000E-01    0.202487878417968750000000000000000000000000E+04
    0.796318948268890380859375000000000000000000E-01    0.189476855468750000000000000000000000000000E+04
    0.812405645847320556640625000000000000000000E-01    0.177083154296875000000000000000000000000000E+04
    0.828817337751388549804687500000000000000000E-01    0.165591992187500000000000000000000000000000E+04
    0.845560505986213684082031250000000000000000E-01    0.155151110839843750000000000000000000000000E+04
    0.862641930580139160156250000000000000000000E-01    0.145859289550781250000000000000000000000000E+04
    0.880068466067314147949218750000000000000000E-01    0.137770068359375000000000000000000000000000E+04
    0.897847041487693786621093750000000000000000E-01    0.130899267578125000000000000000000000000000E+04
    0.915984734892845153808593750000000000000000E-01    0.125255053710937500000000000000000000000000E+04
    0.934488773345947265625000000000000000000000E-01    0.120811828613281250000000000000000000000000E+04
    0.953366756439208984375000000000000000000000E-01    0.117441967773437500000000000000000000000000E+04
    0.972625985741615295410156250000000000000000E-01    0.115024645996093750000000000000000000000000E+04
    0.992274358868598937988281250000000000000000E-01    0.113446032714843750000000000000000000000000E+04
    0.101232007145881652832031250000000000000000E+00    0.112545434570312500000000000000000000000000E+04
    0.103277020156383514404296875000000000000000E+00    0.112165014648437500000000000000000000000000E+04
    0.105363354086875915527343750000000000000000E+00    0.112127429199218750000000000000000000000000E+04
    0.107491828501224517822265625000000000000000E+00    0.112192517089843750000000000000000000000000E+04
    0.109663315117359161376953125000000000000000E+00    0.112111425781250000000000000000000000000000E+04
    0.111878655850887298583984375000000000000000E+00    0.111631909179687500000000000000000000000000E+04
    0.114138752222061157226562500000000000000000E+00    0.110504565429687500000000000000000000000000E+04
    0.116444505751132965087890625000000000000000E+00    0.108521997070312500000000000000000000000000E+04
    0.118796832859516143798828125000000000000000E+00    0.105614636230468750000000000000000000000000E+04
    0.121196687221527099609375000000000000000000E+00    0.101780065917968750000000000000000000000000E+04
    0.123645029962062835693359375000000000000000E+00    0.971199401855468750000000000000000000000000E+03
    0.126142814755439758300781250000000000000000E+00    0.918195922851562500000000000000000000000000E+03
    0.128691077232360839843750000000000000000000E+00    0.860918945312500000000000000000000000000000E+03
    0.131290808320045471191406250000000000000000E+00    0.801874694824218750000000000000000000000000E+03
    0.133943051099777221679687500000000000000000E+00    0.743438781738281250000000000000000000000000E+03
    0.136648878455162048339843750000000000000000E+00    0.688272338867187500000000000000000000000000E+03
    0.139409363269805908203125000000000000000000E+00    0.638548767089843750000000000000000000000000E+03
    0.142225623130798339843750000000000000000000E+00    0.596005737304687500000000000000000000000000E+03
    0.145098760724067687988281250000000000000000E+00    0.561828369140625000000000000000000000000000E+03
    0.148029953241348266601562500000000000000000E+00    0.536163757324218750000000000000000000000000E+03
    0.151020348072052001953125000000000000000000E+00    0.518725708007812500000000000000000000000000E+03
    0.154071167111396789550781250000000000000000E+00    0.508271545410156250000000000000000000000000E+03
    0.157183602452278137207031250000000000000000E+00    0.503227416992187500000000000000000000000000E+03
    0.160358920693397521972656250000000000000000E+00    0.501324981689453125000000000000000000000000E+03
    0.163598373532295227050781250000000000000000E+00    0.500148223876953125000000000000000000000000E+03
    0.166903272271156311035156250000000000000000E+00    0.497269897460937500000000000000000000000000E+03
    0.170275032520294189453125000000000000000000E+00    0.490679565429687500000000000000000000000000E+03
    0.173714801669120788574218750000000000000000E+00    0.479033325195312500000000000000000000000000E+03
    0.177224084734916687011718750000000000000000E+00    0.461861968994140625000000000000000000000000E+03
    0.180804237723350524902343750000000000000000E+00    0.439540893554687500000000000000000000000000E+03
    0.184456720948219299316406250000000000000000E+00    0.413406524658203125000000000000000000000000E+03
    0.188182994723320007324218750000000000000000E+00    0.385473968505859375000000000000000000000000E+03
    0.191984534263610839843750000000000000000000E+00    0.358058349609375000000000000000000000000000E+03
    0.195862874388694763183593750000000000000000E+00    0.333301574707031250000000000000000000000000E+03
    0.199819564819335937500000000000000000000000E+00    0.312611511230468750000000000000000000000000E+03
    0.203856185078620910644531250000000000000000E+00    0.296618164062500000000000000000000000000000E+03
    0.207974359393119812011718750000000000000000E+00    0.285225830078125000000000000000000000000000E+03
    0.212175697088241577148437500000000000000000E+00    0.277819458007812500000000000000000000000000E+03
    0.216461926698684692382812500000000000000000E+00    0.273205383300781250000000000000000000000000E+03
    0.220834761857986450195312500000000000000000E+00    0.269547119140625000000000000000000000000000E+03
    0.225295916199684143066406250000000000000000E+00    0.264933197021484375000000000000000000000000E+03
    0.229847192764282226562500000000000000000000E+00    0.258091705322265625000000000000000000000000E+03
    0.234490394592285156250000000000000000000000E+00    0.248550216674804687500000000000000000000000E+03
    0.239227414131164550781250000000000000000000E+00    0.236520889282226562500000000000000000000000E+03
    0.244060128927230834960937500000000000000000E+00    0.222875381469726562500000000000000000000000E+03
    0.248990446329116821289062500000000000000000E+00    0.209014465332031250000000000000000000000000E+03
    0.254020392894744873046875000000000000000000E+00    0.196279022216796875000000000000000000000000E+03
    0.259151935577392578125000000000000000000000E+00    0.185607818603515625000000000000000000000000E+03
    0.264387160539627075195312500000000000000000E+00    0.177376724243164062500000000000000000000000E+03
    0.269728124141693115234375000000000000000000E+00    0.171303985595703125000000000000000000000000E+03
    0.275177001953125000000000000000000000000000E+00    0.166596298217773437500000000000000000000000E+03
    0.280736058950424194335937500000000000000000E+00    0.162275924682617187500000000000000000000000E+03
    0.286407291889190673828125000000000000000000E+00    0.157383468627929687500000000000000000000000E+03
    0.292193114757537841796875000000000000000000E+00    0.151322143554687500000000000000000000000000E+03
    0.298095792531967163085937500000000000000000E+00    0.144177246093750000000000000000000000000000E+03
    0.304117560386657714843750000000000000000000E+00    0.136526382446289062500000000000000000000000E+03
    0.310261309146881103515625000000000000000000E+00    0.129074844360351562500000000000000000000000E+03
    0.316528826951980590820312500000000000000000E+00    0.122439285278320312500000000000000000000000E+03
    0.322923272848129272460937500000000000000000E+00    0.116955429077148437500000000000000000000000E+03
    0.329446613788604736328125000000000000000000E+00    0.112485961914062500000000000000000000000000E+03
    0.336102008819580078125000000000000000000000E+00    0.108580390930175781250000000000000000000000E+03
    0.342891573905944824218750000000000000000000E+00    0.104734634399414062500000000000000000000000E+03
    0.349818587303161621093750000000000000000000E+00    0.100546524047851562500000000000000000000000E+03
    0.356885224580764770507812500000000000000000E+00    0.959639663696289062500000000000000000000000E+02
    0.364094972610473632812500000000000000000000E+00    0.912370758056640625000000000000000000000000E+02
    0.371450334787368774414062500000000000000000E+00    0.867337265014648437500000000000000000000000E+02
    0.378953933715820312500000000000000000000000E+00    0.826952819824218750000000000000000000000000E+02
    0.386609494686126708984375000000000000000000E+00    0.791775588989257812500000000000000000000000E+02
    0.394419312477111816406250000000000000000000E+00    0.760142364501953125000000000000000000000000E+02
    0.402387291193008422851562500000000000000000E+00    0.729516220092773437500000000000000000000000E+02
    0.410515844821929931640625000000000000000000E+00    0.698231735229492187500000000000000000000000E+02
    0.418809026479721069335937500000000000000000E+00    0.666189270019531250000000000000000000000000E+02
    0.427269339561462402343750000000000000000000E+00    0.634747352600097656250000000000000000000000E+02
    0.435900926589965820312500000000000000000000E+00    0.605378761291503906250000000000000000000000E+02
    0.444706469774246215820312500000000000000000E+00    0.578556938171386718750000000000000000000000E+02
    0.453690379858016967773437500000000000000000E+00    0.553775177001953125000000000000000000000000E+02
    0.462855309247970581054687500000000000000000E+00    0.529950981140136718750000000000000000000000E+02
    0.472205787897109985351562500000000000000000E+00    0.506367378234863281250000000000000000000000E+02
    0.481744766235351562500000000000000000000000E+00    0.483154563903808593750000000000000000000000E+02
    0.491476893424987792968750000000000000000000E+00    0.460903320312500000000000000000000000000000E+02
    0.501405119895935058593750000000000000000000E+00    0.440034713745117187500000000000000000000000E+02
    0.511534392833709716796875000000000000000000E+00    0.420471878051757812500000000000000000000000E+02
    0.521867811679840087890625000000000000000000E+00    0.401791534423828125000000000000000000000000E+02
    0.532410502433776855468750000000000000000000E+00    0.383659667968750000000000000000000000000000E+02
    0.543165624141693115234375000000000000000000E+00    0.366106033325195312500000000000000000000000E+02
    0.554138541221618652343750000000000000000000E+00    0.349342498779296875000000000000000000000000E+02
    0.565332591533660888671875000000000000000000E+00    0.333435974121093750000000000000000000000000E+02
    0.576753377914428710937500000000000000000000E+00    0.318281726837158203125000000000000000000000E+02
    0.588404297828674316406250000000000000000000E+00    0.303814773559570312500000000000000000000000E+02
    0.600291073322296142578125000000000000000000E+00    0.289977893829345703125000000000000000000000E+02
    0.612418055534362792968750000000000000000000E+00    0.276725177764892578125000000000000000000000E+02
    0.624789416790008544921875000000000000000000E+00    0.264037590026855468750000000000000000000000E+02
    0.637411296367645263671875000000000000000000E+00    0.251902160644531250000000000000000000000000E+02
    0.650287508964538574218750000000000000000000E+00    0.240305004119873046875000000000000000000000E+02
    0.663424491882324218750000000000000000000000E+00    0.229228210449218750000000000000000000000000E+02
    0.676826238632202148437500000000000000000000E+00    0.218648719787597656250000000000000000000000E+02
    0.690499365329742431640625000000000000000000E+00    0.208544044494628906250000000000000000000000E+02
    0.704448044300079345703125000000000000000000E+00    0.198892822265625000000000000000000000000000E+02
    0.718679130077362060546875000000000000000000E+00    0.189674911499023437500000000000000000000000E+02
    0.733197033405303955078125000000000000000000E+00    0.180871334075927734375000000000000000000000E+02
    0.748008966445922851562500000000000000000000E+00    0.172463855743408203125000000000000000000000E+02
    0.763119339942932128906250000000000000000000E+00    0.164435234069824218750000000000000000000000E+02
    0.778535783290863037109375000000000000000000E+00    0.156769313812255859375000000000000000000000E+02
    0.794262826442718505859375000000000000000000E+00    0.149450721740722656250000000000000000000000E+02
    0.810308396816253662109375000000000000000000E+00    0.142464628219604492187500000000000000000000E+02
    0.826677322387695312500000000000000000000000E+00    0.135796327590942382812500000000000000000000E+02
    0.843377590179443359375000000000000000000000E+00    0.129431161880493164062500000000000000000000E+02
    0.860414624214172363281250000000000000000000E+00    0.123355150222778320312500000000000000000000E+02
    0.877796530723571777343750000000000000000000E+00    0.117555189132690429687500000000000000000000E+02
    0.895528674125671386718750000000000000000000E+00    0.112020616531372070312500000000000000000000E+02
    0.913619995117187500000000000000000000000000E+00    0.106742010116577148437500000000000000000000E+02
