    0.999999974737875163555145263671875000000000E-04    0.444116027832031250000000000000000000000000E+03
    0.102020130725577473640441894531250000000000E-03    0.452770690917968750000000000000000000000000E+03
    0.104081082099582999944686889648437500000000E-03    0.461593811035156250000000000000000000000000E+03
    0.106183659227099269628524780273437500000000E-03    0.470588653564453125000000000000000000000000E+03
    0.108328706119209527969360351562500000000000E-03    0.479758575439453125000000000000000000000000E+03
    0.110517095890827476978302001953125000000000E-03    0.489106964111328125000000000000000000000000E+03
    0.112749679828993976116180419921875000000000E-03    0.498637237548828125000000000000000000000000E+03
    0.115027374704368412494659423828125000000000E-03    0.508352996826171875000000000000000000000000E+03
    0.117351090011652559041976928710937500000000E-03    0.518257812500000000000000000000000000000000E+03
    0.119721727969590574502944946289062500000000E-03    0.528355285644531250000000000000000000000000E+03
    0.122140278108417987823486328125000000000000E-03    0.538649169921875000000000000000000000000000E+03
    0.124607671750709414482116699218750000000000E-03    0.549143371582031250000000000000000000000000E+03
    0.127124920254573225975036621093750000000000E-03    0.559841613769531250000000000000000000000000E+03
    0.129692998598329722881317138671875000000000E-03    0.570747924804687500000000000000000000000000E+03
    0.132312969071790575981140136718750000000000E-03    0.581866333007812500000000000000000000000000E+03
    0.134985879412852227687835693359375000000000E-03    0.593200927734375000000000000000000000000000E+03
    0.137712777359411120414733886718750000000000E-03    0.604755859375000000000000000000000000000000E+03
    0.140494754305109381675720214843750000000000E-03    0.616535461425781250000000000000000000000000E+03
    0.143332930747419595718383789062500000000000E-03    0.628544006347656250000000000000000000000000E+03
    0.146228456287644803524017333984375000000000E-03    0.640785949707031250000000000000000000000000E+03
    0.149182465975172817707061767578125000000000E-03    0.653265747070312500000000000000000000000000E+03
    0.152196153067052364349365234375000000000000E-03    0.665988098144531250000000000000000000000000E+03
    0.155270710820332169532775878906250000000000E-03    0.678957519531250000000000000000000000000000E+03
    0.158407390699721872806549072265625000000000E-03    0.692178894042968750000000000000000000000000E+03
    0.161607444169931113719940185546875000000000E-03    0.705657043457031250000000000000000000000000E+03
    0.164872122695669531822204589843750000000000E-03    0.719396911621093750000000000000000000000000E+03
    0.168202750501222908496856689453125000000000E-03    0.733403564453125000000000000000000000000000E+03
    0.171600666362792253494262695312500000000000E-03    0.747682067871093750000000000000000000000000E+03
    0.175067238160409033298492431640625000000000E-03    0.762237731933593750000000000000000000000000E+03
    0.178603833774104714393615722656250000000000E-03    0.777075866699218750000000000000000000000000E+03
    0.182211864739656448364257812500000000000000E-03    0.792201843261718750000000000000000000000000E+03
    0.185892800800502300262451171875000000000000E-03    0.807621215820312500000000000000000000000000E+03
    0.189648068044334650039672851562500000000000E-03    0.823339660644531250000000000000000000000000E+03
    0.193479223526082932949066162109375000000000E-03    0.839362854003906250000000000000000000000000E+03
    0.197387780644930899143218994140625000000000E-03    0.855696594238281250000000000000000000000000E+03
    0.201375267351977527141571044921875000000000E-03    0.872346923828125000000000000000000000000000E+03
    0.205443298909813165664672851562500000000000E-03    0.889319824218750000000000000000000000000000E+03
    0.209593548788689076900482177734375000000000E-03    0.906621582031250000000000000000000000000000E+03
    0.213827603147365152835845947265625000000000E-03    0.924258300781250000000000000000000000000000E+03
    0.218147222767584025859832763671875000000000E-03    0.942236572265625000000000000000000000000000E+03
    0.222554081119596958160400390625000000000000E-03    0.960562744140625000000000000000000000000000E+03
    0.227049968088977038860321044921875000000000E-03    0.979243591308593750000000000000000000000000E+03
    0.231636688113212585449218750000000000000000E-03    0.998285766601562500000000000000000000000000E+03
    0.236316060181707143783569335937500000000000E-03    0.101769616699218750000000000000000000000000E+04
    0.241089961491525173187255859375000000000000E-03    0.103748181152343750000000000000000000000000E+04
    0.245960312895476818084716796875000000000000E-03    0.105764978027343750000000000000000000000000E+04
    0.250929006142541766166687011718750000000000E-03    0.107820739746093750000000000000000000000000E+04
    0.255998136708512902259826660156250000000000E-03    0.109916198730468750000000000000000000000000E+04
    0.261169654550030827522277832031250000000000E-03    0.112052111816406250000000000000000000000000E+04
    0.266445596935227513313293457031250000000000E-03    0.114229248046875000000000000000000000000000E+04
    0.271828175755217671394348144531250000000000E-03    0.116448376464843750000000000000000000000000E+04
    0.277319486485794186592102050781250000000000E-03    0.118710290527343750000000000000000000000000E+04
    0.282921682810410857200622558593750000000000E-03    0.121015795898437500000000000000000000000000E+04
    0.288637093035504221916198730468750000000000E-03    0.123365710449218750000000000000000000000000E+04
    0.294467929052188992500305175781250000000000E-03    0.125760876464843750000000000000000000000000E+04
    0.300416606478393077850341796875000000000000E-03    0.128202136230468750000000000000000000000000E+04
    0.306485395412892103195190429687500000000000E-03    0.130690356445312500000000000000000000000000E+04
    0.312676827888935804367065429687500000000000E-03    0.133226416015625000000000000000000000000000E+04
    0.318993290420621633529663085937500000000000E-03    0.135811218261718750000000000000000000000000E+04
    0.325437402352690696716308593750000000000000E-03    0.138445654296875000000000000000000000000000E+04
    0.332011666614562273025512695312500000000000E-03    0.141130664062500000000000000000000000000000E+04
    0.338718760758638381958007812500000000000000E-03    0.143867187500000000000000000000000000000000E+04
    0.345561362337321043014526367187500000000000E-03    0.146656164550781250000000000000000000000000E+04
    0.352542119799181818962097167968750000000000E-03    0.149498583984375000000000000000000000000000E+04
    0.359663943527266383171081542968750000000000E-03    0.152395422363281250000000000000000000000000E+04
    0.366929627489298582077026367187500000000000E-03    0.155347680664062500000000000000000000000000E+04
    0.374342111172154545783996582031250000000000E-03    0.158356384277343750000000000000000000000000E+04
    0.381904304958879947662353515625000000000000E-03    0.161422583007812500000000000000000000000000E+04
    0.389619322959333658218383789062500000000000E-03    0.164547314453125000000000000000000000000000E+04
    0.397490162868052721023559570312500000000000E-03    0.167731652832031250000000000000000000000000E+04
    0.405519997002556920051574707031250000000000E-03    0.170976696777343750000000000000000000000000E+04
    0.413712026784196496009826660156250000000000E-03    0.174283532714843750000000000000000000000000E+04
    0.422069540945813059806823730468750000000000E-03    0.177653308105468750000000000000000000000000E+04
    0.430595915531739592552185058593750000000000E-03    0.181087145996093750000000000000000000000000E+04
    0.439294555690139532089233398437500000000000E-03    0.184586218261718750000000000000000000000000E+04
    0.448168895673006772994995117187500000000000E-03    0.188151696777343750000000000000000000000000E+04
    0.457222486147657036781311035156250000000000E-03    0.191784765625000000000000000000000000000000E+04
    0.466458965092897415161132812500000000000000E-03    0.195486657714843750000000000000000000000000E+04
    0.475882086902856826782226562500000000000000E-03    0.199258581542968750000000000000000000000000E+04
    0.485495518660172820091247558593750000000000E-03    0.203101818847656250000000000000000000000000E+04
    0.495303189381957054138183593750000000000000E-03    0.207017602539062500000000000000000000000000E+04
    0.505309028085321187973022460937500000000000E-03    0.211007226562500000000000000000000000000000E+04
    0.515516963787376880645751953125000000000000E-03    0.215072021484375000000000000000000000000000E+04
    0.525931071024388074874877929687500000000000E-03    0.219213256835937500000000000000000000000000E+04
    0.536555540747940540313720703125000000000000E-03    0.223432324218750000000000000000000000000000E+04
    0.547394680324941873550415039062500000000000E-03    0.227730566406250000000000000000000000000000E+04
    0.558452797122299671173095703125000000000000E-03    0.232109350585937500000000000000000000000000E+04
    0.569734314922243356704711914062500000000000E-03    0.236570092773437500000000000000000000000000E+04
    0.581243715714663267135620117187500000000000E-03    0.241114208984375000000000000000000000000000E+04
    0.592985597904771566390991210937500000000000E-03    0.245743115234375000000000000000000000000000E+04
    0.604964734520763158798217773437500000000000E-03    0.250458325195312500000000000000000000000000E+04
    0.617185782175511121749877929687500000000000E-03    0.255261230468750000000000000000000000000000E+04
    0.629653746727854013442993164062500000000000E-03    0.260153393554687500000000000000000000000000E+04
    0.642373692244291305541992187500000000000000E-03    0.265136279296875000000000000000000000000000E+04
    0.655350449960678815841674804687500000000000E-03    0.270211450195312500000000000000000000000000E+04
    0.668589433189481496810913085937500000000000E-03    0.275380444335937500000000000000000000000000E+04
    0.682095822412520647048950195312500000000000E-03    0.280644799804687500000000000000000000000000E+04
    0.695875030942261219024658203125000000000000E-03    0.286006127929687500000000000000000000000000E+04
    0.709932646714150905609130859375000000000000E-03    0.291466040039062500000000000000000000000000E+04
    0.724274199455976486206054687500000000000000E-03    0.297026123046875000000000000000000000000000E+04
    0.738905626349151134490966796875000000000000E-03    0.302688012695312500000000000000000000000000E+04
    0.753832457121461629867553710937500000000000E-03    0.308453417968750000000000000000000000000000E+04
    0.769060861784964799880981445312500000000000E-03    0.314323950195312500000000000000000000000000E+04
    0.784596893936395645141601562500000000000000E-03    0.320301318359375000000000000000000000000000E+04
    0.800446781795471906661987304687500000000000E-03    0.326387255859375000000000000000000000000000E+04
    0.816616869997233152389526367187500000000000E-03    0.332583447265625000000000000000000000000000E+04
    0.833113677799701690673828125000000000000000E-03    0.338891625976562500000000000000000000000000E+04
    0.849943608045578002929687500000000000000000E-03    0.345313549804687500000000000000000000000000E+04
    0.867113587446510791778564453125000000000000E-03    0.351851000976562500000000000000000000000000E+04
    0.884630659129470586776733398437500000000000E-03    0.358505737304687500000000000000000000000000E+04
    0.902501342352479696273803710937500000000000E-03    0.365279541015625000000000000000000000000000E+04
    0.920733029488474130630493164062500000000000E-03    0.372174194335937500000000000000000000000000E+04
    0.939333112910389900207519531250000000000000E-03    0.379191528320312500000000000000000000000000E+04
    0.958308868575841188430786132812500000000000E-03    0.386333349609375000000000000000000000000000E+04
    0.977667979896068572998046875000000000000000E-03    0.393601513671875000000000000000000000000000E+04
    0.997418188489973545074462890625000000000000E-03    0.400997827148437500000000000000000000000000E+04
    0.101756735239177942276000976562500000000000E-02    0.408524121093750000000000000000000000000000E+04
    0.103812362067401409149169921875000000000000E-02    0.416182275390625000000000000000000000000000E+04
    0.105909502599388360977172851562500000000000E-02    0.423974169921875000000000000000000000000000E+04
    0.108049006666988134384155273437500000000000E-02    0.431901562500000000000000000000000000000000E+04
    0.110231747385114431381225585937500000000000E-02    0.439966406250000000000000000000000000000000E+04
    0.112458574585616588592529296875000000000000E-02    0.448170507812500000000000000000000000000000E+04
    0.114730407949537038803100585937500000000000E-02    0.456515771484375000000000000000000000000000E+04
    0.117048120591789484024047851562500000000000E-02    0.465003955078125000000000000000000000000000E+04
    0.119412643834948539733886718750000000000000E-02    0.473637011718750000000000000000000000000000E+04
    0.121824943926185369491577148437500000000000E-02    0.482416748046875000000000000000000000000000E+04
    0.124285963829606771469116210937500000000000E-02    0.491344921875000000000000000000000000000000E+04
    0.126796704716980457305908203125000000000000E-02    0.500423486328125000000000000000000000000000E+04
    0.129358167760074138641357421875000000000000E-02    0.509654199218750000000000000000000000000000E+04
    0.131971365772187709808349609375000000000000E-02    0.519038818359375000000000000000000000000000E+04
    0.134637358132749795913696289062500000000000E-02    0.528579199218750000000000000000000000000000E+04
    0.137357215862721204757690429687500000000000E-02    0.538277050781250000000000000000000000000000E+04
    0.140132009983062744140625000000000000000000E-02    0.548134130859375000000000000000000000000000E+04
    0.142962858080863952636718750000000000000000E-02    0.558152197265625000000000000000000000000000E+04
    0.145850901026278734207153320312500000000000E-02    0.568332958984375000000000000000000000000000E+04
    0.148797314614057540893554687500000000000000E-02    0.578677978515625000000000000000000000000000E+04
    0.151803228072822093963623046875000000000000E-02    0.589188964843750000000000000000000000000000E+04
    0.154869852121919393539428710937500000000000E-02    0.599867529296875000000000000000000000000000E+04
    0.157998420763760805130004882812500000000000E-02    0.610715185546875000000000000000000000000000E+04
    0.161190202925354242324829101562500000000000E-02    0.621733496093750000000000000000000000000000E+04
    0.164446467533707618713378906250000000000000E-02    0.632923925781250000000000000000000000000000E+04
    0.167768495157361030578613281250000000000000E-02    0.644287841796875000000000000000000000000000E+04
    0.171157636214047670364379882812500000000000E-02    0.655826660156250000000000000000000000000000E+04
    0.174615241121500730514526367187500000000000E-02    0.667541748046875000000000000000000000000000E+04
    0.178142718505114316940307617187500000000000E-02    0.679434326171875000000000000000000000000000E+04
    0.181741418782621622085571289062500000000000E-02    0.691505566406250000000000000000000000000000E+04
    0.185412843711674213409423828125000000000000E-02    0.703756542968750000000000000000000000000000E+04
    0.189158413559198379516601562500000000000000E-02    0.716188378906250000000000000000000000000000E+04
    0.192979711573570966720581054687500000000000E-02    0.728802050781250000000000000000000000000000E+04
    0.196878169663250446319580078125000000000000E-02    0.741598437500000000000000000000000000000000E+04
    0.200855359435081481933593750000000000000000E-02    0.754578320312500000000000000000000000000000E+04
    0.204912899062037467956542968750000000000000E-02    0.767742333984375000000000000000000000000000E+04
    0.209052418358623981475830078125000000000000E-02    0.781091162109375000000000000000000000000000E+04
    0.213275570422410964965820312500000000000000E-02    0.794625292968750000000000000000000000000000E+04
    0.217583985067903995513916015625000000000000E-02    0.808345117187500000000000000000000000000000E+04
    0.221979478374123573303222656250000000000000E-02    0.822250878906250000000000000000000000000000E+04
    0.226463773287832736968994140625000000000000E-02    0.836342675781250000000000000000000000000000E+04
    0.231038639321923255920410156250000000000000E-02    0.850620605468750000000000000000000000000000E+04
    0.235705915838479995727539062500000000000000E-02    0.865084570312500000000000000000000000000000E+04
    0.240467488765716552734375000000000000000000E-02    0.879734277343750000000000000000000000000000E+04
    0.245325244031846523284912109375000000000000E-02    0.894569335937500000000000000000000000000000E+04
    0.250281183980405330657958984375000000000000E-02    0.909589160156250000000000000000000000000000E+04
    0.255337217822670936584472656250000000000000E-02    0.924792968750000000000000000000000000000000E+04
    0.260495371185243129730224609375000000000000E-02    0.940179882812500000000000000000000000000000E+04
    0.265757716260850429534912109375000000000000E-02    0.955748828125000000000000000000000000000000E+04
    0.271126371808350086212158203125000000000000E-02    0.971498339843750000000000000000000000000000E+04
    0.276603479869663715362548828125000000000000E-02    0.987427050781250000000000000000000000000000E+04
    0.282191229052841663360595703125000000000000E-02    0.100353310546875000000000000000000000000000E+05
    0.287891877815127372741699218750000000000000E-02    0.101981474609375000000000000000000000000000E+05
    0.293707661330699920654296875000000000000000E-02    0.103626972656250000000000000000000000000000E+05
    0.299640954472124576568603515625000000000000E-02    0.105289541015625000000000000000000000000000E+05
    0.305694085545837879180908203125000000000000E-02    0.106968916015625000000000000000000000000000E+05
    0.311869522556662559509277343750000000000000E-02    0.108664794921875000000000000000000000000000E+05
    0.318169780075550079345703125000000000000000E-02    0.110376875000000000000000000000000000000000E+05
    0.324597232975065708160400390625000000000000E-02    0.112104775390625000000000000000000000000000E+05
    0.331154512241482734680175781250000000000000E-02    0.113848105468750000000000000000000000000000E+05
    0.337844272144138813018798828125000000000000E-02    0.115606435546875000000000000000000000000000E+05
    0.344669190235435962677001953125000000000000E-02    0.117379316406250000000000000000000000000000E+05
    0.351631967350840568542480468750000000000000E-02    0.119166250000000000000000000000000000000000E+05
    0.358735374175012111663818359375000000000000E-02    0.120966708984375000000000000000000000000000E+05
    0.365982321090996265411376953125000000000000E-02    0.122780078125000000000000000000000000000000E+05
    0.373375625349581241607666015625000000000000E-02    0.124605732421875000000000000000000000000000E+05
    0.380918313749134540557861328125000000000000E-02    0.126443017578125000000000000000000000000000E+05
    0.388613343238830566406250000000000000000000E-02    0.128291220703125000000000000000000000000000E+05
    0.396463880315423011779785156250000000000000E-02    0.130149570312500000000000000000000000000000E+05
    0.404472928494215011596679687500000000000000E-02    0.132017255859375000000000000000000000000000E+05
    0.412643933668732643127441406250000000000000E-02    0.133893398437500000000000000000000000000000E+05
    0.420979922637343406677246093750000000000000E-02    0.135777089843750000000000000000000000000000E+05
    0.429484248161315917968750000000000000000000E-02    0.137667392578125000000000000000000000000000E+05
    0.438160402700304985046386718750000000000000E-02    0.139563212890625000000000000000000000000000E+05
    0.447011832147836685180664062500000000000000E-02    0.141463349609375000000000000000000000000000E+05
    0.456042028963565826416015625000000000000000E-02    0.143366572265625000000000000000000000000000E+05
    0.465254718437790870666503906250000000000000E-02    0.145271601562500000000000000000000000000000E+05
    0.474653439596295356750488281250000000000000E-02    0.147177109375000000000000000000000000000000E+05
    0.484242103993892669677734375000000000000000E-02    0.149081767578125000000000000000000000000000E+05
    0.494024436920881271362304687500000000000000E-02    0.150984228515625000000000000000000000000000E+05
    0.504004349932074546813964843750000000000000E-02    0.152883115234375000000000000000000000000000E+05
    0.514185894280672073364257812500000000000000E-02    0.154777001953125000000000000000000000000000E+05
    0.524573167786002159118652343750000000000000E-02    0.156664375000000000000000000000000000000000E+05
    0.535170361399650573730468750000000000000000E-02    0.158543281250000000000000000000000000000000E+05
    0.545981479808688163757324218750000000000000E-02    0.160411513671875000000000000000000000000000E+05
    0.557011039927601814270019531250000000000000E-02    0.162266767578125000000000000000000000000000E+05
    0.568263372406363487243652343750000000000000E-02    0.164106679687500000000000000000000000000000E+05
    0.579743087291717529296875000000000000000000E-02    0.165928847656250000000000000000000000000000E+05
    0.591454654932022094726562500000000000000000E-02    0.167730976562500000000000000000000000000000E+05
    0.603402825072407722473144531250000000000000E-02    0.169510820312500000000000000000000000000000E+05
    0.615592347458004951477050781250000000000000E-02    0.171266093750000000000000000000000000000000E+05
    0.628028111532330513000488281250000000000000E-02    0.172994472656250000000000000000000000000000E+05
    0.640715099871158599853515625000000000000000E-02    0.174693554687500000000000000000000000000000E+05
    0.653658434748649597167968750000000000000000E-02    0.176360683593750000000000000000000000000000E+05
    0.666863145306706428527832031250000000000000E-02    0.177993027343750000000000000000000000000000E+05
    0.680334679782390594482421875000000000000000E-02    0.179587695312500000000000000000000000000000E+05
    0.694078346714377403259277343750000000000000E-02    0.181141816406250000000000000000000000000000E+05
    0.708099640905857086181640625000000000000000E-02    0.182652402343750000000000000000000000000000E+05
    0.722404150292277336120605468750000000000000E-02    0.184116542968750000000000000000000000000000E+05
    0.736997742205858230590820312500000000000000E-02    0.185531210937500000000000000000000000000000E+05
    0.751886051148176193237304687500000000000000E-02    0.186893457031250000000000000000000000000000E+05
    0.767075084149837493896484375000000000000000E-02    0.188200253906250000000000000000000000000000E+05
    0.782571360468864440917968750000000000000000E-02    0.189448671875000000000000000000000000000000E+05
    0.798380374908447265625000000000000000000000E-02    0.190635839843750000000000000000000000000000E+05
    0.814508739858865737915039062500000000000000E-02    0.191759082031250000000000000000000000000000E+05
    0.830962881445884704589843750000000000000000E-02    0.192815742187500000000000000000000000000000E+05
    0.847749505192041397094726562500000000000000E-02    0.193803144531250000000000000000000000000000E+05
    0.864875130355358123779296875000000000000000E-02    0.194718750000000000000000000000000000000000E+05
    0.882346741855144500732421875000000000000000E-02    0.195560507812500000000000000000000000000000E+05
    0.900171231478452682495117187500000000000000E-02    0.196326679687500000000000000000000000000000E+05
    0.918355956673622131347656250000000000000000E-02    0.197015585937500000000000000000000000000000E+05
    0.936907902359962463378906250000000000000000E-02    0.197625664062500000000000000000000000000000E+05
    0.955834705382585525512695312500000000000000E-02    0.198155449218750000000000000000000000000000E+05
    0.975143909454345703125000000000000000000000E-02    0.198604257812500000000000000000000000000000E+05
    0.994843058288097381591796875000000000000000E-02    0.198971875000000000000000000000000000000000E+05
    0.101494016125798225402832031250000000000000E-01    0.199258144531250000000000000000000000000000E+05
    0.103544332087039947509765625000000000000000E-01    0.199463066406250000000000000000000000000000E+05
    0.105636063963174819946289062500000000000000E-01    0.199586777343750000000000000000000000000000E+05
    0.107770059257745742797851562500000000000000E-01    0.199630273437500000000000000000000000000000E+05
    0.109947146847844123840332031250000000000000E-01    0.199595058593750000000000000000000000000000E+05
    0.112168220803141593933105468750000000000000E-01    0.199482792968750000000000000000000000000000E+05
    0.114434175193309783935546875000000000000000E-01    0.199295136718750000000000000000000000000000E+05
    0.116745894774794578552246093750000000000000E-01    0.199033886718750000000000000000000000000000E+05
    0.119104310870170593261718750000000000000000E-01    0.198700859375000000000000000000000000000000E+05
    0.121510382741689682006835937500000000000000E-01    0.198297871093750000000000000000000000000000E+05
    0.123965051025152206420898437500000000000000E-01    0.197826796875000000000000000000000000000000E+05
    0.126469302922487258911132812500000000000000E-01    0.197289628906250000000000000000000000000000E+05
    0.129024153575301170349121093750000000000000E-01    0.196688339843750000000000000000000000000000E+05
    0.131630674004554748535156250000000000000000E-01    0.196024628906250000000000000000000000000000E+05
    0.134289795532822608947753906250000000000000E-01    0.195300175781250000000000000000000000000000E+05
    0.137002617120742797851562500000000000000000E-01    0.194516640625000000000000000000000000000000E+05
    0.139770256355404853820800781250000000000000E-01    0.193675703125000000000000000000000000000000E+05
    0.142593793570995330810546875000000000000000E-01    0.192778789062500000000000000000000000000000E+05
    0.145474374294281005859375000000000000000000E-01    0.191823730468750000000000000000000000000000E+05
    0.148413162678480148315429687500000000000000E-01    0.190806347656250000000000000000000000000000E+05
    0.151411294937133789062500000000000000000000E-01    0.189722597656250000000000000000000000000000E+05
    0.154470009729266166687011718750000000000000E-01    0.188568652343750000000000000000000000000000E+05
    0.157590489834547042846679687500000000000000E-01    0.187341679687500000000000000000000000000000E+05
    0.160774048417806625366210937500000000000000E-01    0.186047773437500000000000000000000000000000E+05
    0.164021886885166168212890625000000000000000E-01    0.184698203125000000000000000000000000000000E+05
    0.167335346341133117675781250000000000000000E-01    0.183304042968750000000000000000000000000000E+05
    0.170715730637311935424804687500000000000000E-01    0.181876113281250000000000000000000000000000E+05
    0.174164418131113052368164062500000000000000E-01    0.180423613281250000000000000000000000000000E+05
    0.177682787179946899414062500000000000000000E-01    0.178941191406250000000000000000000000000000E+05
    0.181272197514772415161132812500000000000000E-01    0.177415078125000000000000000000000000000000E+05
    0.184934139251708984375000000000000000000000E-01    0.175832011718750000000000000000000000000000E+05
    0.188670046627521514892578125000000000000000E-01    0.174179179687500000000000000000000000000000E+05
    0.192481447011232376098632812500000000000000E-01    0.172445332031250000000000000000000000000000E+05
    0.196369830518960952758789062500000000000000E-01    0.170628671875000000000000000000000000000000E+05
    0.200336743146181106567382812500000000000000E-01    0.168733007812500000000000000000000000000000E+05
    0.204383805394172668457031250000000000000000E-01    0.166762324218750000000000000000000000000000E+05
    0.208512637764215469360351562500000000000000E-01    0.164720683593750000000000000000000000000000E+05
    0.212724860757589340209960937500000000000000E-01    0.162612363281250000000000000000000000000000E+05
    0.217022281140089035034179687500000000000000E-01    0.160444414062500000000000000000000000000000E+05
    0.221406426280736923217773437500000000000000E-01    0.158225312500000000000000000000000000000000E+05
    0.225879121571779251098632812500000000000000E-01    0.155963320312500000000000000000000000000000E+05
    0.230442192405462265014648437500000000000000E-01    0.153666406250000000000000000000000000000000E+05
    0.235097426921129226684570312500000000000000E-01    0.151341923828125000000000000000000000000000E+05
    0.239846706390380859375000000000000000000000E-01    0.148993564453125000000000000000000000000000E+05
    0.244691912084817886352539062500000000000000E-01    0.146622832031250000000000000000000000000000E+05
    0.249635018408298492431640625000000000000000E-01    0.144231269531250000000000000000000000000000E+05
    0.254677981138229370117187500000000000000000E-01    0.141820410156250000000000000000000000000000E+05
    0.259822811931371688842773437500000000000000E-01    0.139391708984375000000000000000000000000000E+05
    0.265071578323841094970703125000000000000000E-01    0.136945009765625000000000000000000000000000E+05
    0.270426385104656219482421875000000000000000E-01    0.134479267578125000000000000000000000000000E+05
    0.275889337062835693359375000000000000000000E-01    0.131993691406250000000000000000000000000000E+05
    0.281462669372558593750000000000000000000000E-01    0.129487695312500000000000000000000000000000E+05
    0.287148579955101013183593750000000000000000E-01    0.126961269531250000000000000000000000000000E+05
    0.292949359863996505737304687500000000000000E-01    0.124418251953125000000000000000000000000000E+05
    0.298867337405681610107421875000000000000000E-01    0.121864628906250000000000000000000000000000E+05
    0.304904840886592864990234375000000000000000E-01    0.119306123046875000000000000000000000000000E+05
    0.311064328998327255249023437500000000000000E-01    0.116748173828125000000000000000000000000000E+05
    0.317348241806030273437500000000000000000000E-01    0.114196074218750000000000000000000000000000E+05
    0.323759093880653381347656250000000000000000E-01    0.111656933593750000000000000000000000000000E+05
    0.330299474298954010009765625000000000000000E-01    0.109138613281250000000000000000000000000000E+05
    0.336971953511238098144531250000000000000000E-01    0.106648408203125000000000000000000000000000E+05
    0.343779213726520538330078125000000000000000E-01    0.104192978515625000000000000000000000000000E+05
    0.350724011659622192382812500000000000000000E-01    0.101778339843750000000000000000000000000000E+05
    0.357809104025363922119140625000000000000000E-01    0.994094628906250000000000000000000000000000E+04
    0.365037508308887481689453125000000000000000E-01    0.970905078125000000000000000000000000000000E+04
    0.372411720454692840576171875000000000000000E-01    0.948251757812500000000000000000000000000000E+04
    0.379934944212436676025390625000000000000000E-01    0.926167773437500000000000000000000000000000E+04
    0.387610122561454772949218750000000000000000E-01    0.904681835937500000000000000000000000000000E+04
    0.395440347492694854736328125000000000000000E-01    0.883817773437500000000000000000000000000000E+04
    0.403428785502910614013671875000000000000000E-01    0.863595117187500000000000000000000000000000E+04
    0.411578565835952758789062500000000000000000E-01    0.844030468750000000000000000000000000000000E+04
    0.419893004000186920166015625000000000000000E-01    0.825137988281250000000000000000000000000000E+04
    0.428375415503978729248046875000000000000000E-01    0.806931640625000000000000000000000000000000E+04
    0.437029153108596801757812500000000000000000E-01    0.789451513671875000000000000000000000000000E+04
    0.445857718586921691894531250000000000000000E-01    0.772751269531250000000000000000000000000000E+04
    0.454864650964736938476562500000000000000000E-01    0.756879443359375000000000000000000000000000E+04
    0.464053489267826080322265625000000000000000E-01    0.741879833984375000000000000000000000000000E+04
    0.473427996039390563964843750000000000000000E-01    0.727777685546875000000000000000000000000000E+04
    0.482991859316825866699218750000000000000000E-01    0.714518164062500000000000000000000000000000E+04
    0.492748916149139404296875000000000000000000E-01    0.702024218750000000000000000000000000000000E+04
    0.502703115344047546386718750000000000000000E-01    0.690224121093750000000000000000000000000000E+04
    0.512858368456363677978515625000000000000000E-01    0.679050781250000000000000000000000000000000E+04
    0.523218810558319091796875000000000000000000E-01    0.668441455078125000000000000000000000000000E+04
    0.533788502216339111328125000000000000000000E-01    0.658337060546875000000000000000000000000000E+04
    0.544571764767169952392578125000000000000000E-01    0.648682031250000000000000000000000000000000E+04
    0.555572807788848876953125000000000000000000E-01    0.639422802734375000000000000000000000000000E+04
    0.566796138882637023925781250000000000000000E-01    0.630487402343750000000000000000000000000000E+04
    0.578246153891086578369140625000000000000000E-01    0.621789111328125000000000000000000000000000E+04
    0.589927472174167633056640625000000000000000E-01    0.613245166015625000000000000000000000000000E+04
    0.601844787597656250000000000000000000000000E-01    0.604773876953125000000000000000000000000000E+04
    0.614003166556358337402343750000000000000000E-01    0.596277294921875000000000000000000000000000E+04
    0.626406818628311157226562500000000000000000E-01    0.587654785156250000000000000000000000000000E+04
    0.639061108231544494628906250000000000000000E-01    0.578811328125000000000000000000000000000000E+04
    0.651970952749252319335937500000000000000000E-01    0.569631835937500000000000000000000000000000E+04
    0.665141642093658447265625000000000000000000E-01    0.559975146484375000000000000000000000000000E+04
    0.678578317165374755859375000000000000000000E-01    0.549710009765625000000000000000000000000000E+04
    0.692286565899848937988281250000000000000000E-01    0.538777392578125000000000000000000000000000E+04
    0.706271678209304809570312500000000000000000E-01    0.527271044921875000000000000000000000000000E+04
    0.720539242029190063476562500000000000000000E-01    0.515303320312500000000000000000000000000000E+04
    0.735095068812370300292968750000000000000000E-01    0.502905371093750000000000000000000000000000E+04
    0.749944970011711120605468750000000000000000E-01    0.489908544921875000000000000000000000000000E+04
    0.765094906091690063476562500000000000000000E-01    0.476136621093750000000000000000000000000000E+04
    0.780550837516784667968750000000000000000000E-01    0.461578466796875000000000000000000000000000E+04
    0.796318948268890380859375000000000000000000E-01    0.446476074218750000000000000000000000000000E+04
    0.812405645847320556640625000000000000000000E-01    0.431073974609375000000000000000000000000000E+04
    0.828817337751388549804687500000000000000000E-01    0.415536816406250000000000000000000000000000E+04
    0.845560505986213684082031250000000000000000E-01    0.399967749023437500000000000000000000000000E+04
    0.862641930580139160156250000000000000000000E-01    0.384473291015625000000000000000000000000000E+04
    0.880068466067314147949218750000000000000000E-01    0.369200415039062500000000000000000000000000E+04
    0.897847041487693786621093750000000000000000E-01    0.354290966796875000000000000000000000000000E+04
    0.915984734892845153808593750000000000000000E-01    0.339904321289062500000000000000000000000000E+04
    0.934488773345947265625000000000000000000000E-01    0.326204956054687500000000000000000000000000E+04
    0.953366756439208984375000000000000000000000E-01    0.313329687500000000000000000000000000000000E+04
    0.972625985741615295410156250000000000000000E-01    0.301394042968750000000000000000000000000000E+04
    0.992274358868598937988281250000000000000000E-01    0.290502050781250000000000000000000000000000E+04
    0.101232007145881652832031250000000000000000E+00    0.280741723632812500000000000000000000000000E+04
    0.103277020156383514404296875000000000000000E+00    0.272166625976562500000000000000000000000000E+04
    0.105363354086875915527343750000000000000000E+00    0.264709960937500000000000000000000000000000E+04
    0.107491828501224517822265625000000000000000E+00    0.258277343750000000000000000000000000000000E+04
    0.109663315117359161376953125000000000000000E+00    0.252768505859375000000000000000000000000000E+04
    0.111878655850887298583984375000000000000000E+00    0.247984277343750000000000000000000000000000E+04
    0.114138752222061157226562500000000000000000E+00    0.243703417968750000000000000000000000000000E+04
    0.116444505751132965087890625000000000000000E+00    0.239718847656250000000000000000000000000000E+04
    0.118796832859516143798828125000000000000000E+00    0.235826928710937500000000000000000000000000E+04
    0.121196687221527099609375000000000000000000E+00    0.231834790039062500000000000000000000000000E+04
    0.123645029962062835693359375000000000000000E+00    0.227569409179687500000000000000000000000000E+04
    0.126142814755439758300781250000000000000000E+00    0.222882739257812500000000000000000000000000E+04
    0.128691077232360839843750000000000000000000E+00    0.217645727539062500000000000000000000000000E+04
    0.131290808320045471191406250000000000000000E+00    0.211767993164062500000000000000000000000000E+04
    0.133943051099777221679687500000000000000000E+00    0.205189550781250000000000000000000000000000E+04
    0.136648878455162048339843750000000000000000E+00    0.197924804687500000000000000000000000000000E+04
    0.139409363269805908203125000000000000000000E+00    0.190086413574218750000000000000000000000000E+04
    0.142225623130798339843750000000000000000000E+00    0.181824975585937500000000000000000000000000E+04
    0.145098760724067687988281250000000000000000E+00    0.173400866699218750000000000000000000000000E+04
    0.148029953241348266601562500000000000000000E+00    0.165072888183593750000000000000000000000000E+04
    0.151020348072052001953125000000000000000000E+00    0.157090222167968750000000000000000000000000E+04
    0.154071167111396789550781250000000000000000E+00    0.149668627929687500000000000000000000000000E+04
    0.157183602452278137207031250000000000000000E+00    0.142951708984375000000000000000000000000000E+04
    0.160358920693397521972656250000000000000000E+00    0.137031677246093750000000000000000000000000E+04
    0.163598373532295227050781250000000000000000E+00    0.131937561035156250000000000000000000000000E+04
    0.166903272271156311035156250000000000000000E+00    0.127655297851562500000000000000000000000000E+04
    0.170275032520294189453125000000000000000000E+00    0.124104125976562500000000000000000000000000E+04
    0.173714801669120788574218750000000000000000E+00    0.121158679199218750000000000000000000000000E+04
    0.177224084734916687011718750000000000000000E+00    0.118619360351562500000000000000000000000000E+04
    0.180804237723350524902343750000000000000000E+00    0.116253881835937500000000000000000000000000E+04
    0.184456720948219299316406250000000000000000E+00    0.113813244628906250000000000000000000000000E+04
    0.188182994723320007324218750000000000000000E+00    0.111080126953125000000000000000000000000000E+04
    0.191984534263610839843750000000000000000000E+00    0.107910681152343750000000000000000000000000E+04
    0.195862874388694763183593750000000000000000E+00    0.104252795410156250000000000000000000000000E+04
    0.199819564819335937500000000000000000000000E+00    0.100147161865234375000000000000000000000000E+04
    0.203856185078620910644531250000000000000000E+00    0.957261108398437500000000000000000000000000E+03
    0.207974359393119812011718750000000000000000E+00    0.911721557617187500000000000000000000000000E+03
    0.212175697088241577148437500000000000000000E+00    0.866981628417968750000000000000000000000000E+03
    0.216461926698684692382812500000000000000000E+00    0.825007812500000000000000000000000000000000E+03
    0.220834761857986450195312500000000000000000E+00    0.787325927734375000000000000000000000000000E+03
    0.225295916199684143066406250000000000000000E+00    0.754812500000000000000000000000000000000000E+03
    0.229847192764282226562500000000000000000000E+00    0.727550720214843750000000000000000000000000E+03
    0.234490394592285156250000000000000000000000E+00    0.704855224609375000000000000000000000000000E+03
    0.239227414131164550781250000000000000000000E+00    0.685332031250000000000000000000000000000000E+03
    0.244060128927230834960937500000000000000000E+00    0.667155395507812500000000000000000000000000E+03
    0.248990446329116821289062500000000000000000E+00    0.648621276855468750000000000000000000000000E+03
    0.254020392894744873046875000000000000000000E+00    0.628467712402343750000000000000000000000000E+03
    0.259151935577392578125000000000000000000000E+00    0.606043701171875000000000000000000000000000E+03
    0.264387160539627075195312500000000000000000E+00    0.581365905761718750000000000000000000000000E+03
    0.269728124141693115234375000000000000000000E+00    0.555254821777343750000000000000000000000000E+03
    0.275177001953125000000000000000000000000000E+00    0.529163024902343750000000000000000000000000E+03
    0.280736058950424194335937500000000000000000E+00    0.504591644287109375000000000000000000000000E+03
    0.286407291889190673828125000000000000000000E+00    0.482540985107421875000000000000000000000000E+03
    0.292193114757537841796875000000000000000000E+00    0.463349212646484375000000000000000000000000E+03
    0.298095792531967163085937500000000000000000E+00    0.446774169921875000000000000000000000000000E+03
    0.304117560386657714843750000000000000000000E+00    0.432022247314453125000000000000000000000000E+03
    0.310261309146881103515625000000000000000000E+00    0.417964477539062500000000000000000000000000E+03
    0.316528826951980590820312500000000000000000E+00    0.403611755371093750000000000000000000000000E+03
    0.322923272848129272460937500000000000000000E+00    0.388422912597656250000000000000000000000000E+03
    0.329446613788604736328125000000000000000000E+00    0.372376373291015625000000000000000000000000E+03
    0.336102008819580078125000000000000000000000E+00    0.355980895996093750000000000000000000000000E+03
    0.342891573905944824218750000000000000000000E+00    0.340045135498046875000000000000000000000000E+03
    0.349818587303161621093750000000000000000000E+00    0.325259429931640625000000000000000000000000E+03
    0.356885224580764770507812500000000000000000E+00    0.311961456298828125000000000000000000000000E+03
    0.364094972610473632812500000000000000000000E+00    0.300046691894531250000000000000000000000000E+03
    0.371450334787368774414062500000000000000000E+00    0.288999633789062500000000000000000000000000E+03
    0.378953933715820312500000000000000000000000E+00    0.278212036132812500000000000000000000000000E+03
    0.386609494686126708984375000000000000000000E+00    0.267302001953125000000000000000000000000000E+03
    0.394419312477111816406250000000000000000000E+00    0.256200561523437500000000000000000000000000E+03
    0.402387291193008422851562500000000000000000E+00    0.245137771606445312500000000000000000000000E+03
    0.410515844821929931640625000000000000000000E+00    0.234504776000976562500000000000000000000000E+03
    0.418809026479721069335937500000000000000000E+00    0.224602218627929687500000000000000000000000E+03
    0.427269339561462402343750000000000000000000E+00    0.215472381591796875000000000000000000000000E+03
    0.435900926589965820312500000000000000000000E+00    0.206921478271484375000000000000000000000000E+03
    0.444706469774246215820312500000000000000000E+00    0.198670959472656250000000000000000000000000E+03
    0.453690379858016967773437500000000000000000E+00    0.190507034301757812500000000000000000000000E+03
    0.462855309247970581054687500000000000000000E+00    0.182435852050781250000000000000000000000000E+03
    0.472205787897109985351562500000000000000000E+00    0.174603179931640625000000000000000000000000E+03
    0.481744766235351562500000000000000000000000E+00    0.167145446777343750000000000000000000000000E+03
    0.491476893424987792968750000000000000000000E+00    0.160143188476562500000000000000000000000000E+03
    0.501405119895935058593750000000000000000000E+00    0.153512298583984375000000000000000000000000E+03
    0.511534392833709716796875000000000000000000E+00    0.147129531860351562500000000000000000000000E+03
    0.521867811679840087890625000000000000000000E+00    0.140914978027343750000000000000000000000000E+03
    0.532410502433776855468750000000000000000000E+00    0.134869689941406250000000000000000000000000E+03
    0.543165624141693115234375000000000000000000E+00    0.129071197509765625000000000000000000000000E+03
    0.554138541221618652343750000000000000000000E+00    0.123548431396484375000000000000000000000000E+03
    0.565332591533660888671875000000000000000000E+00    0.118298599243164062500000000000000000000000E+03
    0.576753377914428710937500000000000000000000E+00    0.113259513854980468750000000000000000000000E+03
    0.588404297828674316406250000000000000000000E+00    0.108397560119628906250000000000000000000000E+03
    0.600291073322296142578125000000000000000000E+00    0.103706100463867187500000000000000000000000E+03
    0.612418055534362792968750000000000000000000E+00    0.992128524780273437500000000000000000000000E+02
    0.624789416790008544921875000000000000000000E+00    0.949201126098632812500000000000000000000000E+02
    0.637411296367645263671875000000000000000000E+00    0.908081436157226562500000000000000000000000E+02
    0.650287508964538574218750000000000000000000E+00    0.868622894287109375000000000000000000000000E+02
    0.663424491882324218750000000000000000000000E+00    0.830780105590820312500000000000000000000000E+02
    0.676826238632202148437500000000000000000000E+00    0.794506912231445312500000000000000000000000E+02
    0.690499365329742431640625000000000000000000E+00    0.759751968383789062500000000000000000000000E+02
    0.704448044300079345703125000000000000000000E+00    0.726452102661132812500000000000000000000000E+02
    0.718679130077362060546875000000000000000000E+00    0.694545364379882812500000000000000000000000E+02
    0.733197033405303955078125000000000000000000E+00    0.663972778320312500000000000000000000000000E+02
    0.748008966445922851562500000000000000000000E+00    0.634680595397949218750000000000000000000000E+02
    0.763119339942932128906250000000000000000000E+00    0.606619224548339843750000000000000000000000E+02
    0.778535783290863037109375000000000000000000E+00    0.579740943908691406250000000000000000000000E+02
    0.794262826442718505859375000000000000000000E+00    0.553999710083007812500000000000000000000000E+02
    0.810308396816253662109375000000000000000000E+00    0.529351539611816406250000000000000000000000E+02
    0.826677322387695312500000000000000000000000E+00    0.505754127502441406250000000000000000000000E+02
    0.843377590179443359375000000000000000000000E+00    0.483166465759277343750000000000000000000000E+02
    0.860414624214172363281250000000000000000000E+00    0.461548423767089843750000000000000000000000E+02
    0.877796530723571777343750000000000000000000E+00    0.440860252380371093750000000000000000000000E+02
    0.895528674125671386718750000000000000000000E+00    0.421063728332519531250000000000000000000000E+02
    0.913619995117187500000000000000000000000000E+00    0.402122077941894531250000000000000000000000E+02
    0.932075977325439453125000000000000000000000E+00    0.384000053405761718750000000000000000000000E+02
    0.950905561447143554687500000000000000000000E+00    0.366664047241210937500000000000000000000000E+02
    0.970114648342132568359375000000000000000000E+00    0.350081634521484375000000000000000000000000E+02
    0.989712655544281005859375000000000000000000E+00    0.334221534729003906250000000000000000000000E+02
    0.100970673561096191406250000000000000000000E+01    0.319053058624267578125000000000000000000000E+02
    0.103010356426239013671875000000000000000000E+01    0.304546566009521484375000000000000000000000E+02
    0.105091357231140136718750000000000000000000E+01    0.290673675537109375000000000000000000000000E+02
    0.107214283943176269531250000000000000000000E+01    0.277411384582519531250000000000000000000000E+02
    0.109380209445953369140625000000000000000000E+01    0.264732246398925781250000000000000000000000E+02
    0.111589777469635009765625000000000000000000E+01    0.252612609863281250000000000000000000000000E+02
    0.113844096660614013671875000000000000000000E+01    0.241029491424560546875000000000000000000000E+02
    0.116143846511840820312500000000000000000000E+01    0.229960803985595703125000000000000000000000E+02
    0.118490147590637207031250000000000000000000E+01    0.219384651184082031250000000000000000000000E+02
    0.120883750915527343750000000000000000000000E+01    0.209279537200927734375000000000000000000000E+02
    0.123325824737548828125000000000000000000000E+01    0.199625167846679687500000000000000000000000E+02
    0.125817120075225830078125000000000000000000E+01    0.190401649475097656250000000000000000000000E+02
    0.128358840942382812500000000000000000000000E+01    0.181590156555175781250000000000000000000000E+02
    0.130951797962188720703125000000000000000000E+01    0.173172798156738281250000000000000000000000E+02
    0.133597266674041748046875000000000000000000E+01    0.165132999420166015625000000000000000000000E+02
    0.136296045780181884765625000000000000000000E+01    0.157454671859741210937500000000000000000000E+02
    0.139049470424652099609375000000000000000000E+01    0.150122976303100585937500000000000000000000E+02
    0.141858386993408203125000000000000000000000E+01    0.143123598098754882812500000000000000000000E+02
    0.144724178314208984375000000000000000000000E+01    0.136441583633422851562500000000000000000000E+02
    0.147647726535797119140625000000000000000000E+01    0.130062093734741210937500000000000000000000E+02
