    0.999999974737875163555145263671875000000000E-04    0.219420043945312500000000000000000000000000E+03
    0.102020130725577473640441894531250000000000E-03    0.223694747924804687500000000000000000000000E+03
    0.104081082099582999944686889648437500000000E-03    0.228052581787109375000000000000000000000000E+03
    0.106183659227099269628524780273437500000000E-03    0.232495162963867187500000000000000000000000E+03
    0.108328706119209527969360351562500000000000E-03    0.237024124145507812500000000000000000000000E+03
    0.110517095890827476978302001953125000000000E-03    0.241641113281250000000000000000000000000000E+03
    0.112749679828993976116180419921875000000000E-03    0.246347885131835937500000000000000000000000E+03
    0.115027374704368412494659423828125000000000E-03    0.251146148681640625000000000000000000000000E+03
    0.117351090011652559041976928710937500000000E-03    0.256037658691406250000000000000000000000000E+03
    0.119721727969590574502944946289062500000000E-03    0.261024200439453125000000000000000000000000E+03
    0.122140278108417987823486328125000000000000E-03    0.266107635498046875000000000000000000000000E+03
    0.124607671750709414482116699218750000000000E-03    0.271289825439453125000000000000000000000000E+03
    0.127124920254573225975036621093750000000000E-03    0.276572692871093750000000000000000000000000E+03
    0.129692998598329722881317138671875000000000E-03    0.281958160400390625000000000000000000000000E+03
    0.132312969071790575981140136718750000000000E-03    0.287448181152343750000000000000000000000000E+03
    0.134985879412852227687835693359375000000000E-03    0.293044769287109375000000000000000000000000E+03
    0.137712777359411120414733886718750000000000E-03    0.298750030517578125000000000000000000000000E+03
    0.140494754305109381675720214843750000000000E-03    0.304566009521484375000000000000000000000000E+03
    0.143332930747419595718383789062500000000000E-03    0.310494812011718750000000000000000000000000E+03
    0.146228456287644803524017333984375000000000E-03    0.316538665771484375000000000000000000000000E+03
    0.149182465975172817707061767578125000000000E-03    0.322699737548828125000000000000000000000000E+03
    0.152196153067052364349365234375000000000000E-03    0.328980255126953125000000000000000000000000E+03
    0.155270710820332169532775878906250000000000E-03    0.335382568359375000000000000000000000000000E+03
    0.158407390699721872806549072265625000000000E-03    0.341908966064453125000000000000000000000000E+03
    0.161607444169931113719940185546875000000000E-03    0.348561859130859375000000000000000000000000E+03
    0.164872122695669531822204589843750000000000E-03    0.355343597412109375000000000000000000000000E+03
    0.168202750501222908496856689453125000000000E-03    0.362256713867187500000000000000000000000000E+03
    0.171600666362792253494262695312500000000000E-03    0.369303710937500000000000000000000000000000E+03
    0.175067238160409033298492431640625000000000E-03    0.376487091064453125000000000000000000000000E+03
    0.178603833774104714393615722656250000000000E-03    0.383809448242187500000000000000000000000000E+03
    0.182211864739656448364257812500000000000000E-03    0.391273529052734375000000000000000000000000E+03
    0.185892800800502300262451171875000000000000E-03    0.398881958007812500000000000000000000000000E+03
    0.189648068044334650039672851562500000000000E-03    0.406637481689453125000000000000000000000000E+03
    0.193479223526082932949066162109375000000000E-03    0.414542907714843750000000000000000000000000E+03
    0.197387780644930899143218994140625000000000E-03    0.422601043701171875000000000000000000000000E+03
    0.201375267351977527141571044921875000000000E-03    0.430814819335937500000000000000000000000000E+03
    0.205443298909813165664672851562500000000000E-03    0.439187133789062500000000000000000000000000E+03
    0.209593548788689076900482177734375000000000E-03    0.447721069335937500000000000000000000000000E+03
    0.213827603147365152835845947265625000000000E-03    0.456419586181640625000000000000000000000000E+03
    0.218147222767584025859832763671875000000000E-03    0.465285827636718750000000000000000000000000E+03
    0.222554081119596958160400390625000000000000E-03    0.474322967529296875000000000000000000000000E+03
    0.227049968088977038860321044921875000000000E-03    0.483534088134765625000000000000000000000000E+03
    0.231636688113212585449218750000000000000000E-03    0.492922698974609375000000000000000000000000E+03
    0.236316060181707143783569335937500000000000E-03    0.502491882324218750000000000000000000000000E+03
    0.241089961491525173187255859375000000000000E-03    0.512245117187500000000000000000000000000000E+03
    0.245960312895476818084716796875000000000000E-03    0.522185913085937500000000000000000000000000E+03
    0.250929006142541766166687011718750000000000E-03    0.532317626953125000000000000000000000000000E+03
    0.255998136708512902259826660156250000000000E-03    0.542643859863281250000000000000000000000000E+03
    0.261169654550030827522277832031250000000000E-03    0.553168334960937500000000000000000000000000E+03
    0.266445596935227513313293457031250000000000E-03    0.563894470214843750000000000000000000000000E+03
    0.271828175755217671394348144531250000000000E-03    0.574826232910156250000000000000000000000000E+03
    0.277319486485794186592102050781250000000000E-03    0.585967346191406250000000000000000000000000E+03
    0.282921682810410857200622558593750000000000E-03    0.597321533203125000000000000000000000000000E+03
    0.288637093035504221916198730468750000000000E-03    0.608892944335937500000000000000000000000000E+03
    0.294467929052188992500305175781250000000000E-03    0.620685424804687500000000000000000000000000E+03
    0.300416606478393077850341796875000000000000E-03    0.632702941894531250000000000000000000000000E+03
    0.306485395412892103195190429687500000000000E-03    0.644949645996093750000000000000000000000000E+03
    0.312676827888935804367065429687500000000000E-03    0.657429809570312500000000000000000000000000E+03
    0.318993290420621633529663085937500000000000E-03    0.670147521972656250000000000000000000000000E+03
    0.325437402352690696716308593750000000000000E-03    0.683107055664062500000000000000000000000000E+03
    0.332011666614562273025512695312500000000000E-03    0.696312988281250000000000000000000000000000E+03
    0.338718760758638381958007812500000000000000E-03    0.709769409179687500000000000000000000000000E+03
    0.345561362337321043014526367187500000000000E-03    0.723481018066406250000000000000000000000000E+03
    0.352542119799181818962097167968750000000000E-03    0.737452331542968750000000000000000000000000E+03
    0.359663943527266383171081542968750000000000E-03    0.751687866210937500000000000000000000000000E+03
    0.366929627489298582077026367187500000000000E-03    0.766192260742187500000000000000000000000000E+03
    0.374342111172154545783996582031250000000000E-03    0.780970397949218750000000000000000000000000E+03
    0.381904304958879947662353515625000000000000E-03    0.796027038574218750000000000000000000000000E+03
    0.389619322959333658218383789062500000000000E-03    0.811366882324218750000000000000000000000000E+03
    0.397490162868052721023559570312500000000000E-03    0.826994995117187500000000000000000000000000E+03
    0.405519997002556920051574707031250000000000E-03    0.842916259765625000000000000000000000000000E+03
    0.413712026784196496009826660156250000000000E-03    0.859135742187500000000000000000000000000000E+03
    0.422069540945813059806823730468750000000000E-03    0.875658447265625000000000000000000000000000E+03
    0.430595915531739592552185058593750000000000E-03    0.892489685058593750000000000000000000000000E+03
    0.439294555690139532089233398437500000000000E-03    0.909634704589843750000000000000000000000000E+03
    0.448168895673006772994995117187500000000000E-03    0.927098327636718750000000000000000000000000E+03
    0.457222486147657036781311035156250000000000E-03    0.944886474609375000000000000000000000000000E+03
    0.466458965092897415161132812500000000000000E-03    0.963003967285156250000000000000000000000000E+03
    0.475882086902856826782226562500000000000000E-03    0.981456420898437500000000000000000000000000E+03
    0.485495518660172820091247558593750000000000E-03    0.100024938964843750000000000000000000000000E+04
    0.495303189381957054138183593750000000000000E-03    0.101938830566406250000000000000000000000000E+04
    0.505309028085321187973022460937500000000000E-03    0.103887866210937500000000000000000000000000E+04
    0.515516963787376880645751953125000000000000E-03    0.105872595214843750000000000000000000000000E+04
    0.525931071024388074874877929687500000000000E-03    0.107893603515625000000000000000000000000000E+04
    0.536555540747940540313720703125000000000000E-03    0.109951416015625000000000000000000000000000E+04
    0.547394680324941873550415039062500000000000E-03    0.112046643066406250000000000000000000000000E+04
    0.558452797122299671173095703125000000000000E-03    0.114179833984375000000000000000000000000000E+04
    0.569734314922243356704711914062500000000000E-03    0.116351538085937500000000000000000000000000E+04
    0.581243715714663267135620117187500000000000E-03    0.118562377929687500000000000000000000000000E+04
    0.592985597904771566390991210937500000000000E-03    0.120812878417968750000000000000000000000000E+04
    0.604964734520763158798217773437500000000000E-03    0.123103662109375000000000000000000000000000E+04
    0.617185782175511121749877929687500000000000E-03    0.125435241699218750000000000000000000000000E+04
    0.629653746727854013442993164062500000000000E-03    0.127808251953125000000000000000000000000000E+04
    0.642373692244291305541992187500000000000000E-03    0.130223217773437500000000000000000000000000E+04
    0.655350449960678815841674804687500000000000E-03    0.132680737304687500000000000000000000000000E+04
    0.668589433189481496810913085937500000000000E-03    0.135181372070312500000000000000000000000000E+04
    0.682095822412520647048950195312500000000000E-03    0.137725671386718750000000000000000000000000E+04
    0.695875030942261219024658203125000000000000E-03    0.140314233398437500000000000000000000000000E+04
    0.709932646714150905609130859375000000000000E-03    0.142947546386718750000000000000000000000000E+04
    0.724274199455976486206054687500000000000000E-03    0.145626208496093750000000000000000000000000E+04
    0.738905626349151134490966796875000000000000E-03    0.148350744628906250000000000000000000000000E+04
    0.753832457121461629867553710937500000000000E-03    0.151121667480468750000000000000000000000000E+04
    0.769060861784964799880981445312500000000000E-03    0.153939526367187500000000000000000000000000E+04
    0.784596893936395645141601562500000000000000E-03    0.156804809570312500000000000000000000000000E+04
    0.800446781795471906661987304687500000000000E-03    0.159718017578125000000000000000000000000000E+04
    0.816616869997233152389526367187500000000000E-03    0.162679650878906250000000000000000000000000E+04
    0.833113677799701690673828125000000000000000E-03    0.165690148925781250000000000000000000000000E+04
    0.849943608045578002929687500000000000000000E-03    0.168749963378906250000000000000000000000000E+04
    0.867113587446510791778564453125000000000000E-03    0.171859509277343750000000000000000000000000E+04
    0.884630659129470586776733398437500000000000E-03    0.175019250488281250000000000000000000000000E+04
    0.902501342352479696273803710937500000000000E-03    0.178229528808593750000000000000000000000000E+04
    0.920733029488474130630493164062500000000000E-03    0.181490722656250000000000000000000000000000E+04
    0.939333112910389900207519531250000000000000E-03    0.184803161621093750000000000000000000000000E+04
    0.958308868575841188430786132812500000000000E-03    0.188167126464843750000000000000000000000000E+04
    0.977667979896068572998046875000000000000000E-03    0.191582946777343750000000000000000000000000E+04
    0.997418188489973545074462890625000000000000E-03    0.195050793457031250000000000000000000000000E+04
    0.101756735239177942276000976562500000000000E-02    0.198570922851562500000000000000000000000000E+04
    0.103812362067401409149169921875000000000000E-02    0.202143469238281250000000000000000000000000E+04
    0.105909502599388360977172851562500000000000E-02    0.205768579101562500000000000000000000000000E+04
    0.108049006666988134384155273437500000000000E-02    0.209446264648437500000000000000000000000000E+04
    0.110231747385114431381225585937500000000000E-02    0.213176611328125000000000000000000000000000E+04
    0.112458574585616588592529296875000000000000E-02    0.216959545898437500000000000000000000000000E+04
    0.114730407949537038803100585937500000000000E-02    0.220794946289062500000000000000000000000000E+04
    0.117048120591789484024047851562500000000000E-02    0.224681274414062500000000000000000000000000E+04
    0.119412643834948539733886718750000000000000E-02    0.228621020507812500000000000000000000000000E+04
    0.121824943926185369491577148437500000000000E-02    0.232612670898437500000000000000000000000000E+04
    0.124285963829606771469116210937500000000000E-02    0.236655834960937500000000000000000000000000E+04
    0.126796704716980457305908203125000000000000E-02    0.240750024414062500000000000000000000000000E+04
    0.129358167760074138641357421875000000000000E-02    0.244894702148437500000000000000000000000000E+04
    0.131971365772187709808349609375000000000000E-02    0.249089282226562500000000000000000000000000E+04
    0.134637358132749795913696289062500000000000E-02    0.253333105468750000000000000000000000000000E+04
    0.137357215862721204757690429687500000000000E-02    0.257625341796875000000000000000000000000000E+04
    0.140132009983062744140625000000000000000000E-02    0.261965014648437500000000000000000000000000E+04
    0.142962858080863952636718750000000000000000E-02    0.266351147460937500000000000000000000000000E+04
    0.145850901026278734207153320312500000000000E-02    0.270782592773437500000000000000000000000000E+04
    0.148797314614057540893554687500000000000000E-02    0.275258081054687500000000000000000000000000E+04
    0.151803228072822093963623046875000000000000E-02    0.279776147460937500000000000000000000000000E+04
    0.154869852121919393539428710937500000000000E-02    0.284335375976562500000000000000000000000000E+04
    0.157998420763760805130004882812500000000000E-02    0.288933886718750000000000000000000000000000E+04
    0.161190202925354242324829101562500000000000E-02    0.293569970703125000000000000000000000000000E+04
    0.164446467533707618713378906250000000000000E-02    0.298241479492187500000000000000000000000000E+04
    0.167768495157361030578613281250000000000000E-02    0.302946337890625000000000000000000000000000E+04
    0.171157636214047670364379882812500000000000E-02    0.307682080078125000000000000000000000000000E+04
    0.174615241121500730514526367187500000000000E-02    0.312446166992187500000000000000000000000000E+04
    0.178142718505114316940307617187500000000000E-02    0.317235839843750000000000000000000000000000E+04
    0.181741418782621622085571289062500000000000E-02    0.322048046875000000000000000000000000000000E+04
    0.185412843711674213409423828125000000000000E-02    0.326879711914062500000000000000000000000000E+04
    0.189158413559198379516601562500000000000000E-02    0.331727294921875000000000000000000000000000E+04
    0.192979711573570966720581054687500000000000E-02    0.336587182617187500000000000000000000000000E+04
    0.196878169663250446319580078125000000000000E-02    0.341455444335937500000000000000000000000000E+04
    0.200855359435081481933593750000000000000000E-02    0.346327685546875000000000000000000000000000E+04
    0.204912899062037467956542968750000000000000E-02    0.351199682617187500000000000000000000000000E+04
    0.209052418358623981475830078125000000000000E-02    0.356066430664062500000000000000000000000000E+04
    0.213275570422410964965820312500000000000000E-02    0.360923022460937500000000000000000000000000E+04
    0.217583985067903995513916015625000000000000E-02    0.365764062500000000000000000000000000000000E+04
    0.221979478374123573303222656250000000000000E-02    0.370583715820312500000000000000000000000000E+04
    0.226463773287832736968994140625000000000000E-02    0.375376025390625000000000000000000000000000E+04
    0.231038639321923255920410156250000000000000E-02    0.380134521484375000000000000000000000000000E+04
    0.235705915838479995727539062500000000000000E-02    0.384852587890625000000000000000000000000000E+04
    0.240467488765716552734375000000000000000000E-02    0.389522924804687500000000000000000000000000E+04
    0.245325244031846523284912109375000000000000E-02    0.394138085937500000000000000000000000000000E+04
    0.250281183980405330657958984375000000000000E-02    0.398690087890625000000000000000000000000000E+04
    0.255337217822670936584472656250000000000000E-02    0.403170703125000000000000000000000000000000E+04
    0.260495371185243129730224609375000000000000E-02    0.407571118164062500000000000000000000000000E+04
    0.265757716260850429534912109375000000000000E-02    0.411881591796875000000000000000000000000000E+04
    0.271126371808350086212158203125000000000000E-02    0.416093554687500000000000000000000000000000E+04
    0.276603479869663715362548828125000000000000E-02    0.420196337890625000000000000000000000000000E+04
    0.282191229052841663360595703125000000000000E-02    0.424179541015625000000000000000000000000000E+04
    0.287891877815127372741699218750000000000000E-02    0.428032128906250000000000000000000000000000E+04
    0.293707661330699920654296875000000000000000E-02    0.431742578125000000000000000000000000000000E+04
    0.299640954472124576568603515625000000000000E-02    0.435299121093750000000000000000000000000000E+04
    0.305694085545837879180908203125000000000000E-02    0.438689208984375000000000000000000000000000E+04
    0.311869522556662559509277343750000000000000E-02    0.441900000000000000000000000000000000000000E+04
    0.318169780075550079345703125000000000000000E-02    0.444919189453125000000000000000000000000000E+04
    0.324597232975065708160400390625000000000000E-02    0.447731250000000000000000000000000000000000E+04
    0.331154512241482734680175781250000000000000E-02    0.450322558593750000000000000000000000000000E+04
    0.337844272144138813018798828125000000000000E-02    0.452678759765625000000000000000000000000000E+04
    0.344669190235435962677001953125000000000000E-02    0.454784667968750000000000000000000000000000E+04
    0.351631967350840568542480468750000000000000E-02    0.456624902343750000000000000000000000000000E+04
    0.358735374175012111663818359375000000000000E-02    0.458183789062500000000000000000000000000000E+04
    0.365982321090996265411376953125000000000000E-02    0.459444970703125000000000000000000000000000E+04
    0.373375625349581241607666015625000000000000E-02    0.460392431640625000000000000000000000000000E+04
    0.380918313749134540557861328125000000000000E-02    0.461009375000000000000000000000000000000000E+04
    0.388613343238830566406250000000000000000000E-02    0.461279150390625000000000000000000000000000E+04
    0.396463880315423011779785156250000000000000E-02    0.461184863281250000000000000000000000000000E+04
    0.404472928494215011596679687500000000000000E-02    0.460709960937500000000000000000000000000000E+04
    0.412643933668732643127441406250000000000000E-02    0.459837597656250000000000000000000000000000E+04
    0.420979922637343406677246093750000000000000E-02    0.458551123046875000000000000000000000000000E+04
    0.429484248161315917968750000000000000000000E-02    0.456834326171875000000000000000000000000000E+04
    0.438160402700304985046386718750000000000000E-02    0.454671484375000000000000000000000000000000E+04
    0.447011832147836685180664062500000000000000E-02    0.452047119140625000000000000000000000000000E+04
    0.456042028963565826416015625000000000000000E-02    0.448946728515625000000000000000000000000000E+04
    0.465254718437790870666503906250000000000000E-02    0.445356689453125000000000000000000000000000E+04
    0.474653439596295356750488281250000000000000E-02    0.441264111328125000000000000000000000000000E+04
    0.484242103993892669677734375000000000000000E-02    0.436657568359375000000000000000000000000000E+04
    0.494024436920881271362304687500000000000000E-02    0.431527099609375000000000000000000000000000E+04
    0.504004349932074546813964843750000000000000E-02    0.425863232421875000000000000000000000000000E+04
    0.514185894280672073364257812500000000000000E-02    0.419661230468750000000000000000000000000000E+04
    0.524573167786002159118652343750000000000000E-02    0.412915722656250000000000000000000000000000E+04
    0.535170361399650573730468750000000000000000E-02    0.405624365234375000000000000000000000000000E+04
    0.545981479808688163757324218750000000000000E-02    0.397784814453125000000000000000000000000000E+04
    0.557011039927601814270019531250000000000000E-02    0.389505590820312500000000000000000000000000E+04
    0.568263372406363487243652343750000000000000E-02    0.380594946289062500000000000000000000000000E+04
    0.579743087291717529296875000000000000000000E-02    0.371160009765625000000000000000000000000000E+04
    0.591454654932022094726562500000000000000000E-02    0.361213159179687500000000000000000000000000E+04
    0.603402825072407722473144531250000000000000E-02    0.350771582031250000000000000000000000000000E+04
    0.615592347458004951477050781250000000000000E-02    0.339856542968750000000000000000000000000000E+04
    0.628028111532330513000488281250000000000000E-02    0.328493554687500000000000000000000000000000E+04
    0.640715099871158599853515625000000000000000E-02    0.316712500000000000000000000000000000000000E+04
    0.653658434748649597167968750000000000000000E-02    0.304547705078125000000000000000000000000000E+04
    0.666863145306706428527832031250000000000000E-02    0.292039453125000000000000000000000000000000E+04
    0.680334679782390594482421875000000000000000E-02    0.279228442382812500000000000000000000000000E+04
    0.694078346714377403259277343750000000000000E-02    0.266163623046875000000000000000000000000000E+04
    0.708099640905857086181640625000000000000000E-02    0.252894726562500000000000000000000000000000E+04
    0.722404150292277336120605468750000000000000E-02    0.239481591796875000000000000000000000000000E+04
    0.736997742205858230590820312500000000000000E-02    0.225982153320312500000000000000000000000000E+04
    0.751886051148176193237304687500000000000000E-02    0.212458935546875000000000000000000000000000E+04
    0.767075084149837493896484375000000000000000E-02    0.198976770019531250000000000000000000000000E+04
    0.782571360468864440917968750000000000000000E-02    0.185602331542968750000000000000000000000000E+04
    0.798380374908447265625000000000000000000000E-02    0.172403295898437500000000000000000000000000E+04
    0.814508739858865737915039062500000000000000E-02    0.159446911621093750000000000000000000000000E+04
    0.830962881445884704589843750000000000000000E-02    0.146799536132812500000000000000000000000000E+04
    0.847749505192041397094726562500000000000000E-02    0.134525244140625000000000000000000000000000E+04
    0.864875130355358123779296875000000000000000E-02    0.122684411621093750000000000000000000000000E+04
    0.882346741855144500732421875000000000000000E-02    0.111333825683593750000000000000000000000000E+04
    0.900171231478452682495117187500000000000000E-02    0.100523645019531250000000000000000000000000E+04
    0.918355956673622131347656250000000000000000E-02    0.902974121093750000000000000000000000000000E+03
    0.936907902359962463378906250000000000000000E-02    0.806911193847656250000000000000000000000000E+03
    0.955834705382585525512695312500000000000000E-02    0.717325927734375000000000000000000000000000E+03
    0.975143909454345703125000000000000000000000E-02    0.634402099609375000000000000000000000000000E+03
    0.994843058288097381591796875000000000000000E-02    0.558231994628906250000000000000000000000000E+03
    0.101494016125798225402832031250000000000000E-01    0.488813598632812500000000000000000000000000E+03
    0.103544332087039947509765625000000000000000E-01    0.426053802490234375000000000000000000000000E+03
    0.105636063963174819946289062500000000000000E-01    0.369767608642578125000000000000000000000000E+03
    0.107770059257745742797851562500000000000000E-01    0.319696319580078125000000000000000000000000E+03
    0.109947146847844123840332031250000000000000E-01    0.275509887695312500000000000000000000000000E+03
    0.112168220803141593933105468750000000000000E-01    0.236821609497070312500000000000000000000000E+03
    0.114434175193309783935546875000000000000000E-01    0.203201797485351562500000000000000000000000E+03
    0.116745894774794578552246093750000000000000E-01    0.174192062377929687500000000000000000000000E+03
    0.119104310870170593261718750000000000000000E-01    0.149319290161132812500000000000000000000000E+03
    0.121510382741689682006835937500000000000000E-01    0.128110961914062500000000000000000000000000E+03
    0.123965051025152206420898437500000000000000E-01    0.110104583740234375000000000000000000000000E+03
    0.126469302922487258911132812500000000000000E-01    0.948600234985351562500000000000000000000000E+02
    0.129024153575301170349121093750000000000000E-01    0.819669342041015625000000000000000000000000E+02
    0.131630674004554748535156250000000000000000E-01    0.710508651733398437500000000000000000000000E+02
    0.134289795532822608947753906250000000000000E-01    0.617768249511718750000000000000000000000000E+02
    0.137002617120742797851562500000000000000000E-01    0.538511695861816406250000000000000000000000E+02
    0.139770256355404853820800781250000000000000E-01    0.470223922729492187500000000000000000000000E+02
    0.142593793570995330810546875000000000000000E-01    0.410800895690917968750000000000000000000000E+02
    0.145474374294281005859375000000000000000000E-01    0.358536376953125000000000000000000000000000E+02
    0.148413162678480148315429687500000000000000E-01    0.312096462249755859375000000000000000000000E+02
    0.151411294937133789062500000000000000000000E-01    0.270485591888427734375000000000000000000000E+02
    0.154470009729266166687011718750000000000000E-01    0.233004379272460937500000000000000000000000E+02
    0.157590489834547042846679687500000000000000E-01    0.199197025299072265625000000000000000000000E+02
    0.160774048417806625366210937500000000000000E-01    0.168791141510009765625000000000000000000000E+02
    0.164021886885166168212890625000000000000000E-01    0.141633081436157226562500000000000000000000E+02
    0.167335346341133117675781250000000000000000E-01    0.117626314163208007812500000000000000000000E+02
    0.170715730637311935424804687500000000000000E-01    0.966763687133789062500000000000000000000000E+01
    0.174164418131113052368164062500000000000000E-01    0.786537647247314453125000000000000000000000E+01
    0.177682787179946899414062500000000000000000E-01    0.633728313446044921875000000000000000000000E+01
    0.181272197514772415161132812500000000000000E-01    0.505910015106201171875000000000000000000000E+01
    0.184934139251708984375000000000000000000000E-01    0.400216913223266601562500000000000000000000E+01
    0.188670046627521514892578125000000000000000E-01    0.313573765754699707031250000000000000000000E+01
    0.192481447011232376098632812500000000000000E-01    0.242938637733459472656250000000000000000000E+01
    0.196369830518960952758789062500000000000000E-01    0.185523116588592529296875000000000000000000E+01
    0.200336743146181106567382812500000000000000E-01    0.138937652111053466796875000000000000000000E+01
    0.204383805394172668457031250000000000000000E-01    0.101257777214050292968750000000000000000000E+01
    0.208512637764215469360351562500000000000000E-01    0.710128605365753173828125000000000000000000E+00
    0.212724860757589340209960937500000000000000E-01    0.471198081970214843750000000000000000000000E+00
    0.217022281140089035034179687500000000000000E-01    0.287826657295227050781250000000000000000000E+00
    0.221406426280736923217773437500000000000000E-01    0.153900653123855590820312500000000000000000E+00
    0.225879121571779251098632812500000000000000E-01    0.642861202359199523925781250000000000000000E-01
    0.230442192405462265014648437500000000000000E-01    0.142994038760662078857421875000000000000000E-01
    0.235097426921129226684570312500000000000000E-01    0.115522125270217657089233398437500000000000E-03
    0.239846706390380859375000000000000000000000E-01    0.169058479368686676025390625000000000000000E-01
    0.244691912084817886352539062500000000000000E-01    0.586653202772140502929687500000000000000000E-01
    0.249635018408298492431640625000000000000000E-01    0.121741592884063720703125000000000000000000E+00
    0.254677981138229370117187500000000000000000E-01    0.200542241334915161132812500000000000000000E+00
    0.259822811931371688842773437500000000000000E-01    0.289605379104614257812500000000000000000000E+00
    0.265071578323841094970703125000000000000000E-01    0.384116172790527343750000000000000000000000E+00
    0.270426385104656219482421875000000000000000E-01    0.480366379022598266601562500000000000000000E+00
    0.275889337062835693359375000000000000000000E-01    0.575804173946380615234375000000000000000000E+00
    0.281462669372558593750000000000000000000000E-01    0.668617665767669677734375000000000000000000E+00
    0.287148579955101013183593750000000000000000E-01    0.756862759590148925781250000000000000000000E+00
    0.292949359863996505737304687500000000000000E-01    0.837815940380096435546875000000000000000000E+00
    0.298867337405681610107421875000000000000000E-01    0.908021330833435058593750000000000000000000E+00
    0.304904840886592864990234375000000000000000E-01    0.963864088058471679687500000000000000000000E+00
    0.311064328998327255249023437500000000000000E-01    0.100273919105529785156250000000000000000000E+01
    0.317348241806030273437500000000000000000000E-01    0.102371394634246826171875000000000000000000E+01
    0.323759093880653381347656250000000000000000E-01    0.102788770198822021484375000000000000000000E+01
    0.330299474298954010009765625000000000000000E-01    0.101591944694519042968750000000000000000000E+01
    0.336971953511238098144531250000000000000000E-01    0.988556861877441406250000000000000000000000E+00
    0.343779213726520538330078125000000000000000E-01    0.949268758296966552734375000000000000000000E+00
    0.350724011659622192382812500000000000000000E-01    0.789489984512329101562500000000000000000000E+00
    0.357809104025363922119140625000000000000000E-01    0.725296378135681152343750000000000000000000E+00
    0.365037508308887481689453125000000000000000E-01    0.650024533271789550781250000000000000000000E+00
    0.372411720454692840576171875000000000000000E-01    0.567681252956390380859375000000000000000000E+00
    0.379934944212436676025390625000000000000000E-01    0.481405884027481079101562500000000000000000E+00
    0.387610122561454772949218750000000000000000E-01    0.394193351268768310546875000000000000000000E+00
    0.395440347492694854736328125000000000000000E-01    0.309077501296997070312500000000000000000000E+00
    0.403428785502910614013671875000000000000000E-01    0.229215338826179504394531250000000000000000E+00
    0.411578565835952758789062500000000000000000E-01    0.157770872116088867187500000000000000000000E+00
    0.419893004000186920166015625000000000000000E-01    0.975833237171173095703125000000000000000000E-01
    0.428375415503978729248046875000000000000000E-01    0.510482154786586761474609375000000000000000E-01
    0.437029153108596801757812500000000000000000E-01    0.191614106297492980957031250000000000000000E-01
    0.445857718586921691894531250000000000000000E-01    0.606332719326019287109375000000000000000000E-02
    0.454864650964736938476562500000000000000000E-01    0.107531886897049844264984130859375000000000E-03
    0.464053489267826080322265625000000000000000E-01    0.856866966933012008666992187500000000000000E-02
    0.473427996039390563964843750000000000000000E-01    0.290939509868621826171875000000000000000000E-01
    0.482991859316825866699218750000000000000000E-01    0.594801753759384155273437500000000000000000E-01
    0.492748916149139404296875000000000000000000E-01    0.962636247277259826660156250000000000000000E-01
    0.502703115344047546386718750000000000000000E-01    0.135627076029777526855468750000000000000000E+00
    0.512858368456363677978515625000000000000000E-01    0.173832058906555175781250000000000000000000E+00
    0.523218810558319091796875000000000000000000E-01    0.207380160689353942871093750000000000000000E+00
    0.533788502216339111328125000000000000000000E-01    0.233233585953712463378906250000000000000000E+00
    0.544571764767169952392578125000000000000000E-01    0.266485065221786499023437500000000000000000E+00
    0.555572807788848876953125000000000000000000E-01    0.270739495754241943359375000000000000000000E+00
    0.566796138882637023925781250000000000000000E-01    0.261556506156921386718750000000000000000000E+00
    0.578246153891086578369140625000000000000000E-01    0.240517973899841308593750000000000000000000E+00
    0.589927472174167633056640625000000000000000E-01    0.209759786725044250488281250000000000000000E+00
    0.601844787597656250000000000000000000000000E-01    0.172050446271896362304687500000000000000000E+00
    0.614003166556358337402343750000000000000000E-01    0.130953460931777954101562500000000000000000E+00
    0.626406818628311157226562500000000000000000E-01    0.905642807483673095703125000000000000000000E-01
    0.639061108231544494628906250000000000000000E-01    0.544925369322299957275390625000000000000000E-01
    0.651970952749252319335937500000000000000000E-01    0.217705313116312026977539062500000000000000E-01
    0.665141642093658447265625000000000000000000E-01    0.513962050899863243103027343750000000000000E-02
    0.678578317165374755859375000000000000000000E-01    0.298223603749647736549377441406250000000000E-04
    0.692286565899848937988281250000000000000000E-01    0.603810139000415802001953125000000000000000E-02
    0.706271678209304809570312500000000000000000E-01    0.208803359419107437133789062500000000000000E-01
    0.720539242029190063476562500000000000000000E-01    0.420596674084663391113281250000000000000000E-01
    0.735095068812370300292968750000000000000000E-01    0.656154453754425048828125000000000000000000E-01
    0.749944970011711120605468750000000000000000E-01    0.844470784068107604980468750000000000000000E-01
    0.765094906091690063476562500000000000000000E-01    0.100069984793663024902343750000000000000000E+00
    0.780550837516784667968750000000000000000000E-01    0.107112511992454528808593750000000000000000E+00
    0.796318948268890380859375000000000000000000E-01    0.104303121566772460937500000000000000000000E+00
    0.812405645847320556640625000000000000000000E-01    0.921746045351028442382812500000000000000000E-01
    0.828817337751388549804687500000000000000000E-01    0.730082020163536071777343750000000000000000E-01
    0.845560505986213684082031250000000000000000E-01    0.504200868308544158935546875000000000000000E-01
    0.862641930580139160156250000000000000000000E-01    0.286192577332258224487304687500000000000000E-01
    0.880068466067314147949218750000000000000000E-01    0.115473465994000434875488281250000000000000E-01
    0.897847041487693786621093750000000000000000E-01    0.193638715427368879318237304687500000000000E-02
    0.915984734892845153808593750000000000000000E-01    0.484685646370053291320800781250000000000000E-03
    0.934488773345947265625000000000000000000000E-01    0.673050293698906898498535156250000000000000E-02
    0.953366756439208984375000000000000000000000E-01    0.179191827774047851562500000000000000000000E-01
    0.972625985741615295410156250000000000000000E-01    0.304138679057359695434570312500000000000000E-01
    0.992274358868598937988281250000000000000000E-01    0.405231826007366180419921875000000000000000E-01
    0.101232007145881652832031250000000000000000E+00    0.453859679400920867919921875000000000000000E-01
    0.103277020156383514404296875000000000000000E+00    0.437134280800819396972656250000000000000000E-01
    0.105363354086875915527343750000000000000000E+00    0.361051373183727264404296875000000000000000E-01
    0.107491828501224517822265625000000000000000E+00    0.248337313532829284667968750000000000000000E-01
    0.109663315117359161376953125000000000000000E+00    0.131268333643674850463867187500000000000000E-01
    0.111878655850887298583984375000000000000000E+00    0.414904858916997909545898437500000000000000E-02
    0.114138752222061157226562500000000000000000E+00    0.127188774058595299720764160156250000000000E-03
    0.116444505751132965087890625000000000000000E+00    0.138244975823909044265747070312500000000000E-02
    0.118796832859516143798828125000000000000000E+00    0.656426139175891876220703125000000000000000E-02
    0.121196687221527099609375000000000000000000E+00    0.129799842834472656250000000000000000000000E-01
    0.123645029962062835693359375000000000000000E+00    0.177557375282049179077148437500000000000000E-01
    0.126142814755439758300781250000000000000000E+00    0.189203601330518722534179687500000000000000E-01
    0.128691077232360839843750000000000000000000E+00    0.161261856555938720703125000000000000000000E-01
    0.131290808320045471191406250000000000000000E+00    0.106803067028522491455078125000000000000000E-01
    0.133943051099777221679687500000000000000000E+00    0.488464580848813056945800781250000000000000E-02
    0.136648878455162048339843750000000000000000E+00    0.975797069258987903594970703125000000000000E-03
    0.139409363269805908203125000000000000000000E+00    0.992170680547133088111877441406250000000000E-04
    0.142225623130798339843750000000000000000000E+00    0.201503024436533451080322265625000000000000E-02
    0.145098760724067687988281250000000000000000E+00    0.509760435670614242553710937500000000000000E-02
    0.148029953241348266601562500000000000000000E+00    0.738678546622395515441894531250000000000000E-02
    0.151020348072052001953125000000000000000000E+00    0.755223259329795837402343750000000000000000E-02
    0.154071167111396789550781250000000000000000E+00    0.560341309756040573120117187500000000000000E-02
    0.157183602452278137207031250000000000000000E+00    0.275734416209161281585693359375000000000000E-02
    0.160358920693397521972656250000000000000000E+00    0.592242518905550241470336914062500000000000E-03
    0.163598373532295227050781250000000000000000E+00    0.356089694832917302846908569335937500000000E-04
    0.166903272271156311035156250000000000000000E+00    0.941537902690470218658447265625000000000000E-03
    0.170275032520294189453125000000000000000000E+00    0.227244989946484565734863281250000000000000E-02
    0.173714801669120788574218750000000000000000E+00    0.295766443014144897460937500000000000000000E-02
    0.177224084734916687011718750000000000000000E+00    0.251707946881651878356933593750000000000000E-02
    0.180804237723350524902343750000000000000000E+00    0.133980344980955123901367187500000000000000E-02
    0.184456720948219299316406250000000000000000E+00    0.297806982416659593582153320312500000000000E-03
    0.188182994723320007324218750000000000000000E+00    0.182015228347154334187507629394531250000000E-04
    0.191984534263610839843750000000000000000000E+00    0.454862136393785476684570312500000000000000E-03
    0.195862874388694763183593750000000000000000E+00    0.998611678369343280792236328125000000000000E-03
    0.199819564819335937500000000000000000000000E+00    0.110476522240787744522094726562500000000000E-02
    0.203856185078620910644531250000000000000000E+00    0.706369464751332998275756835937500000000000E-03
    0.207974359393119812011718750000000000000000E+00    0.193833097000606358051300048828125000000000E-03
    0.212175697088241577148437500000000000000000E+00    0.694538414336420828476548194885253906250000E-06
    0.216461926698684692382812500000000000000000E+00    0.168631348060443997383117675781250000000000E-03
    0.220834761857986450195312500000000000000000E+00    0.383014441467821598052978515625000000000000E-03
    0.225295916199684143066406250000000000000000E+00    0.385437626391649246215820312500000000000000E-03
    0.229847192764282226562500000000000000000000E+00    0.192184495972469449043273925781250000000000E-03
    0.234490394592285156250000000000000000000000E+00    0.241460493271006271243095397949218750000000E-04
    0.239227414131164550781250000000000000000000E+00    0.173707940120948478579521179199218750000000E-04
    0.244060128927230834960937500000000000000000E+00    0.115280396130401641130447387695312500000000E-03
    0.248990446329116821289062500000000000000000E+00    0.151095140608958899974822998046875000000000E-03
    0.254020392894744873046875000000000000000000E+00    0.833484082249924540519714355468750000000000E-04
    0.259151935577392578125000000000000000000000E+00    0.104811178971431218087673187255859375000000E-04
    0.264387160539627075195312500000000000000000E+00    0.775450371293118223547935485839843750000000E-05
    0.269728124141693115234375000000000000000000E+00    0.457543937955051660537719726562500000000000E-04
    0.275177001953125000000000000000000000000000E+00    0.492472718178760260343551635742187500000000E-04
    0.280736058950424194335937500000000000000000E+00    0.165714645845582708716392517089843750000000E-04
    0.286407291889190673828125000000000000000000E+00    0.677040068453038657025899738073348999023438E-08
    0.292193114757537841796875000000000000000000E+00    0.115527254820335656404495239257812500000000E-04
    0.298095792531967163085937500000000000000000E+00    0.191744402400217950344085693359375000000000E-04
    0.304117560386657714843750000000000000000000E+00    0.981580433290218934416770935058593750000000E-05
    0.310261309146881103515625000000000000000000E+00    0.297160198670098907314240932464599609375000E-06
    0.316528826951980590820312500000000000000000E+00    0.283171925730130169540643692016601562500000E-05
    0.322923272848129272460937500000000000000000E+00    0.651132813800359144806861877441406250000000E-05
    0.329446613788604736328125000000000000000000E+00    0.299594307762163225561380386352539062500000E-05
    0.336102008819580078125000000000000000000000E+00    0.854542658856871639727614820003509521484375E-08
    0.342891573905944824218750000000000000000000E+00    0.146213085372437490150332450866699218750000E-05
    0.349818587303161621093750000000000000000000E+00    0.215198838304786477237939834594726562500000E-05
    0.356885224580764770507812500000000000000000E+00    0.609285223163169575855135917663574218750000E-06
    0.364094972610473632812500000000000000000000E+00    0.656431780043931212276220321655273437500000E-07
    0.371450334787368774414062500000000000000000E+00    0.661033197957294760271906852722167968750000E-06
    0.378953933715820312500000000000000000000000E+00    0.398238881871293415315449237823486328125000E-06
    0.386609494686126708984375000000000000000000E+00    0.461844812393863435318053234368562698364258E-09
    0.394419312477111816406250000000000000000000E+00    0.199188747274092747829854488372802734375000E-06
    0.402387291193008422851562500000000000000000E+00    0.203586154157164855860173702239990234375000E-06
    0.410515844821929931640625000000000000000000E+00    0.144531115964241507754195481538772583007812E-07
    0.418809026479721069335937500000000000000000E+00    0.349228308493820804869756102561950683593750E-07
    0.427269339561462402343750000000000000000000E+00    0.568866518335653381654992699623107910156250E-07
    0.435900926589965820312500000000000000000000E+00    0.222572760222305987554136663675308227539062E-08
    0.444706469774246215820312500000000000000000E+00    0.171190865927428603754378855228424072265625E-07
    0.453690379858016967773437500000000000000000E+00    0.197431226922617497621104121208190917968750E-07
    0.462855309247970581054687500000000000000000E+00    0.506255537491284712814376689493656158447266E-09
    0.472205787897109985351562500000000000000000E+00    0.442836389780154604522977024316787719726562E-08
    0.481744766235351562500000000000000000000000E+00    0.278739142878237089462345466017723083496094E-08
    0.491476893424987792968750000000000000000000E+00    0.509133180059961887309327721595764160156250E-09
    0.501405119895935058593750000000000000000000E+00    0.302191782708405298762954771518707275390625E-08
    0.511534392833709716796875000000000000000000E+00    0.655438703311972403753316029906272888183594E-09
    0.521867811679840087890625000000000000000000E+00    0.109874762066475284427724545821547508239746E-09
    0.532410502433776855468750000000000000000000E+00    0.902900948451801355076895561069250106811523E-10
    0.543165624141693115234375000000000000000000E+00    0.186741677676849349154508672654628753662109E-09
    0.554138541221618652343750000000000000000000E+00    0.535934574497076710031251423060894012451172E-09
    0.565332591533660888671875000000000000000000E+00    0.130878113901999881818483117967844009399414E-09
    0.576753377914428710937500000000000000000000E+00    0.464021876478426520407083444297313690185547E-11
    0.588404297828674316406250000000000000000000E+00    0.269527438562233712104898586403578519821167E-10
    0.600291073322296142578125000000000000000000E+00    0.117848064640213578968541696667671203613281E-09
    0.612418055534362792968750000000000000000000E+00    0.911122080560211600186448777094483375549316E-10
    0.624789416790008544921875000000000000000000E+00    0.346571799036965444429370108991861343383789E-10
    0.637411296367645263671875000000000000000000E+00    0.310395598113188952993368729948997497558594E-10
    0.650287508964538574218750000000000000000000E+00    0.429379552746578241340102977119386196136475E-10
    0.663424491882324218750000000000000000000000E+00    0.329139562826874509937624679878354072570801E-10
    0.676826238632202148437500000000000000000000E+00    0.211870902766531088445844943635165691375732E-10
    0.690499365329742431640625000000000000000000E+00    0.234763927048353693294302502181380987167358E-10
    0.704448044300079345703125000000000000000000E+00    0.281414544445190983879001578316092491149902E-10
    0.718679130077362060546875000000000000000000E+00    0.231918685644760813602260896004736423492432E-10
    0.733197033405303955078125000000000000000000E+00    0.191702660690129533804793027229607105255127E-10
    0.748008966445922851562500000000000000000000E+00    0.224182807734285560741227527614682912826538E-10
    0.763119339942932128906250000000000000000000E+00    0.270973504051807978498800366651266813278198E-10
    0.778535783290863037109375000000000000000000E+00    0.276323026959790496448476915247738361358643E-10
    0.794262826442718505859375000000000000000000E+00    0.258333684305389610358361096587032079696655E-10
    0.810308396816253662109375000000000000000000E+00    0.237090954507968021403030434157699346542358E-10
    0.826677322387695312500000000000000000000000E+00    0.219462746586795987013829289935529232025146E-10
    0.843377590179443359375000000000000000000000E+00    0.206010070114004406605090480297803878784180E-10
    0.860414624214172363281250000000000000000000E+00    0.179683230100424751185528293717652559280396E-10
    0.877796530723571777343750000000000000000000E+00    0.135474513551780972875349107198417186737061E-10
    0.895528674125671386718750000000000000000000E+00    0.114662324773862067672780540306121110916138E-10
    0.913619995117187500000000000000000000000000E+00    0.103693321290565521053395059425383806228638E-10
    0.932075977325439453125000000000000000000000E+00    0.731774103118754126739986531902104616165161E-11
    0.950905561447143554687500000000000000000000E+00    0.745866389484373115692505962215363979339600E-11
    0.970114648342132568359375000000000000000000E+00    0.686694060988979337878390651894733309745789E-11
    0.989712655544281005859375000000000000000000E+00    0.695221094235143333150972466683015227317810E-11
    0.100970673561096191406250000000000000000000E+01    0.763878630488656895636268018279224634170532E-11
    0.103010356426239013671875000000000000000000E+01    0.864046161008769075806412729434669017791748E-11
    0.105091357231140136718750000000000000000000E+01    0.893040068977724033061349473427981138229370E-11
    0.107214283943176269531250000000000000000000E+01    0.100443828601748386120107170427218079566956E-10
    0.109380209445953369140625000000000000000000E+01    0.889508345452982851497836236376315355300903E-11
    0.111589777469635009765625000000000000000000E+01    0.798966968973413571575292735360562801361084E-11
    0.113844096660614013671875000000000000000000E+01    0.687876882191074123795715422602370381355286E-11
    0.116143846511840820312500000000000000000000E+01    0.481449038622350222738077718531712889671326E-11
    0.118490147590637207031250000000000000000000E+01    0.338902994209688834814642177661880850791931E-11
    0.120883750915527343750000000000000000000000E+01    0.283912585281875795573114373837597668170929E-11
    0.123325824737548828125000000000000000000000E+01    0.262237193765502141218348697293549776077271E-11
    0.125817120075225830078125000000000000000000E+01    0.270665130933100961385662230895832180976868E-11
    0.128358840942382812500000000000000000000000E+01    0.308207604403365476031240177690051496028900E-11
    0.130951797962188720703125000000000000000000E+01    0.353966682353767936319854925386607646942139E-11
    0.133597266674041748046875000000000000000000E+01    0.391046917069814981005038134753704071044922E-11
    0.136296045780181884765625000000000000000000E+01    0.399069319256817323093855520710349082946777E-11
    0.139049470424652099609375000000000000000000E+01    0.378494067684864710088277206523343920707703E-11
    0.141858386993408203125000000000000000000000E+01    0.314154691843926414662746537942439317703247E-11
    0.144724178314208984375000000000000000000000E+01    0.250414446123503608987448387779295444488525E-11
    0.147647726535797119140625000000000000000000E+01    0.193565432779485568914878967916592955589294E-11
