    0.999999974737875163555145263671875000000000E-04    0.444140380859375000000000000000000000000000E+03
    0.102020130725577473640441894531250000000000E-03    0.452795440673828125000000000000000000000000E+03
    0.104081082099582999944686889648437500000000E-03    0.461619079589843750000000000000000000000000E+03
    0.106183659227099269628524780273437500000000E-03    0.470614471435546875000000000000000000000000E+03
    0.108328706119209527969360351562500000000000E-03    0.479784942626953125000000000000000000000000E+03
    0.110517095890827476978302001953125000000000E-03    0.489133850097656250000000000000000000000000E+03
    0.112749679828993976116180419921875000000000E-03    0.498664703369140625000000000000000000000000E+03
    0.115027374704368412494659423828125000000000E-03    0.508381072998046875000000000000000000000000E+03
    0.117351090011652559041976928710937500000000E-03    0.518286437988281250000000000000000000000000E+03
    0.119721727969590574502944946289062500000000E-03    0.528384521484375000000000000000000000000000E+03
    0.122140278108417987823486328125000000000000E-03    0.538679016113281250000000000000000000000000E+03
    0.124607671750709414482116699218750000000000E-03    0.549173828125000000000000000000000000000000E+03
    0.127124920254573225975036621093750000000000E-03    0.559872680664062500000000000000000000000000E+03
    0.129692998598329722881317138671875000000000E-03    0.570779724121093750000000000000000000000000E+03
    0.132312969071790575981140136718750000000000E-03    0.581898803710937500000000000000000000000000E+03
    0.134985879412852227687835693359375000000000E-03    0.593234069824218750000000000000000000000000E+03
    0.137712777359411120414733886718750000000000E-03    0.604789733886718750000000000000000000000000E+03
    0.140494754305109381675720214843750000000000E-03    0.616570068359375000000000000000000000000000E+03
    0.143332930747419595718383789062500000000000E-03    0.628579284667968750000000000000000000000000E+03
    0.146228456287644803524017333984375000000000E-03    0.640822021484375000000000000000000000000000E+03
    0.149182465975172817707061767578125000000000E-03    0.653302612304687500000000000000000000000000E+03
    0.152196153067052364349365234375000000000000E-03    0.666025695800781250000000000000000000000000E+03
    0.155270710820332169532775878906250000000000E-03    0.678995971679687500000000000000000000000000E+03
    0.158407390699721872806549072265625000000000E-03    0.692218139648437500000000000000000000000000E+03
    0.161607444169931113719940185546875000000000E-03    0.705697204589843750000000000000000000000000E+03
    0.164872122695669531822204589843750000000000E-03    0.719437927246093750000000000000000000000000E+03
    0.168202750501222908496856689453125000000000E-03    0.733445556640625000000000000000000000000000E+03
    0.171600666362792253494262695312500000000000E-03    0.747724853515625000000000000000000000000000E+03
    0.175067238160409033298492431640625000000000E-03    0.762281555175781250000000000000000000000000E+03
    0.178603833774104714393615722656250000000000E-03    0.777120605468750000000000000000000000000000E+03
    0.182211864739656448364257812500000000000000E-03    0.792247558593750000000000000000000000000000E+03
    0.185892800800502300262451171875000000000000E-03    0.807667968750000000000000000000000000000000E+03
    0.189648068044334650039672851562500000000000E-03    0.823387512207031250000000000000000000000000E+03
    0.193479223526082932949066162109375000000000E-03    0.839411682128906250000000000000000000000000E+03
    0.197387780644930899143218994140625000000000E-03    0.855746643066406250000000000000000000000000E+03
    0.201375267351977527141571044921875000000000E-03    0.872398132324218750000000000000000000000000E+03
    0.205443298909813165664672851562500000000000E-03    0.889372192382812500000000000000000000000000E+03
    0.209593548788689076900482177734375000000000E-03    0.906675231933593750000000000000000000000000E+03
    0.213827603147365152835845947265625000000000E-03    0.924313232421875000000000000000000000000000E+03
    0.218147222767584025859832763671875000000000E-03    0.942292663574218750000000000000000000000000E+03
    0.222554081119596958160400390625000000000000E-03    0.960620239257812500000000000000000000000000E+03
    0.227049968088977038860321044921875000000000E-03    0.979302368164062500000000000000000000000000E+03
    0.231636688113212585449218750000000000000000E-03    0.998346008300781250000000000000000000000000E+03
    0.236316060181707143783569335937500000000000E-03    0.101775793457031250000000000000000000000000E+04
    0.241089961491525173187255859375000000000000E-03    0.103754504394531250000000000000000000000000E+04
    0.245960312895476818084716796875000000000000E-03    0.105771472167968750000000000000000000000000E+04
    0.250929006142541766166687011718750000000000E-03    0.107827380371093750000000000000000000000000E+04
    0.255998136708512902259826660156250000000000E-03    0.109923022460937500000000000000000000000000E+04
    0.261169654550030827522277832031250000000000E-03    0.112059094238281250000000000000000000000000E+04
    0.266445596935227513313293457031250000000000E-03    0.114236401367187500000000000000000000000000E+04
    0.271828175755217671394348144531250000000000E-03    0.116455700683593750000000000000000000000000E+04
    0.277319486485794186592102050781250000000000E-03    0.118717810058593750000000000000000000000000E+04
    0.282921682810410857200622558593750000000000E-03    0.121023522949218750000000000000000000000000E+04
    0.288637093035504221916198730468750000000000E-03    0.123373645019531250000000000000000000000000E+04
    0.294467929052188992500305175781250000000000E-03    0.125769006347656250000000000000000000000000E+04
    0.300416606478393077850341796875000000000000E-03    0.128210498046875000000000000000000000000000E+04
    0.306485395412892103195190429687500000000000E-03    0.130698950195312500000000000000000000000000E+04
    0.312676827888935804367065429687500000000000E-03    0.133235241699218750000000000000000000000000E+04
    0.318993290420621633529663085937500000000000E-03    0.135820300292968750000000000000000000000000E+04
    0.325437402352690696716308593750000000000000E-03    0.138454968261718750000000000000000000000000E+04
    0.332011666614562273025512695312500000000000E-03    0.141140246582031250000000000000000000000000E+04
    0.338718760758638381958007812500000000000000E-03    0.143877050781250000000000000000000000000000E+04
    0.345561362337321043014526367187500000000000E-03    0.146666296386718750000000000000000000000000E+04
    0.352542119799181818962097167968750000000000E-03    0.149508996582031250000000000000000000000000E+04
    0.359663943527266383171081542968750000000000E-03    0.152406140136718750000000000000000000000000E+04
    0.366929627489298582077026367187500000000000E-03    0.155358715820312500000000000000000000000000E+04
    0.374342111172154545783996582031250000000000E-03    0.158367749023437500000000000000000000000000E+04
    0.381904304958879947662353515625000000000000E-03    0.161434326171875000000000000000000000000000E+04
    0.389619322959333658218383789062500000000000E-03    0.164559411621093750000000000000000000000000E+04
    0.397490162868052721023559570312500000000000E-03    0.167744128417968750000000000000000000000000E+04
    0.405519997002556920051574707031250000000000E-03    0.170989575195312500000000000000000000000000E+04
    0.413712026784196496009826660156250000000000E-03    0.174296838378906250000000000000000000000000E+04
    0.422069540945813059806823730468750000000000E-03    0.177667041015625000000000000000000000000000E+04
    0.430595915531739592552185058593750000000000E-03    0.181101330566406250000000000000000000000000E+04
    0.439294555690139532089233398437500000000000E-03    0.184600903320312500000000000000000000000000E+04
    0.448168895673006772994995117187500000000000E-03    0.188166857910156250000000000000000000000000E+04
    0.457222486147657036781311035156250000000000E-03    0.191800439453125000000000000000000000000000E+04
    0.466458965092897415161132812500000000000000E-03    0.195502905273437500000000000000000000000000E+04
    0.475882086902856826782226562500000000000000E-03    0.199275390625000000000000000000000000000000E+04
    0.485495518660172820091247558593750000000000E-03    0.203119201660156250000000000000000000000000E+04
    0.495303189381957054138183593750000000000000E-03    0.207035620117187500000000000000000000000000E+04
    0.505309028085321187973022460937500000000000E-03    0.211025903320312500000000000000000000000000E+04
    0.515516963787376880645751953125000000000000E-03    0.215091381835937500000000000000000000000000E+04
    0.525931071024388074874877929687500000000000E-03    0.219233374023437500000000000000000000000000E+04
    0.536555540747940540313720703125000000000000E-03    0.223453173828125000000000000000000000000000E+04
    0.547394680324941873550415039062500000000000E-03    0.227752246093750000000000000000000000000000E+04
    0.558452797122299671173095703125000000000000E-03    0.232131860351562500000000000000000000000000E+04
    0.569734314922243356704711914062500000000000E-03    0.236593530273437500000000000000000000000000E+04
    0.581243715714663267135620117187500000000000E-03    0.241138574218750000000000000000000000000000E+04
    0.592985597904771566390991210937500000000000E-03    0.245768505859375000000000000000000000000000E+04
    0.604964734520763158798217773437500000000000E-03    0.250484765625000000000000000000000000000000E+04
    0.617185782175511121749877929687500000000000E-03    0.255288769531250000000000000000000000000000E+04
    0.629653746727854013442993164062500000000000E-03    0.260182080078125000000000000000000000000000E+04
    0.642373692244291305541992187500000000000000E-03    0.265166210937500000000000000000000000000000E+04
    0.655350449960678815841674804687500000000000E-03    0.270242675781250000000000000000000000000000E+04
    0.668589433189481496810913085937500000000000E-03    0.275413012695312500000000000000000000000000E+04
    0.682095822412520647048950195312500000000000E-03    0.280678833007812500000000000000000000000000E+04
    0.695875030942261219024658203125000000000000E-03    0.286041723632812500000000000000000000000000E+04
    0.709932646714150905609130859375000000000000E-03    0.291503247070312500000000000000000000000000E+04
    0.724274199455976486206054687500000000000000E-03    0.297065063476562500000000000000000000000000E+04
    0.738905626349151134490966796875000000000000E-03    0.302728808593750000000000000000000000000000E+04
    0.753832457121461629867553710937500000000000E-03    0.308496118164062500000000000000000000000000E+04
    0.769060861784964799880981445312500000000000E-03    0.314368701171875000000000000000000000000000E+04
    0.784596893936395645141601562500000000000000E-03    0.320348315429687500000000000000000000000000E+04
    0.800446781795471906661987304687500000000000E-03    0.326436572265625000000000000000000000000000E+04
    0.816616869997233152389526367187500000000000E-03    0.332635180664062500000000000000000000000000E+04
    0.833113677799701690673828125000000000000000E-03    0.338945971679687500000000000000000000000000E+04
    0.849943608045578002929687500000000000000000E-03    0.345370654296875000000000000000000000000000E+04
    0.867113587446510791778564453125000000000000E-03    0.351911035156250000000000000000000000000000E+04
    0.884630659129470586776733398437500000000000E-03    0.358568896484375000000000000000000000000000E+04
    0.902501342352479696273803710937500000000000E-03    0.365346044921875000000000000000000000000000E+04
    0.920733029488474130630493164062500000000000E-03    0.372244189453125000000000000000000000000000E+04
    0.939333112910389900207519531250000000000000E-03    0.379265307617187500000000000000000000000000E+04
    0.958308868575841188430786132812500000000000E-03    0.386411206054687500000000000000000000000000E+04
    0.977667979896068572998046875000000000000000E-03    0.393683593750000000000000000000000000000000E+04
    0.997418188489973545074462890625000000000000E-03    0.401084497070312500000000000000000000000000E+04
    0.101756735239177942276000976562500000000000E-02    0.408615649414062500000000000000000000000000E+04
    0.103812362067401409149169921875000000000000E-02    0.416279003906250000000000000000000000000000E+04
    0.105909502599388360977172851562500000000000E-02    0.424076416015625000000000000000000000000000E+04
    0.108049006666988134384155273437500000000000E-02    0.432009667968750000000000000000000000000000E+04
    0.110231747385114431381225585937500000000000E-02    0.440080859375000000000000000000000000000000E+04
    0.112458574585616588592529296875000000000000E-02    0.448291699218750000000000000000000000000000E+04
    0.114730407949537038803100585937500000000000E-02    0.456644189453125000000000000000000000000000E+04
    0.117048120591789484024047851562500000000000E-02    0.465140087890625000000000000000000000000000E+04
    0.119412643834948539733886718750000000000000E-02    0.473781494140625000000000000000000000000000E+04
    0.121824943926185369491577148437500000000000E-02    0.482570068359375000000000000000000000000000E+04
    0.124285963829606771469116210937500000000000E-02    0.491507763671875000000000000000000000000000E+04
    0.126796704716980457305908203125000000000000E-02    0.500596484375000000000000000000000000000000E+04
    0.129358167760074138641357421875000000000000E-02    0.509838183593750000000000000000000000000000E+04
    0.131971365772187709808349609375000000000000E-02    0.519234716796875000000000000000000000000000E+04
    0.134637358132749795913696289062500000000000E-02    0.528787792968750000000000000000000000000000E+04
    0.137357215862721204757690429687500000000000E-02    0.538499462890625000000000000000000000000000E+04
    0.140132009983062744140625000000000000000000E-02    0.548371435546875000000000000000000000000000E+04
    0.142962858080863952636718750000000000000000E-02    0.558405566406250000000000000000000000000000E+04
    0.145850901026278734207153320312500000000000E-02    0.568603613281250000000000000000000000000000E+04
    0.148797314614057540893554687500000000000000E-02    0.578967480468750000000000000000000000000000E+04
    0.151803228072822093963623046875000000000000E-02    0.589498681640625000000000000000000000000000E+04
    0.154869852121919393539428710937500000000000E-02    0.600199072265625000000000000000000000000000E+04
    0.157998420763760805130004882812500000000000E-02    0.611070507812500000000000000000000000000000E+04
    0.161190202925354242324829101562500000000000E-02    0.622114697265625000000000000000000000000000E+04
    0.164446467533707618713378906250000000000000E-02    0.633333056640625000000000000000000000000000E+04
    0.167768495157361030578613281250000000000000E-02    0.644727343750000000000000000000000000000000E+04
    0.171157636214047670364379882812500000000000E-02    0.656298925781250000000000000000000000000000E+04
    0.174615241121500730514526367187500000000000E-02    0.668049560546875000000000000000000000000000E+04
    0.178142718505114316940307617187500000000000E-02    0.679980615234375000000000000000000000000000E+04
    0.181741418782621622085571289062500000000000E-02    0.692093652343750000000000000000000000000000E+04
    0.185412843711674213409423828125000000000000E-02    0.704389990234375000000000000000000000000000E+04
    0.189158413559198379516601562500000000000000E-02    0.716870898437500000000000000000000000000000E+04
    0.192979711573570966720581054687500000000000E-02    0.729537841796875000000000000000000000000000E+04
    0.196878169663250446319580078125000000000000E-02    0.742391894531250000000000000000000000000000E+04
    0.200855359435081481933593750000000000000000E-02    0.755434472656250000000000000000000000000000E+04
    0.204912899062037467956542968750000000000000E-02    0.768666357421875000000000000000000000000000E+04
    0.209052418358623981475830078125000000000000E-02    0.782088867187500000000000000000000000000000E+04
    0.213275570422410964965820312500000000000000E-02    0.795703027343750000000000000000000000000000E+04
    0.217583985067903995513916015625000000000000E-02    0.809509423828125000000000000000000000000000E+04
    0.221979478374123573303222656250000000000000E-02    0.823509179687500000000000000000000000000000E+04
    0.226463773287832736968994140625000000000000E-02    0.837703027343750000000000000000000000000000E+04
    0.231038639321923255920410156250000000000000E-02    0.852091503906250000000000000000000000000000E+04
    0.235705915838479995727539062500000000000000E-02    0.866675195312500000000000000000000000000000E+04
    0.240467488765716552734375000000000000000000E-02    0.881454589843750000000000000000000000000000E+04
    0.245325244031846523284912109375000000000000E-02    0.896430175781250000000000000000000000000000E+04
    0.250281183980405330657958984375000000000000E-02    0.911601953125000000000000000000000000000000E+04
    0.255337217822670936584472656250000000000000E-02    0.926970410156250000000000000000000000000000E+04
    0.260495371185243129730224609375000000000000E-02    0.942535449218750000000000000000000000000000E+04
    0.265757716260850429534912109375000000000000E-02    0.958296972656250000000000000000000000000000E+04
    0.271126371808350086212158203125000000000000E-02    0.974254687500000000000000000000000000000000E+04
    0.276603479869663715362548828125000000000000E-02    0.990408496093750000000000000000000000000000E+04
    0.282191229052841663360595703125000000000000E-02    0.100675761718750000000000000000000000000000E+05
    0.287891877815127372741699218750000000000000E-02    0.102330185546875000000000000000000000000000E+05
    0.293707661330699920654296875000000000000000E-02    0.104004033203125000000000000000000000000000E+05
    0.299640954472124576568603515625000000000000E-02    0.105697167968750000000000000000000000000000E+05
    0.305694085545837879180908203125000000000000E-02    0.107409550781250000000000000000000000000000E+05
    0.311869522556662559509277343750000000000000E-02    0.109141025390625000000000000000000000000000E+05
    0.318169780075550079345703125000000000000000E-02    0.110891435546875000000000000000000000000000E+05
    0.324597232975065708160400390625000000000000E-02    0.112660673828125000000000000000000000000000E+05
    0.331154512241482734680175781250000000000000E-02    0.114448496093750000000000000000000000000000E+05
    0.337844272144138813018798828125000000000000E-02    0.116254765625000000000000000000000000000000E+05
    0.344669190235435962677001953125000000000000E-02    0.118079228515625000000000000000000000000000E+05
    0.351631967350840568542480468750000000000000E-02    0.119921679687500000000000000000000000000000E+05
    0.358735374175012111663818359375000000000000E-02    0.121781845703125000000000000000000000000000E+05
    0.365982321090996265411376953125000000000000E-02    0.123659472656250000000000000000000000000000E+05
    0.373375625349581241607666015625000000000000E-02    0.125554238281250000000000000000000000000000E+05
    0.380918313749134540557861328125000000000000E-02    0.127465810546875000000000000000000000000000E+05
    0.388613343238830566406250000000000000000000E-02    0.129393867187500000000000000000000000000000E+05
    0.396463880315423011779785156250000000000000E-02    0.131338017578125000000000000000000000000000E+05
    0.404472928494215011596679687500000000000000E-02    0.133297919921875000000000000000000000000000E+05
    0.412643933668732643127441406250000000000000E-02    0.135272910156250000000000000000000000000000E+05
    0.420979922637343406677246093750000000000000E-02    0.137262949218750000000000000000000000000000E+05
    0.429484248161315917968750000000000000000000E-02    0.139267353515625000000000000000000000000000E+05
    0.438160402700304985046386718750000000000000E-02    0.141285625000000000000000000000000000000000E+05
    0.447011832147836685180664062500000000000000E-02    0.143317285156250000000000000000000000000000E+05
    0.456042028963565826416015625000000000000000E-02    0.145361757812500000000000000000000000000000E+05
    0.465254718437790870666503906250000000000000E-02    0.147418457031250000000000000000000000000000E+05
    0.474653439596295356750488281250000000000000E-02    0.149486757812500000000000000000000000000000E+05
    0.484242103993892669677734375000000000000000E-02    0.151565996093750000000000000000000000000000E+05
    0.494024436920881271362304687500000000000000E-02    0.153655507812500000000000000000000000000000E+05
    0.504004349932074546813964843750000000000000E-02    0.155754560546875000000000000000000000000000E+05
    0.514185894280672073364257812500000000000000E-02    0.157862441406250000000000000000000000000000E+05
    0.524573167786002159118652343750000000000000E-02    0.159978310546875000000000000000000000000000E+05
    0.535170361399650573730468750000000000000000E-02    0.162101328125000000000000000000000000000000E+05
    0.545981479808688163757324218750000000000000E-02    0.164230703125000000000000000000000000000000E+05
    0.557011039927601814270019531250000000000000E-02    0.166365429687500000000000000000000000000000E+05
    0.568263372406363487243652343750000000000000E-02    0.168504667968750000000000000000000000000000E+05
    0.579743087291717529296875000000000000000000E-02    0.170644062500000000000000000000000000000000E+05
    0.591454654932022094726562500000000000000000E-02    0.172787968750000000000000000000000000000000E+05
    0.603402825072407722473144531250000000000000E-02    0.174933105468750000000000000000000000000000E+05
    0.615592347458004951477050781250000000000000E-02    0.177078320312500000000000000000000000000000E+05
    0.628028111532330513000488281250000000000000E-02    0.179222519531250000000000000000000000000000E+05
    0.640715099871158599853515625000000000000000E-02    0.181364453125000000000000000000000000000000E+05
    0.653658434748649597167968750000000000000000E-02    0.183502949218750000000000000000000000000000E+05
    0.666863145306706428527832031250000000000000E-02    0.185636718750000000000000000000000000000000E+05
    0.680334679782390594482421875000000000000000E-02    0.187764433593750000000000000000000000000000E+05
    0.694078346714377403259277343750000000000000E-02    0.189884765625000000000000000000000000000000E+05
    0.708099640905857086181640625000000000000000E-02    0.191996328125000000000000000000000000000000E+05
    0.722404150292277336120605468750000000000000E-02    0.194097773437500000000000000000000000000000E+05
    0.736997742205858230590820312500000000000000E-02    0.196188554687500000000000000000000000000000E+05
    0.751886051148176193237304687500000000000000E-02    0.198265332031250000000000000000000000000000E+05
    0.767075084149837493896484375000000000000000E-02    0.200327402343750000000000000000000000000000E+05
    0.782571360468864440917968750000000000000000E-02    0.202373183593750000000000000000000000000000E+05
    0.798380374908447265625000000000000000000000E-02    0.204401074218750000000000000000000000000000E+05
    0.814508739858865737915039062500000000000000E-02    0.206409296875000000000000000000000000000000E+05
    0.830962881445884704589843750000000000000000E-02    0.208396074218750000000000000000000000000000E+05
    0.847749505192041397094726562500000000000000E-02    0.210359589843750000000000000000000000000000E+05
    0.864875130355358123779296875000000000000000E-02    0.212297910156250000000000000000000000000000E+05
    0.882346741855144500732421875000000000000000E-02    0.214209062500000000000000000000000000000000E+05
    0.900171231478452682495117187500000000000000E-02    0.216090136718750000000000000000000000000000E+05
    0.918355956673622131347656250000000000000000E-02    0.217940800781250000000000000000000000000000E+05
    0.936907902359962463378906250000000000000000E-02    0.219758085937500000000000000000000000000000E+05
    0.955834705382585525512695312500000000000000E-02    0.221539863281250000000000000000000000000000E+05
    0.975143909454345703125000000000000000000000E-02    0.223283925781250000000000000000000000000000E+05
    0.994843058288097381591796875000000000000000E-02    0.224987988281250000000000000000000000000000E+05
    0.101494016125798225402832031250000000000000E-01    0.226649785156250000000000000000000000000000E+05
    0.103544332087039947509765625000000000000000E-01    0.228267050781250000000000000000000000000000E+05
    0.105636063963174819946289062500000000000000E-01    0.229837382812500000000000000000000000000000E+05
    0.107770059257745742797851562500000000000000E-01    0.231358906250000000000000000000000000000000E+05
    0.109947146847844123840332031250000000000000E-01    0.232828203125000000000000000000000000000000E+05
    0.112168220803141593933105468750000000000000E-01    0.234243281250000000000000000000000000000000E+05
    0.114434175193309783935546875000000000000000E-01    0.235601093750000000000000000000000000000000E+05
    0.116745894774794578552246093750000000000000E-01    0.236900097656250000000000000000000000000000E+05
    0.119104310870170593261718750000000000000000E-01    0.238137207031250000000000000000000000000000E+05
    0.121510382741689682006835937500000000000000E-01    0.239309843750000000000000000000000000000000E+05
    0.123965051025152206420898437500000000000000E-01    0.240415136718750000000000000000000000000000E+05
    0.126469302922487258911132812500000000000000E-01    0.241450820312500000000000000000000000000000E+05
    0.129024153575301170349121093750000000000000E-01    0.242414023437500000000000000000000000000000E+05
    0.131630674004554748535156250000000000000000E-01    0.243301992187500000000000000000000000000000E+05
    0.134289795532822608947753906250000000000000E-01    0.244111953125000000000000000000000000000000E+05
    0.137002617120742797851562500000000000000000E-01    0.244841171875000000000000000000000000000000E+05
    0.139770256355404853820800781250000000000000E-01    0.245486953125000000000000000000000000000000E+05
    0.142593793570995330810546875000000000000000E-01    0.246046484375000000000000000000000000000000E+05
    0.145474374294281005859375000000000000000000E-01    0.246518398437500000000000000000000000000000E+05
    0.148413162678480148315429687500000000000000E-01    0.246899824218750000000000000000000000000000E+05
    0.151411294937133789062500000000000000000000E-01    0.247189707031250000000000000000000000000000E+05
    0.154470009729266166687011718750000000000000E-01    0.247382441406250000000000000000000000000000E+05
    0.157590489834547042846679687500000000000000E-01    0.247476445312500000000000000000000000000000E+05
    0.160774048417806625366210937500000000000000E-01    0.247469726562500000000000000000000000000000E+05
    0.164021886885166168212890625000000000000000E-01    0.247360371093750000000000000000000000000000E+05
    0.167335346341133117675781250000000000000000E-01    0.247114765625000000000000000000000000000000E+05
    0.170715730637311935424804687500000000000000E-01    0.246782421875000000000000000000000000000000E+05
    0.174164418131113052368164062500000000000000E-01    0.246345527343750000000000000000000000000000E+05
    0.177682787179946899414062500000000000000000E-01    0.245798320312500000000000000000000000000000E+05
    0.181272197514772415161132812500000000000000E-01    0.245138125000000000000000000000000000000000E+05
    0.184934139251708984375000000000000000000000E-01    0.244361757812500000000000000000000000000000E+05
    0.188670046627521514892578125000000000000000E-01    0.243468886718750000000000000000000000000000E+05
    0.192481447011232376098632812500000000000000E-01    0.242458906250000000000000000000000000000000E+05
    0.196369830518960952758789062500000000000000E-01    0.241330683593750000000000000000000000000000E+05
    0.200336743146181106567382812500000000000000E-01    0.240083261718750000000000000000000000000000E+05
    0.204383805394172668457031250000000000000000E-01    0.238715507812500000000000000000000000000000E+05
    0.208512637764215469360351562500000000000000E-01    0.237228398437500000000000000000000000000000E+05
    0.212724860757589340209960937500000000000000E-01    0.235621386718750000000000000000000000000000E+05
    0.217022281140089035034179687500000000000000E-01    0.233894902343750000000000000000000000000000E+05
    0.221406426280736923217773437500000000000000E-01    0.232049589843750000000000000000000000000000E+05
    0.225879121571779251098632812500000000000000E-01    0.230086777343750000000000000000000000000000E+05
    0.230442192405462265014648437500000000000000E-01    0.228010898437500000000000000000000000000000E+05
    0.235097426921129226684570312500000000000000E-01    0.225694140625000000000000000000000000000000E+05
    0.239846706390380859375000000000000000000000E-01    0.223352558593750000000000000000000000000000E+05
    0.244691912084817886352539062500000000000000E-01    0.220911640625000000000000000000000000000000E+05
    0.249635018408298492431640625000000000000000E-01    0.218378496093750000000000000000000000000000E+05
    0.254677981138229370117187500000000000000000E-01    0.215750937500000000000000000000000000000000E+05
    0.259822811931371688842773437500000000000000E-01    0.213026425781250000000000000000000000000000E+05
    0.265071578323841094970703125000000000000000E-01    0.210203769531250000000000000000000000000000E+05
    0.270426385104656219482421875000000000000000E-01    0.207287285156250000000000000000000000000000E+05
    0.275889337062835693359375000000000000000000E-01    0.204283828125000000000000000000000000000000E+05
    0.281462669372558593750000000000000000000000E-01    0.201200722656250000000000000000000000000000E+05
    0.287148579955101013183593750000000000000000E-01    0.198044355468750000000000000000000000000000E+05
    0.292949359863996505737304687500000000000000E-01    0.194821484375000000000000000000000000000000E+05
    0.298867337405681610107421875000000000000000E-01    0.191538437500000000000000000000000000000000E+05
    0.304904840886592864990234375000000000000000E-01    0.188202226562500000000000000000000000000000E+05
    0.311064328998327255249023437500000000000000E-01    0.184820351562500000000000000000000000000000E+05
    0.317348241806030273437500000000000000000000E-01    0.181400859375000000000000000000000000000000E+05
    0.323759093880653381347656250000000000000000E-01    0.177952285156250000000000000000000000000000E+05
    0.330299474298954010009765625000000000000000E-01    0.174490253906250000000000000000000000000000E+05
    0.336971953511238098144531250000000000000000E-01    0.171012382812500000000000000000000000000000E+05
    0.343779213726520538330078125000000000000000E-01    0.167470566406250000000000000000000000000000E+05
    0.350724011659622192382812500000000000000000E-01    0.165948164062500000000000000000000000000000E+05
    0.357809104025363922119140625000000000000000E-01    0.162514951171875000000000000000000000000000E+05
    0.365037508308887481689453125000000000000000E-01    0.159125312500000000000000000000000000000000E+05
    0.372411720454692840576171875000000000000000E-01    0.155762792968750000000000000000000000000000E+05
    0.379934944212436676025390625000000000000000E-01    0.152407167968750000000000000000000000000000E+05
    0.387610122561454772949218750000000000000000E-01    0.149095751953125000000000000000000000000000E+05
    0.395440347492694854736328125000000000000000E-01    0.145842851562500000000000000000000000000000E+05
    0.403428785502910614013671875000000000000000E-01    0.142439345703125000000000000000000000000000E+05
    0.411578565835952758789062500000000000000000E-01    0.139268593750000000000000000000000000000000E+05
    0.419893004000186920166015625000000000000000E-01    0.136212187500000000000000000000000000000000E+05
    0.428375415503978729248046875000000000000000E-01    0.133253515625000000000000000000000000000000E+05
    0.437029153108596801757812500000000000000000E-01    0.130366845703125000000000000000000000000000E+05
    0.445857718586921691894531250000000000000000E-01    0.126543486328125000000000000000000000000000E+05
    0.454864650964736938476562500000000000000000E-01    0.123787988281250000000000000000000000000000E+05
    0.464053489267826080322265625000000000000000E-01    0.121176728515625000000000000000000000000000E+05
    0.473427996039390563964843750000000000000000E-01    0.118664072265625000000000000000000000000000E+05
    0.482991859316825866699218750000000000000000E-01    0.116171630859375000000000000000000000000000E+05
    0.492748916149139404296875000000000000000000E-01    0.113804375000000000000000000000000000000000E+05
    0.502703115344047546386718750000000000000000E-01    0.111741083984375000000000000000000000000000E+05
    0.512858368456363677978515625000000000000000E-01    0.109567539062500000000000000000000000000000E+05
    0.523218810558319091796875000000000000000000E-01    0.107383691406250000000000000000000000000000E+05
    0.533788502216339111328125000000000000000000E-01    0.105332236328125000000000000000000000000000E+05
    0.544571764767169952392578125000000000000000E-01    0.103918593750000000000000000000000000000000E+05
    0.555572807788848876953125000000000000000000E-01    0.101950585937500000000000000000000000000000E+05
    0.566796138882637023925781250000000000000000E-01    0.100059296875000000000000000000000000000000E+05
    0.578246153891086578369140625000000000000000E-01    0.981509667968750000000000000000000000000000E+04
    0.589927472174167633056640625000000000000000E-01    0.961008300781250000000000000000000000000000E+04
    0.601844787597656250000000000000000000000000E-01    0.941593066406250000000000000000000000000000E+04
    0.614003166556358337402343750000000000000000E-01    0.922388183593750000000000000000000000000000E+04
    0.626406818628311157226562500000000000000000E-01    0.904425976562500000000000000000000000000000E+04
    0.639061108231544494628906250000000000000000E-01    0.881495605468750000000000000000000000000000E+04
    0.651970952749252319335937500000000000000000E-01    0.856278027343750000000000000000000000000000E+04
    0.665141642093658447265625000000000000000000E-01    0.834876660156250000000000000000000000000000E+04
    0.678578317165374755859375000000000000000000E-01    0.812908593750000000000000000000000000000000E+04
    0.692286565899848937988281250000000000000000E-01    0.789968701171875000000000000000000000000000E+04
    0.706271678209304809570312500000000000000000E-01    0.765356298828125000000000000000000000000000E+04
    0.720539242029190063476562500000000000000000E-01    0.739093554687500000000000000000000000000000E+04
    0.735095068812370300292968750000000000000000E-01    0.712193750000000000000000000000000000000000E+04
    0.749944970011711120605468750000000000000000E-01    0.686284326171875000000000000000000000000000E+04
    0.765094906091690063476562500000000000000000E-01    0.657098437500000000000000000000000000000000E+04
    0.780550837516784667968750000000000000000000E-01    0.626723681640625000000000000000000000000000E+04
    0.796318948268890380859375000000000000000000E-01    0.595358740234375000000000000000000000000000E+04
    0.812405645847320556640625000000000000000000E-01    0.562621728515625000000000000000000000000000E+04
    0.828817337751388549804687500000000000000000E-01    0.529643310546875000000000000000000000000000E+04
    0.845560505986213684082031250000000000000000E-01    0.496392529296875000000000000000000000000000E+04
    0.862641930580139160156250000000000000000000E-01    0.463398632812500000000000000000000000000000E+04
    0.880068466067314147949218750000000000000000E-01    0.430800634765625000000000000000000000000000E+04
    0.897847041487693786621093750000000000000000E-01    0.398406298828125000000000000000000000000000E+04
    0.915984734892845153808593750000000000000000E-01    0.367280834960937500000000000000000000000000E+04
    0.934488773345947265625000000000000000000000E-01    0.337783715820312500000000000000000000000000E+04
    0.953366756439208984375000000000000000000000E-01    0.309334033203125000000000000000000000000000E+04
    0.972625985741615295410156250000000000000000E-01    0.281893432617187500000000000000000000000000E+04
    0.992274358868598937988281250000000000000000E-01    0.256269189453125000000000000000000000000000E+04
    0.101232007145881652832031250000000000000000E+00    0.232201000976562500000000000000000000000000E+04
    0.103277020156383514404296875000000000000000E+00    0.210206640625000000000000000000000000000000E+04
    0.105363354086875915527343750000000000000000E+00    0.189777331542968750000000000000000000000000E+04
    0.107491828501224517822265625000000000000000E+00    0.170676013183593750000000000000000000000000E+04
    0.109663315117359161376953125000000000000000E+00    0.153016882324218750000000000000000000000000E+04
    0.111878655850887298583984375000000000000000E+00    0.136750964355468750000000000000000000000000E+04
    0.114138752222061157226562500000000000000000E+00    0.121920446777343750000000000000000000000000E+04
    0.116444505751132965087890625000000000000000E+00    0.107814587402343750000000000000000000000000E+04
    0.118796832859516143798828125000000000000000E+00    0.951695007324218750000000000000000000000000E+03
    0.121196687221527099609375000000000000000000E+00    0.830305664062500000000000000000000000000000E+03
    0.123645029962062835693359375000000000000000E+00    0.716443786621093750000000000000000000000000E+03
    0.126142814755439758300781250000000000000000E+00    0.610477783203125000000000000000000000000000E+03
    0.128691077232360839843750000000000000000000E+00    0.509705627441406250000000000000000000000000E+03
    0.131290808320045471191406250000000000000000E+00    0.415739562988281250000000000000000000000000E+03
    0.133943051099777221679687500000000000000000E+00    0.329507995605468750000000000000000000000000E+03
    0.136648878455162048339843750000000000000000E+00    0.251786941528320312500000000000000000000000E+03
    0.139409363269805908203125000000000000000000E+00    0.183739822387695312500000000000000000000000E+03
    0.142225623130798339843750000000000000000000E+00    0.126134376525878906250000000000000000000000E+03
    0.145098760724067687988281250000000000000000E+00    0.800803985595703125000000000000000000000000E+02
    0.148029953241348266601562500000000000000000E+00    0.453937072753906250000000000000000000000000E+02
    0.151020348072052001953125000000000000000000E+00    0.215811595916748046875000000000000000000000E+02
    0.154071167111396789550781250000000000000000E+00    0.745784854888916015625000000000000000000000E+01
    0.157183602452278137207031250000000000000000E+00    0.114011740684509277343750000000000000000000E+01
    0.160358920693397521972656250000000000000000E+00    0.152102798223495483398437500000000000000000E+00
    0.163598373532295227050781250000000000000000E+00    0.220705652236938476562500000000000000000000E+01
    0.166903272271156311035156250000000000000000E+00    0.518030405044555664062500000000000000000000E+01
    0.170275032520294189453125000000000000000000E+00    0.758972883224487304687500000000000000000000E+01
    0.173714801669120788574218750000000000000000E+00    0.863695716857910156250000000000000000000000E+01
    0.177224084734916687011718750000000000000000E+00    0.818618965148925781250000000000000000000000E+01
    0.180804237723350524902343750000000000000000E+00    0.658426427841186523437500000000000000000000E+01
    0.184456720948219299316406250000000000000000E+00    0.442329263687133789062500000000000000000000E+01
    0.188182994723320007324218750000000000000000E+00    0.247831058502197265625000000000000000000000E+01
    0.191984534263610839843750000000000000000000E+00    0.101753795146942138671875000000000000000000E+01
    0.195862874388694763183593750000000000000000E+00    0.227105215191841125488281250000000000000000E+00
    0.199819564819335937500000000000000000000000E+00    0.113408407196402549743652343750000000000000E-02
    0.203856185078620910644531250000000000000000E+00    0.778468921780586242675781250000000000000000E-01
    0.207974359393119812011718750000000000000000E+00    0.220490291714668273925781250000000000000000E+00
    0.212175697088241577148437500000000000000000E+00    0.289174795150756835937500000000000000000000E+00
    0.216461926698684692382812500000000000000000E+00    0.251939207315444946289062500000000000000000E+00
    0.220834761857986450195312500000000000000000E+00    0.157800406217575073242187500000000000000000E+00
    0.225295916199684143066406250000000000000000E+00    0.651973485946655273437500000000000000000000E-01
    0.229847192764282226562500000000000000000000E+00    0.129311876371502876281738281250000000000000E-01
    0.234490394592285156250000000000000000000000E+00    0.408826235798187553882598876953125000000000E-05
    0.239227414131164550781250000000000000000000E+00    0.527946930378675460815429687500000000000000E-02
    0.244060128927230834960937500000000000000000E+00    0.104160737246274948120117187500000000000000E-01
    0.248990446329116821289062500000000000000000E+00    0.861289538443088531494140625000000000000000E-02
    0.254020392894744873046875000000000000000000E+00    0.305959326215088367462158203125000000000000E-02
    0.259151935577392578125000000000000000000000E+00    0.499190427944995462894439697265625000000000E-04
    0.264387160539627075195312500000000000000000E+00    0.105917442124336957931518554687500000000000E-02
    0.269728124141693115234375000000000000000000E+00    0.295351678505539894104003906250000000000000E-02
    0.275177001953125000000000000000000000000000E+00    0.286930077709257602691650390625000000000000E-02
    0.280736058950424194335937500000000000000000E+00    0.100192241370677947998046875000000000000000E-02
    0.286407291889190673828125000000000000000000E+00    0.124944144772598519921302795410156250000000E-04
    0.292193114757537841796875000000000000000000E+00    0.146091077476739883422851562500000000000000E-02
    0.298095792531967163085937500000000000000000E+00    0.366707961075007915496826171875000000000000E-02
    0.304117560386657714843750000000000000000000E+00    0.398103799670934677124023437500000000000000E-02
    0.310261309146881103515625000000000000000000E+00    0.183469580952078104019165039062500000000000E-02
    0.316528826951980590820312500000000000000000E+00    0.331208466377574950456619262695312500000000E-04
    0.322923272848129272460937500000000000000000E+00    0.108158623334020376205444335937500000000000E-02
    0.329446613788604736328125000000000000000000E+00    0.339346611872315406799316406250000000000000E-02
    0.336102008819580078125000000000000000000000E+00    0.329383369535207748413085937500000000000000E-02
    0.342891573905944824218750000000000000000000E+00    0.985734979622066020965576171875000000000000E-03
    0.349818587303161621093750000000000000000000E+00    0.739998795324936509132385253906250000000000E-04
    0.356885224580764770507812500000000000000000E+00    0.146590464282780885696411132812500000000000E-02
    0.364094972610473632812500000000000000000000E+00    0.198740907944738864898681640625000000000000E-02
    0.371450334787368774414062500000000000000000E+00    0.678765936754643917083740234375000000000000E-03
    0.378953933715820312500000000000000000000000E+00    0.190796963579487055540084838867187500000000E-04
    0.386609494686126708984375000000000000000000E+00    0.587106333114206790924072265625000000000000E-03
    0.394419312477111816406250000000000000000000E+00    0.593985954765230417251586914062500000000000E-03
    0.402387291193008422851562500000000000000000E+00    0.107084750197827816009521484375000000000000E-03
    0.410515844821929931640625000000000000000000E+00    0.232272668654331937432289123535156250000000E-04
    0.418809026479721069335937500000000000000000E+00    0.995841182884760200977325439453125000000000E-04
    0.427269339561462402343750000000000000000000E+00    0.415534341300372034311294555664062500000000E-04
    0.435900926589965820312500000000000000000000E+00    0.425407142756739631295204162597656250000000E-05
    0.444706469774246215820312500000000000000000E+00    0.268811106707289582118391990661621093750000E-07
    0.453690379858016967773437500000000000000000E+00    0.289664581032411660999059677124023437500000E-05
    0.462855309247970581054687500000000000000000E+00    0.174744054675102233886718750000000000000000E-04
    0.472205787897109985351562500000000000000000E+00    0.126959075714694336056709289550781250000000E-04
    0.481744766235351562500000000000000000000000E+00    0.868777760842931456863880157470703125000000E-06
    0.491476893424987792968750000000000000000000E+00    0.140617048600688576698303222656250000000000E-04
    0.501405119895935058593750000000000000000000E+00    0.419009757024468854069709777832031250000000E-05
    0.511534392833709716796875000000000000000000E+00    0.772905821122549241408705711364746093750000E-06
    0.521867811679840087890625000000000000000000E+00    0.137685924528341274708509445190429687500000E-05
    0.532410502433776855468750000000000000000000E+00    0.235444915119842335116118192672729492187500E-06
    0.543165624141693115234375000000000000000000E+00    0.158240681003007921390235424041748046875000E-06
    0.554138541221618652343750000000000000000000E+00    0.123040763355675153434276580810546875000000E-06
    0.565332591533660888671875000000000000000000E+00    0.744681756259524263441562652587890625000000E-06
    0.576753377914428710937500000000000000000000E+00    0.772903430146243408671580255031585693359375E-08
    0.588404297828674316406250000000000000000000E+00    0.267590962721442338079214096069335937500000E-06
    0.600291073322296142578125000000000000000000E+00    0.344606321256435421673813834786415100097656E-08
    0.612418055534362792968750000000000000000000E+00    0.299388536184608256007777526974678039550781E-08
    0.624789416790008544921875000000000000000000E+00    0.161297677436778030823916196823120117187500E-07
    0.637411296367645263671875000000000000000000E+00    0.331882681336992391152307391166687011718750E-07
    0.650287508964538574218750000000000000000000E+00    0.264711399466932562063448131084442138671875E-07
    0.663424491882324218750000000000000000000000E+00    0.510371640782825153337398660369217395782471E-10
    0.676826238632202148437500000000000000000000E+00    0.247496467764563021773938089609146118164062E-08
    0.690499365329742431640625000000000000000000E+00    0.256967314093969889654545113444328308105469E-08
    0.704448044300079345703125000000000000000000E+00    0.562608726967228633952800009865313768386841E-11
    0.718679130077362060546875000000000000000000E+00    0.405408151493702462175861001014709472656250E-09
    0.733197033405303955078125000000000000000000E+00    0.591889537382428443379467353224754333496094E-09
    0.748008966445922851562500000000000000000000E+00    0.112177070949836914237618401557483593933284E-13
    0.763119339942932128906250000000000000000000E+00    0.102332808893379478831775486469268798828125E-09
    0.778535783290863037109375000000000000000000E+00    0.101597778801032490036959643475711345672607E-09
    0.794262826442718505859375000000000000000000E+00    0.562558666317158895253669470548629760742188E-09
    0.810308396816253662109375000000000000000000E+00    0.106969546068147458584007836179807782173157E-10
    0.826677322387695312500000000000000000000000E+00    0.571695364659507987425968167372047901153564E-10
    0.843377590179443359375000000000000000000000E+00    0.146985923432652043629786930978298187255859E-09
    0.860414624214172363281250000000000000000000E+00    0.784248360696793156421335879713296890258789E-11
    0.877796530723571777343750000000000000000000E+00    0.675754729950739374544355086982250213623047E-10
    0.895528674125671386718750000000000000000000E+00    0.890713683365795816371246473863720893859863E-10
    0.913619995117187500000000000000000000000000E+00    0.117390416831675281628122320398688316345215E-09
    0.932075977325439453125000000000000000000000E+00    0.460143555203185172786106704734265804290771E-11
    0.950905561447143554687500000000000000000000E+00    0.231652353549494094409055833239108324050903E-10
    0.970114648342132568359375000000000000000000E+00    0.169085058454587766618715249933302402496338E-10
    0.989712655544281005859375000000000000000000E+00    0.986736317654113292974216165021061897277832E-10
    0.100970673561096191406250000000000000000000E+01    0.104311448367866432818118482828140258789062E-09
    0.103010356426239013671875000000000000000000E+01    0.561412444310960268012422602623701095581055E-10
    0.105091357231140136718750000000000000000000E+01    0.335564770415075486198475118726491928100586E-10
    0.107214283943176269531250000000000000000000E+01    0.244721690828564319986071495804935693740845E-10
    0.109380209445953369140625000000000000000000E+01    0.241063731476476306170297903008759021759033E-10
    0.111589777469635009765625000000000000000000E+01    0.158145233020157149894657777622342109680176E-10
    0.113844096660614013671875000000000000000000E+01    0.157306650344635201577148109208792448043823E-10
    0.116143846511840820312500000000000000000000E+01    0.736257322470068586994784709531813859939575E-11
    0.118490147590637207031250000000000000000000E+01    0.128262331311468358308047754690051078796387E-11
    0.120883750915527343750000000000000000000000E+01    0.554052517840603053755899054522160440683365E-12
    0.123325824737548828125000000000000000000000E+01    0.375561994697681811317124811466783285140991E-11
    0.125817120075225830078125000000000000000000E+01    0.101532679833149508397127647185698151588440E-10
    0.128358840942382812500000000000000000000000E+01    0.367676245352499542207169724861159920692444E-11
    0.130951797962188720703125000000000000000000E+01    0.422242666178740400084734574193134903907776E-11
    0.133597266674041748046875000000000000000000E+01    0.679332718550584857553076290059834718704224E-11
    0.136296045780181884765625000000000000000000E+01    0.270371225408183590843691490590572357177734E-11
    0.139049470424652099609375000000000000000000E+01    0.530530697498421410784885665634647011756897E-11
    0.141858386993408203125000000000000000000000E+01    0.207100374176316659458052527043037116527557E-11
    0.144724178314208984375000000000000000000000E+01    0.190011548162338783640734618529677391052246E-11
    0.147647726535797119140625000000000000000000E+01    0.282422219291533771468039049068465828895569E-11
    0.150630474090576171875000000000000000000000E+01    0.120548634009037813896725310769397765398026E-11
    0.153673338890075683593750000000000000000000E+01    0.752521254945154316473576727730687707662582E-12
    0.156777822971343994140625000000000000000000E+01    0.113697484586949837392921835999004542827606E-11
    0.159944856166839599609375000000000000000000E+01    0.174654247227928882679748312511947005987167E-11
    0.163176035881042480468750000000000000000000E+01    0.217953801708026251304772813455201685428619E-11
    0.166472315788269042968750000000000000000000E+01    0.228148294527386052976680730353109538555145E-11
    0.169835364818572998046875000000000000000000E+01    0.193772840655082045913104593637399375438690E-11
    0.173266339302062988281250000000000000000000E+01    0.159298475018582186280013957002665847539902E-11
    0.176766479015350341796875000000000000000000E+01    0.157716320472317539369555561279412358999252E-11
    0.180337476730346679687500000000000000000000E+01    0.938350634173412689875704018049873411655426E-12
    0.183980441093444824218750000000000000000000E+01    0.495567779520977857998786930693313479423523E-12
    0.187697184085845947265625000000000000000000E+01    0.808273912210333289607433471246622502803802E-12
    0.191488826274871826171875000000000000000000E+01    0.614592795059043517369445908116176724433899E-12
    0.195357239246368408203125000000000000000000E+01    0.931669997226991508654236895381473004817963E-12
    0.199303627014160156250000000000000000000000E+01    0.102912654526693403411741201125551015138626E-11
    0.203329920768737792968750000000000000000000E+01    0.116103231629499648036585313093382865190506E-11
    0.207437348365783691406250000000000000000000E+01    0.103885541662129821105509108747355639934540E-11
    0.211627960205078125000000000000000000000000E+01    0.809111675229012838883591030025854706764221E-12
    0.215903019905090332031250000000000000000000E+01    0.643412786157510074858123516605701297521591E-12
    0.220264649391174316406250000000000000000000E+01    0.465066299273203531683407163654919713735580E-12
    0.224714183807373046875000000000000000000000E+01    0.385947214942214400501541149424156174063683E-12
    0.229253816604614257812500000000000000000000E+01    0.492453734041164992163430724758654832839966E-12
    0.233884930610656738281250000000000000000000E+01    0.592880724983174678399677759443875402212143E-12
    0.238609838485717773437500000000000000000000E+01    0.711163495713956761434815234679263085126877E-12
    0.243429946899414062500000000000000000000000E+01    0.678010328002826012649961739953141659498215E-12
    0.248347663879394531250000000000000000000000E+01    0.494784551871574329595659946789965033531189E-12
    0.253364515304565429687500000000000000000000E+01    0.311475563223584384076048081624321639537811E-12
    0.258482933044433593750000000000000000000000E+01    0.257576322467215068634516228485153988003731E-12
    0.263704514503479003906250000000000000000000E+01    0.286960613691406019043483865971211344003677E-12
    0.269031810760498046875000000000000000000000E+01    0.295115250596375555680594970908714458346367E-12
    0.274466466903686523437500000000000000000000E+01    0.382506011456854033703223194606835022568703E-12
    0.280011177062988281250000000000000000000000E+01    0.363327640542920882182897912571206688880920E-12
    0.285667920112609863281250000000000000000000E+01    0.347823685001649729464645588450366631150246E-12
    0.291438651084899902343750000000000000000000E+01    0.287484256235662205547498615487711504101753E-12
    0.297326231002807617187500000000000000000000E+01    0.196965409477237174407093789341161027550697E-12
    0.303332471847534179687500000000000000000000E+01    0.144209392149118043047195669714710675179958E-12
    0.309460353851318359375000000000000000000000E+01    0.149522538447910413594854617258533835411072E-12
    0.315711688995361328125000000000000000000000E+01    0.174155733779525478954752770732739008963108E-12
    0.322089648246765136718750000000000000000000E+01    0.211690392862631804327122608810896053910255E-12
    0.328596115112304687500000000000000000000000E+01    0.228619694789961025449542830756399780511856E-12
    0.335234355926513671875000000000000000000000E+01    0.188358280795580812494449673977214843034744E-12
    0.342006349563598632812500000000000000000000E+01    0.128138371766582659372346597592695616185665E-12
    0.348915529251098632812500000000000000000000E+01    0.110888552572012411001622922412934713065624E-12
    0.355963897705078125000000000000000000000000E+01    0.853319558026185975840860464813886210322380E-13
    0.363155031204223632812500000000000000000000E+01    0.105549602261514885448434597492450848221779E-12
    0.370491051673889160156250000000000000000000E+01    0.126901080247342201712257292456342838704586E-12
    0.377975654602050781250000000000000000000000E+01    0.125845853377916372384248688831576146185398E-12
    0.385611033439636230468750000000000000000000E+01    0.107486265168380695778083122604584787040949E-12
    0.393401122093200683593750000000000000000000E+01    0.808445649834454993509780251770280301570892E-13
    0.401348161697387695312500000000000000000000E+01    0.646204959117366306564633759990101680159569E-13
    0.409456062316894531250000000000000000000000E+01    0.611271694069340232324805128882871940732002E-13
    0.417727470397949218750000000000000000000000E+01    0.594463782127747919492577466371585614979267E-13
    0.426166296005249023437500000000000000000000E+01    0.767354387497254375460897790617309510707855E-13
    0.434775209426879882812500000000000000000000E+01    0.708233452895341841770715518578072078526020E-13
    0.443558454513549804687500000000000000000000E+01    0.664274204761373943117774842903600074350834E-13
