    0.999999974737875163555145263671875000000000E-04    0.443862121582031250000000000000000000000000E+03
    0.102020130725577473640441894531250000000000E-03    0.452511962890625000000000000000000000000000E+03
    0.104081082099582999944686889648437500000000E-03    0.461330200195312500000000000000000000000000E+03
    0.106183659227099269628524780273437500000000E-03    0.470320098876953125000000000000000000000000E+03
    0.108328706119209527969360351562500000000000E-03    0.479484985351562500000000000000000000000000E+03
    0.110517095890827476978302001953125000000000E-03    0.488828247070312500000000000000000000000000E+03
    0.112749679828993976116180419921875000000000E-03    0.498353332519531250000000000000000000000000E+03
    0.115027374704368412494659423828125000000000E-03    0.508063781738281250000000000000000000000000E+03
    0.117351090011652559041976928710937500000000E-03    0.517963195800781250000000000000000000000000E+03
    0.119721727969590574502944946289062500000000E-03    0.528055175781250000000000000000000000000000E+03
    0.122140278108417987823486328125000000000000E-03    0.538343505859375000000000000000000000000000E+03
    0.124607671750709414482116699218750000000000E-03    0.548831970214843750000000000000000000000000E+03
    0.127124920254573225975036621093750000000000E-03    0.559524475097656250000000000000000000000000E+03
    0.129692998598329722881317138671875000000000E-03    0.570424926757812500000000000000000000000000E+03
    0.132312969071790575981140136718750000000000E-03    0.581537353515625000000000000000000000000000E+03
    0.134985879412852227687835693359375000000000E-03    0.592865905761718750000000000000000000000000E+03
    0.137712777359411120414733886718750000000000E-03    0.604414672851562500000000000000000000000000E+03
    0.140494754305109381675720214843750000000000E-03    0.616188049316406250000000000000000000000000E+03
    0.143332930747419595718383789062500000000000E-03    0.628190246582031250000000000000000000000000E+03
    0.146228456287644803524017333984375000000000E-03    0.640425720214843750000000000000000000000000E+03
    0.149182465975172817707061767578125000000000E-03    0.652898986816406250000000000000000000000000E+03
    0.152196153067052364349365234375000000000000E-03    0.665614685058593750000000000000000000000000E+03
    0.155270710820332169532775878906250000000000E-03    0.678577392578125000000000000000000000000000E+03
    0.158407390699721872806549072265625000000000E-03    0.691791931152343750000000000000000000000000E+03
    0.161607444169931113719940185546875000000000E-03    0.705263122558593750000000000000000000000000E+03
    0.164872122695669531822204589843750000000000E-03    0.718995971679687500000000000000000000000000E+03
    0.168202750501222908496856689453125000000000E-03    0.732995483398437500000000000000000000000000E+03
    0.171600666362792253494262695312500000000000E-03    0.747266845703125000000000000000000000000000E+03
    0.175067238160409033298492431640625000000000E-03    0.761815185546875000000000000000000000000000E+03
    0.178603833774104714393615722656250000000000E-03    0.776645874023437500000000000000000000000000E+03
    0.182211864739656448364257812500000000000000E-03    0.791764343261718750000000000000000000000000E+03
    0.185892800800502300262451171875000000000000E-03    0.807176147460937500000000000000000000000000E+03
    0.189648068044334650039672851562500000000000E-03    0.822886840820312500000000000000000000000000E+03
    0.193479223526082932949066162109375000000000E-03    0.838902221679687500000000000000000000000000E+03
    0.197387780644930899143218994140625000000000E-03    0.855228088378906250000000000000000000000000E+03
    0.201375267351977527141571044921875000000000E-03    0.871870422363281250000000000000000000000000E+03
    0.205443298909813165664672851562500000000000E-03    0.888835327148437500000000000000000000000000E+03
    0.209593548788689076900482177734375000000000E-03    0.906128906250000000000000000000000000000000E+03
    0.213827603147365152835845947265625000000000E-03    0.923757507324218750000000000000000000000000E+03
    0.218147222767584025859832763671875000000000E-03    0.941727478027343750000000000000000000000000E+03
    0.222554081119596958160400390625000000000000E-03    0.960045349121093750000000000000000000000000E+03
    0.227049968088977038860321044921875000000000E-03    0.978717773437500000000000000000000000000000E+03
    0.231636688113212585449218750000000000000000E-03    0.997751464843750000000000000000000000000000E+03
    0.236316060181707143783569335937500000000000E-03    0.101715332031250000000000000000000000000000E+04
    0.241089961491525173187255859375000000000000E-03    0.103693041992187500000000000000000000000000E+04
    0.245960312895476818084716796875000000000000E-03    0.105708972167968750000000000000000000000000E+04
    0.250929006142541766166687011718750000000000E-03    0.107763867187500000000000000000000000000000E+04
    0.255998136708512902259826660156250000000000E-03    0.109858459472656250000000000000000000000000E+04
    0.261169654550030827522277832031250000000000E-03    0.111993493652343750000000000000000000000000E+04
    0.266445596935227513313293457031250000000000E-03    0.114169750976562500000000000000000000000000E+04
    0.271828175755217671394348144531250000000000E-03    0.116388000488281250000000000000000000000000E+04
    0.277319486485794186592102050781250000000000E-03    0.118649035644531250000000000000000000000000E+04
    0.282921682810410857200622558593750000000000E-03    0.120953662109375000000000000000000000000000E+04
    0.288637093035504221916198730468750000000000E-03    0.123302709960937500000000000000000000000000E+04
    0.294467929052188992500305175781250000000000E-03    0.125697021484375000000000000000000000000000E+04
    0.300416606478393077850341796875000000000000E-03    0.128137414550781250000000000000000000000000E+04
    0.306485395412892103195190429687500000000000E-03    0.130624792480468750000000000000000000000000E+04
    0.312676827888935804367065429687500000000000E-03    0.133160009765625000000000000000000000000000E+04
    0.318993290420621633529663085937500000000000E-03    0.135743969726562500000000000000000000000000E+04
    0.325437402352690696716308593750000000000000E-03    0.138377587890625000000000000000000000000000E+04
    0.332011666614562273025512695312500000000000E-03    0.141061779785156250000000000000000000000000E+04
    0.338718760758638381958007812500000000000000E-03    0.143797497558593750000000000000000000000000E+04
    0.345561362337321043014526367187500000000000E-03    0.146585693359375000000000000000000000000000E+04
    0.352542119799181818962097167968750000000000E-03    0.149427343750000000000000000000000000000000E+04
    0.359663943527266383171081542968750000000000E-03    0.152323437500000000000000000000000000000000E+04
    0.366929627489298582077026367187500000000000E-03    0.155274987792968750000000000000000000000000E+04
    0.374342111172154545783996582031250000000000E-03    0.158283007812500000000000000000000000000000E+04
    0.381904304958879947662353515625000000000000E-03    0.161348559570312500000000000000000000000000E+04
    0.389619322959333658218383789062500000000000E-03    0.164472680664062500000000000000000000000000E+04
    0.397490162868052721023559570312500000000000E-03    0.167656445312500000000000000000000000000000E+04
    0.405519997002556920051574707031250000000000E-03    0.170900952148437500000000000000000000000000E+04
    0.413712026784196496009826660156250000000000E-03    0.174207299804687500000000000000000000000000E+04
    0.422069540945813059806823730468750000000000E-03    0.177576635742187500000000000000000000000000E+04
    0.430595915531739592552185058593750000000000E-03    0.181010107421875000000000000000000000000000E+04
    0.439294555690139532089233398437500000000000E-03    0.184508850097656250000000000000000000000000E+04
    0.448168895673006772994995117187500000000000E-03    0.188074072265625000000000000000000000000000E+04
    0.457222486147657036781311035156250000000000E-03    0.191706958007812500000000000000000000000000E+04
    0.466458965092897415161132812500000000000000E-03    0.195408752441406250000000000000000000000000E+04
    0.475882086902856826782226562500000000000000E-03    0.199180664062500000000000000000000000000000E+04
    0.485495518660172820091247558593750000000000E-03    0.203023950195312500000000000000000000000000E+04
    0.495303189381957054138183593750000000000000E-03    0.206939892578125000000000000000000000000000E+04
    0.505309028085321187973022460937500000000000E-03    0.210929809570312500000000000000000000000000E+04
    0.515516963787376880645751953125000000000000E-03    0.214994946289062500000000000000000000000000E+04
    0.525931071024388074874877929687500000000000E-03    0.219136694335937500000000000000000000000000E+04
    0.536555540747940540313720703125000000000000E-03    0.223356396484375000000000000000000000000000E+04
    0.547394680324941873550415039062500000000000E-03    0.227655419921875000000000000000000000000000E+04
    0.558452797122299671173095703125000000000000E-03    0.232035131835937500000000000000000000000000E+04
    0.569734314922243356704711914062500000000000E-03    0.236496997070312500000000000000000000000000E+04
    0.581243715714663267135620117187500000000000E-03    0.241042382812500000000000000000000000000000E+04
    0.592985597904771566390991210937500000000000E-03    0.245672802734375000000000000000000000000000E+04
    0.604964734520763158798217773437500000000000E-03    0.250389648437500000000000000000000000000000E+04
    0.617185782175511121749877929687500000000000E-03    0.255194458007812500000000000000000000000000E+04
    0.629653746727854013442993164062500000000000E-03    0.260088745117187500000000000000000000000000E+04
    0.642373692244291305541992187500000000000000E-03    0.265073999023437500000000000000000000000000E+04
    0.655350449960678815841674804687500000000000E-03    0.270151782226562500000000000000000000000000E+04
    0.668589433189481496810913085937500000000000E-03    0.275323657226562500000000000000000000000000E+04
    0.682095822412520647048950195312500000000000E-03    0.280591235351562500000000000000000000000000E+04
    0.695875030942261219024658203125000000000000E-03    0.285956103515625000000000000000000000000000E+04
    0.709932646714150905609130859375000000000000E-03    0.291419873046875000000000000000000000000000E+04
    0.724274199455976486206054687500000000000000E-03    0.296984228515625000000000000000000000000000E+04
    0.738905626349151134490966796875000000000000E-03    0.302650781250000000000000000000000000000000E+04
    0.753832457121461629867553710937500000000000E-03    0.308421264648437500000000000000000000000000E+04
    0.769060861784964799880981445312500000000000E-03    0.314297363281250000000000000000000000000000E+04
    0.784596893936395645141601562500000000000000E-03    0.320280761718750000000000000000000000000000E+04
    0.800446781795471906661987304687500000000000E-03    0.326373242187500000000000000000000000000000E+04
    0.816616869997233152389526367187500000000000E-03    0.332576513671875000000000000000000000000000E+04
    0.833113677799701690673828125000000000000000E-03    0.338892358398437500000000000000000000000000E+04
    0.849943608045578002929687500000000000000000E-03    0.345322558593750000000000000000000000000000E+04
    0.867113587446510791778564453125000000000000E-03    0.351868945312500000000000000000000000000000E+04
    0.884630659129470586776733398437500000000000E-03    0.358533300781250000000000000000000000000000E+04
    0.902501342352479696273803710937500000000000E-03    0.365317480468750000000000000000000000000000E+04
    0.920733029488474130630493164062500000000000E-03    0.372223339843750000000000000000000000000000E+04
    0.939333112910389900207519531250000000000000E-03    0.379252734375000000000000000000000000000000E+04
    0.958308868575841188430786132812500000000000E-03    0.386407543945312500000000000000000000000000E+04
    0.977667979896068572998046875000000000000000E-03    0.393689624023437500000000000000000000000000E+04
    0.997418188489973545074462890625000000000000E-03    0.401100878906250000000000000000000000000000E+04
    0.101756735239177942276000976562500000000000E-02    0.408643237304687500000000000000000000000000E+04
    0.103812362067401409149169921875000000000000E-02    0.416318603515625000000000000000000000000000E+04
    0.105909502599388360977172851562500000000000E-02    0.424128906250000000000000000000000000000000E+04
    0.108049006666988134384155273437500000000000E-02    0.432076074218750000000000000000000000000000E+04
    0.110231747385114431381225585937500000000000E-02    0.440162109375000000000000000000000000000000E+04
    0.112458574585616588592529296875000000000000E-02    0.448388867187500000000000000000000000000000E+04
    0.114730407949537038803100585937500000000000E-02    0.456758349609375000000000000000000000000000E+04
    0.117048120591789484024047851562500000000000E-02    0.465272460937500000000000000000000000000000E+04
    0.119412643834948539733886718750000000000000E-02    0.473933203125000000000000000000000000000000E+04
    0.121824943926185369491577148437500000000000E-02    0.482742480468750000000000000000000000000000E+04
    0.124285963829606771469116210937500000000000E-02    0.491702294921875000000000000000000000000000E+04
    0.126796704716980457305908203125000000000000E-02    0.500814550781250000000000000000000000000000E+04
    0.129358167760074138641357421875000000000000E-02    0.510081250000000000000000000000000000000000E+04
    0.131971365772187709808349609375000000000000E-02    0.519504248046875000000000000000000000000000E+04
    0.134637358132749795913696289062500000000000E-02    0.529085546875000000000000000000000000000000E+04
    0.137357215862721204757690429687500000000000E-02    0.538827099609375000000000000000000000000000E+04
    0.140132009983062744140625000000000000000000E-02    0.548730761718750000000000000000000000000000E+04
    0.142962858080863952636718750000000000000000E-02    0.558798437500000000000000000000000000000000E+04
    0.145850901026278734207153320312500000000000E-02    0.569032031250000000000000000000000000000000E+04
    0.148797314614057540893554687500000000000000E-02    0.579433398437500000000000000000000000000000E+04
    0.151803228072822093963623046875000000000000E-02    0.590004443359375000000000000000000000000000E+04
    0.154869852121919393539428710937500000000000E-02    0.600746923828125000000000000000000000000000E+04
    0.157998420763760805130004882812500000000000E-02    0.611662695312500000000000000000000000000000E+04
    0.161190202925354242324829101562500000000000E-02    0.622753417968750000000000000000000000000000E+04
    0.164446467533707618713378906250000000000000E-02    0.634020996093750000000000000000000000000000E+04
    0.167768495157361030578613281250000000000000E-02    0.645467041015625000000000000000000000000000E+04
    0.171157636214047670364379882812500000000000E-02    0.657093261718750000000000000000000000000000E+04
    0.174615241121500730514526367187500000000000E-02    0.668901269531250000000000000000000000000000E+04
    0.178142718505114316940307617187500000000000E-02    0.680892675781250000000000000000000000000000E+04
    0.181741418782621622085571289062500000000000E-02    0.693068994140625000000000000000000000000000E+04
    0.185412843711674213409423828125000000000000E-02    0.705431835937500000000000000000000000000000E+04
    0.189158413559198379516601562500000000000000E-02    0.717982568359375000000000000000000000000000E+04
    0.192979711573570966720581054687500000000000E-02    0.730722607421875000000000000000000000000000E+04
    0.196878169663250446319580078125000000000000E-02    0.743653369140625000000000000000000000000000E+04
    0.200855359435081481933593750000000000000000E-02    0.756776074218750000000000000000000000000000E+04
    0.204912899062037467956542968750000000000000E-02    0.770092089843750000000000000000000000000000E+04
    0.209052418358623981475830078125000000000000E-02    0.783602441406250000000000000000000000000000E+04
    0.213275570422410964965820312500000000000000E-02    0.797308251953125000000000000000000000000000E+04
    0.217583985067903995513916015625000000000000E-02    0.811210498046875000000000000000000000000000E+04
    0.221979478374123573303222656250000000000000E-02    0.825310253906250000000000000000000000000000E+04
    0.226463773287832736968994140625000000000000E-02    0.839608203125000000000000000000000000000000E+04
    0.231038639321923255920410156250000000000000E-02    0.854105175781250000000000000000000000000000E+04
    0.235705915838479995727539062500000000000000E-02    0.868801953125000000000000000000000000000000E+04
    0.240467488765716552734375000000000000000000E-02    0.883699121093750000000000000000000000000000E+04
    0.245325244031846523284912109375000000000000E-02    0.898797070312500000000000000000000000000000E+04
    0.250281183980405330657958984375000000000000E-02    0.914096289062500000000000000000000000000000E+04
    0.255337217822670936584472656250000000000000E-02    0.929597070312500000000000000000000000000000E+04
    0.260495371185243129730224609375000000000000E-02    0.945299511718750000000000000000000000000000E+04
    0.265757716260850429534912109375000000000000E-02    0.961203808593750000000000000000000000000000E+04
    0.271126371808350086212158203125000000000000E-02    0.977309765625000000000000000000000000000000E+04
    0.276603479869663715362548828125000000000000E-02    0.993617382812500000000000000000000000000000E+04
    0.282191229052841663360595703125000000000000E-02    0.101012617187500000000000000000000000000000E+05
    0.287891877815127372741699218750000000000000E-02    0.102683574218750000000000000000000000000000E+05
    0.293707661330699920654296875000000000000000E-02    0.104374560546875000000000000000000000000000E+05
    0.299640954472124576568603515625000000000000E-02    0.106085507812500000000000000000000000000000E+05
    0.305694085545837879180908203125000000000000E-02    0.107816308593750000000000000000000000000000E+05
    0.311869522556662559509277343750000000000000E-02    0.109566884765625000000000000000000000000000E+05
    0.318169780075550079345703125000000000000000E-02    0.111337089843750000000000000000000000000000E+05
    0.324597232975065708160400390625000000000000E-02    0.113126796875000000000000000000000000000000E+05
    0.331154512241482734680175781250000000000000E-02    0.114935859375000000000000000000000000000000E+05
    0.337844272144138813018798828125000000000000E-02    0.116764091796875000000000000000000000000000E+05
    0.344669190235435962677001953125000000000000E-02    0.118611308593750000000000000000000000000000E+05
    0.351631967350840568542480468750000000000000E-02    0.120477294921875000000000000000000000000000E+05
    0.358735374175012111663818359375000000000000E-02    0.122361826171875000000000000000000000000000E+05
    0.365982321090996265411376953125000000000000E-02    0.124264648437500000000000000000000000000000E+05
    0.373375625349581241607666015625000000000000E-02    0.126185488281250000000000000000000000000000E+05
    0.380918313749134540557861328125000000000000E-02    0.128124042968750000000000000000000000000000E+05
    0.388613343238830566406250000000000000000000E-02    0.130079980468750000000000000000000000000000E+05
    0.396463880315423011779785156250000000000000E-02    0.132052958984375000000000000000000000000000E+05
    0.404472928494215011596679687500000000000000E-02    0.134042607421875000000000000000000000000000E+05
    0.412643933668732643127441406250000000000000E-02    0.136048535156250000000000000000000000000000E+05
    0.420979922637343406677246093750000000000000E-02    0.138070312500000000000000000000000000000000E+05
    0.429484248161315917968750000000000000000000E-02    0.140107519531250000000000000000000000000000E+05
    0.438160402700304985046386718750000000000000E-02    0.142159677734375000000000000000000000000000E+05
    0.447011832147836685180664062500000000000000E-02    0.144226298828125000000000000000000000000000E+05
    0.456042028963565826416015625000000000000000E-02    0.146306835937500000000000000000000000000000E+05
    0.465254718437790870666503906250000000000000E-02    0.148400693359375000000000000000000000000000E+05
    0.474653439596295356750488281250000000000000E-02    0.150507246093750000000000000000000000000000E+05
    0.484242103993892669677734375000000000000000E-02    0.152625830078125000000000000000000000000000E+05
    0.494024436920881271362304687500000000000000E-02    0.154755781250000000000000000000000000000000E+05
    0.504004349932074546813964843750000000000000E-02    0.156896455078125000000000000000000000000000E+05
    0.514185894280672073364257812500000000000000E-02    0.159047216796875000000000000000000000000000E+05
    0.524573167786002159118652343750000000000000E-02    0.161207441406250000000000000000000000000000E+05
    0.535170361399650573730468750000000000000000E-02    0.163376455078125000000000000000000000000000E+05
    0.545981479808688163757324218750000000000000E-02    0.165553554687500000000000000000000000000000E+05
    0.557011039927601814270019531250000000000000E-02    0.167737812500000000000000000000000000000000E+05
    0.568263372406363487243652343750000000000000E-02    0.169928066406250000000000000000000000000000E+05
    0.579743087291717529296875000000000000000000E-02    0.172123164062500000000000000000000000000000E+05
    0.591454654932022094726562500000000000000000E-02    0.174321875000000000000000000000000000000000E+05
    0.603402825072407722473144531250000000000000E-02    0.176522949218750000000000000000000000000000E+05
    0.615592347458004951477050781250000000000000E-02    0.178725312500000000000000000000000000000000E+05
    0.628028111532330513000488281250000000000000E-02    0.180927929687500000000000000000000000000000E+05
    0.640715099871158599853515625000000000000000E-02    0.183129785156250000000000000000000000000000E+05
    0.653658434748649597167968750000000000000000E-02    0.185329765625000000000000000000000000000000E+05
    0.666863145306706428527832031250000000000000E-02    0.187526796875000000000000000000000000000000E+05
    0.680334679782390594482421875000000000000000E-02    0.189719628906250000000000000000000000000000E+05
    0.694078346714377403259277343750000000000000E-02    0.191906855468750000000000000000000000000000E+05
    0.708099640905857086181640625000000000000000E-02    0.194087109375000000000000000000000000000000E+05
    0.722404150292277336120605468750000000000000E-02    0.196258945312500000000000000000000000000000E+05
    0.736997742205858230590820312500000000000000E-02    0.198420898437500000000000000000000000000000E+05
    0.751886051148176193237304687500000000000000E-02    0.200571425781250000000000000000000000000000E+05
    0.767075084149837493896484375000000000000000E-02    0.202708886718750000000000000000000000000000E+05
    0.782571360468864440917968750000000000000000E-02    0.204831640625000000000000000000000000000000E+05
    0.798380374908447265625000000000000000000000E-02    0.206938007812500000000000000000000000000000E+05
    0.814508739858865737915039062500000000000000E-02    0.209026289062500000000000000000000000000000E+05
    0.830962881445884704589843750000000000000000E-02    0.211094687500000000000000000000000000000000E+05
    0.847749505192041397094726562500000000000000E-02    0.213141308593750000000000000000000000000000E+05
    0.864875130355358123779296875000000000000000E-02    0.215164316406250000000000000000000000000000E+05
    0.882346741855144500732421875000000000000000E-02    0.217161796875000000000000000000000000000000E+05
    0.900171231478452682495117187500000000000000E-02    0.219131796875000000000000000000000000000000E+05
    0.918355956673622131347656250000000000000000E-02    0.221072246093750000000000000000000000000000E+05
    0.936907902359962463378906250000000000000000E-02    0.222981074218750000000000000000000000000000E+05
    0.955834705382585525512695312500000000000000E-02    0.224856093750000000000000000000000000000000E+05
    0.975143909454345703125000000000000000000000E-02    0.226695195312500000000000000000000000000000E+05
    0.994843058288097381591796875000000000000000E-02    0.228496171875000000000000000000000000000000E+05
    0.101494016125798225402832031250000000000000E-01    0.230256699218750000000000000000000000000000E+05
    0.103544332087039947509765625000000000000000E-01    0.231974414062500000000000000000000000000000E+05
    0.105636063963174819946289062500000000000000E-01    0.233646933593750000000000000000000000000000E+05
    0.107770059257745742797851562500000000000000E-01    0.235271855468750000000000000000000000000000E+05
    0.109947146847844123840332031250000000000000E-01    0.236846738281250000000000000000000000000000E+05
    0.112168220803141593933105468750000000000000E-01    0.238368828125000000000000000000000000000000E+05
    0.114434175193309783935546875000000000000000E-01    0.239835312500000000000000000000000000000000E+05
    0.116745894774794578552246093750000000000000E-01    0.241243320312500000000000000000000000000000E+05
    0.119104310870170593261718750000000000000000E-01    0.242590058593750000000000000000000000000000E+05
    0.121510382741689682006835937500000000000000E-01    0.243872832031250000000000000000000000000000E+05
    0.123965051025152206420898437500000000000000E-01    0.245089589843750000000000000000000000000000E+05
    0.126469302922487258911132812500000000000000E-01    0.246238457031250000000000000000000000000000E+05
    0.129024153575301170349121093750000000000000E-01    0.247317617187500000000000000000000000000000E+05
    0.131630674004554748535156250000000000000000E-01    0.248325292968750000000000000000000000000000E+05
    0.134289795532822608947753906250000000000000E-01    0.249258808593750000000000000000000000000000E+05
    0.137002617120742797851562500000000000000000E-01    0.250112519531250000000000000000000000000000E+05
    0.139770256355404853820800781250000000000000E-01    0.250880039062500000000000000000000000000000E+05
    0.142593793570995330810546875000000000000000E-01    0.251555078125000000000000000000000000000000E+05
    0.145474374294281005859375000000000000000000E-01    0.252131347656250000000000000000000000000000E+05
    0.148413162678480148315429687500000000000000E-01    0.252606132812500000000000000000000000000000E+05
    0.151411294937133789062500000000000000000000E-01    0.252987421875000000000000000000000000000000E+05
    0.154470009729266166687011718750000000000000E-01    0.253285332031250000000000000000000000000000E+05
    0.157590489834547042846679687500000000000000E-01    0.253510097656250000000000000000000000000000E+05
    0.160774048417806625366210937500000000000000E-01    0.253672070312500000000000000000000000000000E+05
    0.164021886885166168212890625000000000000000E-01    0.253773828125000000000000000000000000000000E+05
    0.167335346341133117675781250000000000000000E-01    0.253797148437500000000000000000000000000000E+05
    0.170715730637311935424804687500000000000000E-01    0.253720527343750000000000000000000000000000E+05
    0.174164418131113052368164062500000000000000E-01    0.253522597656250000000000000000000000000000E+05
    0.177682787179946899414062500000000000000000E-01    0.253182207031250000000000000000000000000000E+05
    0.181272197514772415161132812500000000000000E-01    0.252687578125000000000000000000000000000000E+05
    0.184934139251708984375000000000000000000000E-01    0.252048125000000000000000000000000000000000E+05
    0.188670046627521514892578125000000000000000E-01    0.251276503906250000000000000000000000000000E+05
    0.192481447011232376098632812500000000000000E-01    0.250385332031250000000000000000000000000000E+05
    0.196369830518960952758789062500000000000000E-01    0.249387285156250000000000000000000000000000E+05
    0.200336743146181106567382812500000000000000E-01    0.248286855468750000000000000000000000000000E+05
    0.204383805394172668457031250000000000000000E-01    0.247072050781250000000000000000000000000000E+05
    0.208512637764215469360351562500000000000000E-01    0.245729277343750000000000000000000000000000E+05
    0.212724860757589340209960937500000000000000E-01    0.244245410156250000000000000000000000000000E+05
    0.217022281140089035034179687500000000000000E-01    0.242608046875000000000000000000000000000000E+05
    0.221406426280736923217773437500000000000000E-01    0.240814550781250000000000000000000000000000E+05
    0.225879121571779251098632812500000000000000E-01    0.238879238281250000000000000000000000000000E+05
    0.230442192405462265014648437500000000000000E-01    0.236818007812500000000000000000000000000000E+05
    0.235097426921129226684570312500000000000000E-01    0.234646601562500000000000000000000000000000E+05
    0.239846706390380859375000000000000000000000E-01    0.232380371093750000000000000000000000000000E+05
    0.244691912084817886352539062500000000000000E-01    0.230028222656250000000000000000000000000000E+05
    0.249635018408298492431640625000000000000000E-01    0.227589101562500000000000000000000000000000E+05
    0.254677981138229370117187500000000000000000E-01    0.225061425781250000000000000000000000000000E+05
    0.259822811931371688842773437500000000000000E-01    0.222443847656250000000000000000000000000000E+05
    0.265071578323841094970703125000000000000000E-01    0.219735390625000000000000000000000000000000E+05
    0.270426385104656219482421875000000000000000E-01    0.216936718750000000000000000000000000000000E+05
    0.275889337062835693359375000000000000000000E-01    0.214050468750000000000000000000000000000000E+05
    0.281462669372558593750000000000000000000000E-01    0.211079648437500000000000000000000000000000E+05
    0.287148579955101013183593750000000000000000E-01    0.208027421875000000000000000000000000000000E+05
    0.292949359863996505737304687500000000000000E-01    0.204897167968750000000000000000000000000000E+05
    0.298867337405681610107421875000000000000000E-01    0.201694218750000000000000000000000000000000E+05
    0.304904840886592864990234375000000000000000E-01    0.198426289062500000000000000000000000000000E+05
    0.311064328998327255249023437500000000000000E-01    0.195101074218750000000000000000000000000000E+05
    0.317348241806030273437500000000000000000000E-01    0.191726113281250000000000000000000000000000E+05
    0.323759093880653381347656250000000000000000E-01    0.188308828125000000000000000000000000000000E+05
    0.330299474298954010009765625000000000000000E-01    0.184859492187500000000000000000000000000000E+05
    0.336971953511238098144531250000000000000000E-01    0.181391406250000000000000000000000000000000E+05
    0.343779213726520538330078125000000000000000E-01    0.177917246093750000000000000000000000000000E+05
    0.350724011659622192382812500000000000000000E-01    0.174448945312500000000000000000000000000000E+05
    0.357809104025363922119140625000000000000000E-01    0.170997636718750000000000000000000000000000E+05
    0.365037508308887481689453125000000000000000E-01    0.167573261718750000000000000000000000000000E+05
    0.372411720454692840576171875000000000000000E-01    0.164184531250000000000000000000000000000000E+05
    0.379934944212436676025390625000000000000000E-01    0.160839511718750000000000000000000000000000E+05
    0.387610122561454772949218750000000000000000E-01    0.157545595703125000000000000000000000000000E+05
    0.395440347492694854736328125000000000000000E-01    0.154309482421875000000000000000000000000000E+05
    0.403428785502910614013671875000000000000000E-01    0.151135175781250000000000000000000000000000E+05
    0.411578565835952758789062500000000000000000E-01    0.148024501953125000000000000000000000000000E+05
    0.419893004000186920166015625000000000000000E-01    0.144978974609375000000000000000000000000000E+05
    0.428375415503978729248046875000000000000000E-01    0.141999931640625000000000000000000000000000E+05
    0.437029153108596801757812500000000000000000E-01    0.139088916015625000000000000000000000000000E+05
    0.445857718586921691894531250000000000000000E-01    0.136254091796875000000000000000000000000000E+05
    0.454864650964736938476562500000000000000000E-01    0.133508261718750000000000000000000000000000E+05
    0.464053489267826080322265625000000000000000E-01    0.130863261718750000000000000000000000000000E+05
    0.473427996039390563964843750000000000000000E-01    0.128329863281250000000000000000000000000000E+05
    0.482991859316825866699218750000000000000000E-01    0.125915859375000000000000000000000000000000E+05
    0.492748916149139404296875000000000000000000E-01    0.123614121093750000000000000000000000000000E+05
    0.502703115344047546386718750000000000000000E-01    0.121411953125000000000000000000000000000000E+05
    0.512858368456363677978515625000000000000000E-01    0.119297490234375000000000000000000000000000E+05
    0.523218810558319091796875000000000000000000E-01    0.117259589843750000000000000000000000000000E+05
    0.533788502216339111328125000000000000000000E-01    0.115287880859375000000000000000000000000000E+05
    0.544571764767169952392578125000000000000000E-01    0.113372724609375000000000000000000000000000E+05
    0.555572807788848876953125000000000000000000E-01    0.111505058593750000000000000000000000000000E+05
    0.566796138882637023925781250000000000000000E-01    0.109676347656250000000000000000000000000000E+05
    0.578246153891086578369140625000000000000000E-01    0.107878720703125000000000000000000000000000E+05
    0.589927472174167633056640625000000000000000E-01    0.106104882812500000000000000000000000000000E+05
    0.601844787597656250000000000000000000000000E-01    0.104348007812500000000000000000000000000000E+05
    0.614003166556358337402343750000000000000000E-01    0.102599521484375000000000000000000000000000E+05
    0.626406818628311157226562500000000000000000E-01    0.100833066406250000000000000000000000000000E+05
    0.639061108231544494628906250000000000000000E-01    0.990150781250000000000000000000000000000000E+04
    0.651970952749252319335937500000000000000000E-01    0.971147656250000000000000000000000000000000E+04
    0.665141642093658447265625000000000000000000E-01    0.951166308593750000000000000000000000000000E+04
    0.678578317165374755859375000000000000000000E-01    0.930274121093750000000000000000000000000000E+04
    0.692286565899848937988281250000000000000000E-01    0.908560058593750000000000000000000000000000E+04
    0.706271678209304809570312500000000000000000E-01    0.886060253906250000000000000000000000000000E+04
    0.720539242029190063476562500000000000000000E-01    0.862653222656250000000000000000000000000000E+04
    0.735095068812370300292968750000000000000000E-01    0.838210253906250000000000000000000000000000E+04
    0.749944970011711120605468750000000000000000E-01    0.812633642578125000000000000000000000000000E+04
    0.765094906091690063476562500000000000000000E-01    0.785862500000000000000000000000000000000000E+04
    0.780550837516784667968750000000000000000000E-01    0.757868847656250000000000000000000000000000E+04
    0.796318948268890380859375000000000000000000E-01    0.728743505859375000000000000000000000000000E+04
    0.812405645847320556640625000000000000000000E-01    0.698785009765625000000000000000000000000000E+04
    0.828817337751388549804687500000000000000000E-01    0.668298193359375000000000000000000000000000E+04
    0.845560505986213684082031250000000000000000E-01    0.637500292968750000000000000000000000000000E+04
    0.862641930580139160156250000000000000000000E-01    0.606532617187500000000000000000000000000000E+04
    0.880068466067314147949218750000000000000000E-01    0.575556298828125000000000000000000000000000E+04
    0.897847041487693786621093750000000000000000E-01    0.544838378906250000000000000000000000000000E+04
    0.915984734892845153808593750000000000000000E-01    0.514648291015625000000000000000000000000000E+04
    0.934488773345947265625000000000000000000000E-01    0.485268798828125000000000000000000000000000E+04
    0.953366756439208984375000000000000000000000E-01    0.456983544921875000000000000000000000000000E+04
    0.972625985741615295410156250000000000000000E-01    0.430016162109375000000000000000000000000000E+04
    0.992274358868598937988281250000000000000000E-01    0.404526806640625000000000000000000000000000E+04
    0.101232007145881652832031250000000000000000E+00    0.380604028320312500000000000000000000000000E+04
    0.103277020156383514404296875000000000000000E+00    0.358296411132812500000000000000000000000000E+04
    0.105363354086875915527343750000000000000000E+00    0.337614306640625000000000000000000000000000E+04
    0.107491828501224517822265625000000000000000E+00    0.318481225585937500000000000000000000000000E+04
    0.109663315117359161376953125000000000000000E+00    0.300793310546875000000000000000000000000000E+04
    0.111878655850887298583984375000000000000000E+00    0.284429565429687500000000000000000000000000E+04
    0.114138752222061157226562500000000000000000E+00    0.269113012695312500000000000000000000000000E+04
    0.116444505751132965087890625000000000000000E+00    0.254539550781250000000000000000000000000000E+04
    0.118796832859516143798828125000000000000000E+00    0.240462377929687500000000000000000000000000E+04
    0.121196687221527099609375000000000000000000E+00    0.226694384765625000000000000000000000000000E+04
    0.123645029962062835693359375000000000000000E+00    0.213094433593750000000000000000000000000000E+04
    0.126142814755439758300781250000000000000000E+00    0.199536010742187500000000000000000000000000E+04
    0.128691077232360839843750000000000000000000E+00    0.185890112304687500000000000000000000000000E+04
    0.131290808320045471191406250000000000000000E+00    0.172082995605468750000000000000000000000000E+04
    0.133943051099777221679687500000000000000000E+00    0.158124536132812500000000000000000000000000E+04
    0.136648878455162048339843750000000000000000E+00    0.144085180664062500000000000000000000000000E+04
    0.139409363269805908203125000000000000000000E+00    0.130101025390625000000000000000000000000000E+04
    0.142225623130798339843750000000000000000000E+00    0.116378259277343750000000000000000000000000E+04
    0.145098760724067687988281250000000000000000E+00    0.103137231445312500000000000000000000000000E+04
    0.148029953241348266601562500000000000000000E+00    0.906779113769531250000000000000000000000000E+03
    0.151020348072052001953125000000000000000000E+00    0.792383850097656250000000000000000000000000E+03
    0.154071167111396789550781250000000000000000E+00    0.690041625976562500000000000000000000000000E+03
    0.157183602452278137207031250000000000000000E+00    0.600758728027343750000000000000000000000000E+03
    0.160358920693397521972656250000000000000000E+00    0.524802551269531250000000000000000000000000E+03
    0.163598373532295227050781250000000000000000E+00    0.461861663818359375000000000000000000000000E+03
    0.166903272271156311035156250000000000000000E+00    0.411025146484375000000000000000000000000000E+03
    0.170275032520294189453125000000000000000000E+00    0.371124908447265625000000000000000000000000E+03
    0.173714801669120788574218750000000000000000E+00    0.340572540283203125000000000000000000000000E+03
    0.177224084734916687011718750000000000000000E+00    0.317685729980468750000000000000000000000000E+03
    0.180804237723350524902343750000000000000000E+00    0.300541351318359375000000000000000000000000E+03
    0.184456720948219299316406250000000000000000E+00    0.287222259521484375000000000000000000000000E+03
    0.188182994723320007324218750000000000000000E+00    0.275803619384765625000000000000000000000000E+03
    0.191984534263610839843750000000000000000000E+00    0.264586883544921875000000000000000000000000E+03
    0.195862874388694763183593750000000000000000E+00    0.252289382934570312500000000000000000000000E+03
    0.199819564819335937500000000000000000000000E+00    0.238177597045898437500000000000000000000000E+03
    0.203856185078620910644531250000000000000000E+00    0.222118453979492187500000000000000000000000E+03
    0.207974359393119812011718750000000000000000E+00    0.204541351318359375000000000000000000000000E+03
    0.212175697088241577148437500000000000000000E+00    0.186239654541015625000000000000000000000000E+03
    0.216461926698684692382812500000000000000000E+00    0.168237884521484375000000000000000000000000E+03
    0.220834761857986450195312500000000000000000E+00    0.151408355712890625000000000000000000000000E+03
    0.225295916199684143066406250000000000000000E+00    0.136401229858398437500000000000000000000000E+03
    0.229847192764282226562500000000000000000000E+00    0.123648674011230468750000000000000000000000E+03
    0.234490394592285156250000000000000000000000E+00    0.113228294372558593750000000000000000000000E+03
    0.239227414131164550781250000000000000000000E+00    0.104899192810058593750000000000000000000000E+03
    0.244060128927230834960937500000000000000000E+00    0.981517410278320312500000000000000000000000E+02
    0.248990446329116821289062500000000000000000E+00    0.923242950439453125000000000000000000000000E+02
    0.254020392894744873046875000000000000000000E+00    0.868482742309570312500000000000000000000000E+02
    0.259151935577392578125000000000000000000000E+00    0.813126983642578125000000000000000000000000E+02
    0.264387160539627075195312500000000000000000E+00    0.754636077880859375000000000000000000000000E+02
    0.269728124141693115234375000000000000000000E+00    0.692354354858398437500000000000000000000000E+02
    0.275177001953125000000000000000000000000000E+00    0.628448295593261718750000000000000000000000E+02
    0.280736058950424194335937500000000000000000E+00    0.566786651611328125000000000000000000000000E+02
    0.286407291889190673828125000000000000000000E+00    0.511090126037597656250000000000000000000000E+02
    0.292193114757537841796875000000000000000000E+00    0.463579063415527343750000000000000000000000E+02
    0.298095792531967163085937500000000000000000E+00    0.424736938476562500000000000000000000000000E+02
    0.304117560386657714843750000000000000000000E+00    0.393741607666015625000000000000000000000000E+02
    0.310261309146881103515625000000000000000000E+00    0.368521385192871093750000000000000000000000E+02
    0.316528826951980590820312500000000000000000E+00    0.346270942687988281250000000000000000000000E+02
    0.322923272848129272460937500000000000000000E+00    0.324334831237792968750000000000000000000000E+02
    0.329446613788604736328125000000000000000000E+00    0.301051940917968750000000000000000000000000E+02
    0.336102008819580078125000000000000000000000E+00    0.276138153076171875000000000000000000000000E+02
    0.342891573905944824218750000000000000000000E+00    0.250771732330322265625000000000000000000000E+02
    0.349818587303161621093750000000000000000000E+00    0.226848449707031250000000000000000000000000E+02
    0.356885224580764770507812500000000000000000E+00    0.206066570281982421875000000000000000000000E+02
    0.364094972610473632812500000000000000000000E+00    0.189262275695800781250000000000000000000000E+02
    0.371450334787368774414062500000000000000000E+00    0.175961875915527343750000000000000000000000E+02
    0.378953933715820312500000000000000000000000E+00    0.164633827209472656250000000000000000000000E+02
    0.386609494686126708984375000000000000000000E+00    0.153751201629638671875000000000000000000000E+02
    0.394419312477111816406250000000000000000000E+00    0.142436389923095703125000000000000000000000E+02
    0.402387291193008422851562500000000000000000E+00    0.130758352279663085937500000000000000000000E+02
    0.410515844821929931640625000000000000000000E+00    0.119501895904541015625000000000000000000000E+02
    0.418809026479721069335937500000000000000000E+00    0.109436264038085937500000000000000000000000E+02
    0.427269339561462402343750000000000000000000E+00    0.100792675018310546875000000000000000000000E+02
    0.435900926589965820312500000000000000000000E+00    0.933578014373779296875000000000000000000000E+01
    0.444706469774246215820312500000000000000000E+00    0.867490577697753906250000000000000000000000E+01
    0.453690379858016967773437500000000000000000E+00    0.806044673919677734375000000000000000000000E+01
    0.462855309247970581054687500000000000000000E+00    0.747000169754028320312500000000000000000000E+01
    0.472205787897109985351562500000000000000000E+00    0.689574956893920898437500000000000000000000E+01
    0.481744766235351562500000000000000000000000E+00    0.635136079788208007812500000000000000000000E+01
    0.491476893424987792968750000000000000000000E+00    0.586156415939331054687500000000000000000000E+01
    0.501405119895935058593750000000000000000000E+00    0.543456459045410156250000000000000000000000E+01
    0.511534392833709716796875000000000000000000E+00    0.505257129669189453125000000000000000000000E+01
    0.521867811679840087890625000000000000000000E+00    0.469485759735107421875000000000000000000000E+01
    0.532410502433776855468750000000000000000000E+00    0.435519504547119140625000000000000000000000E+01
    0.543165624141693115234375000000000000000000E+00    0.403648185729980468750000000000000000000000E+01
    0.554138541221618652343750000000000000000000E+00    0.374176979064941406250000000000000000000000E+01
    0.565332591533660888671875000000000000000000E+00    0.347445201873779296875000000000000000000000E+01
    0.576753377914428710937500000000000000000000E+00    0.323368692398071289062500000000000000000000E+01
    0.588404297828674316406250000000000000000000E+00    0.301094841957092285156250000000000000000000E+01
    0.600291073322296142578125000000000000000000E+00    0.280145096778869628906250000000000000000000E+01
    0.612418055534362792968750000000000000000000E+00    0.260688066482543945312500000000000000000000E+01
    0.624789416790008544921875000000000000000000E+00    0.242717218399047851562500000000000000000000E+01
    0.637411296367645263671875000000000000000000E+00    0.226213788986206054687500000000000000000000E+01
    0.650287508964538574218750000000000000000000E+00    0.211029648780822753906250000000000000000000E+01
    0.663424491882324218750000000000000000000000E+00    0.197008168697357177734375000000000000000000E+01
    0.676826238632202148437500000000000000000000E+00    0.184014379978179931640625000000000000000000E+01
    0.690499365329742431640625000000000000000000E+00    0.171943688392639160156250000000000000000000E+01
    0.704448044300079345703125000000000000000000E+00    0.160734760761260986328125000000000000000000E+01
    0.718679130077362060546875000000000000000000E+00    0.150334560871124267578125000000000000000000E+01
    0.733197033405303955078125000000000000000000E+00    0.140691781044006347656250000000000000000000E+01
    0.748008966445922851562500000000000000000000E+00    0.131750559806823730468750000000000000000000E+01
    0.763119339942932128906250000000000000000000E+00    0.123452270030975341796875000000000000000000E+01
    0.778535783290863037109375000000000000000000E+00    0.115743446350097656250000000000000000000000E+01
    0.794262826442718505859375000000000000000000E+00    0.108575880527496337890625000000000000000000E+01
    0.810308396816253662109375000000000000000000E+00    0.101907432079315185546875000000000000000000E+01
    0.826677322387695312500000000000000000000000E+00    0.957002043724060058593750000000000000000000E+00
    0.843377590179443359375000000000000000000000E+00    0.899193644523620605468750000000000000000000E+00
    0.860414624214172363281250000000000000000000E+00    0.845327198505401611328125000000000000000000E+00
    0.877796530723571777343750000000000000000000E+00    0.795103192329406738281250000000000000000000E+00
    0.895528674125671386718750000000000000000000E+00    0.748246192932128906250000000000000000000000E+00
    0.913619995117187500000000000000000000000000E+00    0.704503595829010009765625000000000000000000E+00
    0.932075977325439453125000000000000000000000E+00    0.663640975952148437500000000000000000000000E+00
    0.950905561447143554687500000000000000000000E+00    0.625441372394561767578125000000000000000000E+00
    0.970114648342132568359375000000000000000000E+00    0.589705705642700195312500000000000000000000E+00
    0.989712655544281005859375000000000000000000E+00    0.556252658367156982421875000000000000000000E+00
    0.100970673561096191406250000000000000000000E+01    0.524919629096984863281250000000000000000000E+00
    0.103010356426239013671875000000000000000000E+01    0.495558112859725952148437500000000000000000E+00
    0.105091357231140136718750000000000000000000E+01    0.468028455972671508789062500000000000000000E+00
    0.107214283943176269531250000000000000000000E+01    0.442193925380706787109375000000000000000000E+00
    0.109380209445953369140625000000000000000000E+01    0.417909651994705200195312500000000000000000E+00
    0.111589777469635009765625000000000000000000E+01    0.395107597112655639648437500000000000000000E+00
    0.113844096660614013671875000000000000000000E+01    0.373661458492279052734375000000000000000000E+00
    0.116143846511840820312500000000000000000000E+01    0.353532701730728149414062500000000000000000E+00
    0.118490147590637207031250000000000000000000E+01    0.334577679634094238281250000000000000000000E+00
    0.120883750915527343750000000000000000000000E+01    0.316730946302413940429687500000000000000000E+00
    0.123325824737548828125000000000000000000000E+01    0.299915611743927001953125000000000000000000E+00
    0.125817120075225830078125000000000000000000E+01    0.284071236848831176757812500000000000000000E+00
    0.128358840942382812500000000000000000000000E+01    0.269129186868667602539062500000000000000000E+00
    0.130951797962188720703125000000000000000000E+01    0.255019575357437133789062500000000000000000E+00
    0.133597266674041748046875000000000000000000E+01    0.241718843579292297363281250000000000000000E+00
    0.136296045780181884765625000000000000000000E+01    0.229144260287284851074218750000000000000000E+00
    0.139049470424652099609375000000000000000000E+01    0.217277318239212036132812500000000000000000E+00
    0.141858386993408203125000000000000000000000E+01    0.206053569912910461425781250000000000000000E+00
    0.144724178314208984375000000000000000000000E+01    0.195439621806144714355468750000000000000000E+00
    0.147647726535797119140625000000000000000000E+01    0.185418903827667236328125000000000000000000E+00
    0.150630474090576171875000000000000000000000E+01    0.175930485129356384277343750000000000000000E+00
    0.153673338890075683593750000000000000000000E+01    0.166947096586227416992187500000000000000000E+00
    0.156777822971343994140625000000000000000000E+01    0.158443942666053771972656250000000000000000E+00
    0.159944856166839599609375000000000000000000E+01    0.150391384959220886230468750000000000000000E+00
    0.163176035881042480468750000000000000000000E+01    0.142764434218406677246093750000000000000000E+00
    0.166472315788269042968750000000000000000000E+01    0.135532945394515991210937500000000000000000E+00
    0.169835364818572998046875000000000000000000E+01    0.128685951232910156250000000000000000000000E+00
    0.173266339302062988281250000000000000000000E+01    0.122191585600376129150390625000000000000000E+00
    0.176766479015350341796875000000000000000000E+01    0.116033025085926055908203125000000000000000E+00
    0.180337476730346679687500000000000000000000E+01    0.110188633203506469726562500000000000000000E+00
    0.183980441093444824218750000000000000000000E+01    0.104645274579524993896484375000000000000000E+00
    0.187697184085845947265625000000000000000000E+01    0.993909537792205810546875000000000000000000E-01
    0.191488826274871826171875000000000000000000E+01    0.944034829735755920410156250000000000000000E-01
    0.195357239246368408203125000000000000000000E+01    0.896698310971260070800781250000000000000000E-01
    0.199303627014160156250000000000000000000000E+01    0.851759910583496093750000000000000000000000E-01
    0.203329920768737792968750000000000000000000E+01    0.809088349342346191406250000000000000000000E-01
    0.207437348365783691406250000000000000000000E+01    0.768583118915557861328125000000000000000000E-01
    0.211627960205078125000000000000000000000000E+01    0.730108171701431274414062500000000000000000E-01
    0.215903019905090332031250000000000000000000E+01    0.693567842245101928710937500000000000000000E-01
    0.220264649391174316406250000000000000000000E+01    0.658870264887809753417968750000000000000000E-01
    0.224714183807373046875000000000000000000000E+01    0.625921711325645446777343750000000000000000E-01
    0.229253816604614257812500000000000000000000E+01    0.594621635973453521728515625000000000000000E-01
    0.233884930610656738281250000000000000000000E+01    0.564874447882175445556640625000000000000000E-01
    0.238609838485717773437500000000000000000000E+01    0.536640919744968414306640625000000000000000E-01
    0.243429946899414062500000000000000000000000E+01    0.509801916778087615966796875000000000000000E-01
    0.248347663879394531250000000000000000000000E+01    0.484293401241302490234375000000000000000000E-01
    0.253364515304565429687500000000000000000000E+01    0.460051521658897399902343750000000000000000E-01
    0.258482933044433593750000000000000000000000E+01    0.437039211392402648925781250000000000000000E-01
    0.263704514503479003906250000000000000000000E+01    0.415160134434700012207031250000000000000000E-01
    0.269031810760498046875000000000000000000000E+01    0.394378602504730224609375000000000000000000E-01
    0.274466466903686523437500000000000000000000E+01    0.374628268182277679443359375000000000000000E-01
    0.280011177062988281250000000000000000000000E+01    0.355851873755455017089843750000000000000000E-01
    0.285667920112609863281250000000000000000000E+01    0.338025316596031188964843750000000000000000E-01
    0.291438651084899902343750000000000000000000E+01    0.321076549589633941650390625000000000000000E-01
    0.297326231002807617187500000000000000000000E+01    0.304968170821666717529296875000000000000000E-01
    0.303332471847534179687500000000000000000000E+01    0.289663448929786682128906250000000000000000E-01
    0.309460353851318359375000000000000000000000E+01    0.275113824754953384399414062500000000000000E-01
    0.315711688995361328125000000000000000000000E+01    0.261299163103103637695312500000000000000000E-01
    0.322089648246765136718750000000000000000000E+01    0.248169377446174621582031250000000000000000E-01
    0.328596115112304687500000000000000000000000E+01    0.235694404691457748413085937500000000000000E-01
    0.335234355926513671875000000000000000000000E+01    0.223840102553367614746093750000000000000000E-01
    0.342006349563598632812500000000000000000000E+01    0.212569646537303924560546875000000000000000E-01
    0.348915529251098632812500000000000000000000E+01    0.201859548687934875488281250000000000000000E-01
    0.355963897705078125000000000000000000000000E+01    0.191691834479570388793945312500000000000000E-01
    0.363155031204223632812500000000000000000000E+01    0.182028990238904953002929687500000000000000E-01
    0.370491051673889160156250000000000000000000E+01    0.172849390655755996704101562500000000000000E-01
    0.377975654602050781250000000000000000000000E+01    0.164126455783843994140625000000000000000000E-01
    0.385611033439636230468750000000000000000000E+01    0.155834686011075973510742187500000000000000E-01
    0.393401122093200683593750000000000000000000E+01    0.147960102185606956481933593750000000000000E-01
    0.401348161697387695312500000000000000000000E+01    0.140476664528250694274902343750000000000000E-01
    0.409456062316894531250000000000000000000000E+01    0.133372237905859947204589843750000000000000E-01
    0.417727470397949218750000000000000000000000E+01    0.126621183007955551147460937500000000000000E-01
    0.426166296005249023437500000000000000000000E+01    0.120208766311407089233398437500000000000000E-01
    0.434775209426879882812500000000000000000000E+01    0.114117339253425598144531250000000000000000E-01
    0.443558454513549804687500000000000000000000E+01    0.108329355716705322265625000000000000000000E-01
