    0.10000E-03    0.49434E+03
    0.10202E-03    0.50397E+03
    0.10408E-03    0.51379E+03
    0.10618E-03    0.52380E+03
    0.10833E-03    0.53400E+03
    0.11052E-03    0.54441E+03
    0.11275E-03    0.55501E+03
    0.11503E-03    0.56583E+03
    0.11735E-03    0.57685E+03
    0.11972E-03    0.58808E+03
    0.12214E-03    0.59954E+03
    0.12461E-03    0.61122E+03
    0.12712E-03    0.62312E+03
    0.12969E-03    0.63526E+03
    0.13231E-03    0.64763E+03
    0.13499E-03    0.66024E+03
    0.13771E-03    0.67310E+03
    0.14049E-03    0.68621E+03
    0.14333E-03    0.69957E+03
    0.14623E-03    0.71319E+03
    0.14918E-03    0.72708E+03
    0.15220E-03    0.74123E+03
    0.15527E-03    0.75567E+03
    0.15841E-03    0.77038E+03
    0.16161E-03    0.78537E+03
    0.16487E-03    0.80066E+03
    0.16820E-03    0.81624E+03
    0.17160E-03    0.83213E+03
    0.17507E-03    0.84832E+03
    0.17860E-03    0.86483E+03
    0.18221E-03    0.88165E+03
    0.18589E-03    0.89881E+03
    0.18965E-03    0.91629E+03
    0.19348E-03    0.93411E+03
    0.19739E-03    0.95228E+03
    0.20138E-03    0.97080E+03
    0.20544E-03    0.98968E+03
    0.20959E-03    0.10089E+04
    0.21383E-03    0.10285E+04
    0.21815E-03    0.10485E+04
    0.22255E-03    0.10689E+04
    0.22705E-03    0.10897E+04
    0.23164E-03    0.11109E+04
    0.23632E-03    0.11324E+04
    0.24109E-03    0.11544E+04
    0.24596E-03    0.11769E+04
    0.25093E-03    0.11997E+04
    0.25600E-03    0.12230E+04
    0.26117E-03    0.12468E+04
    0.26645E-03    0.12710E+04
    0.27183E-03    0.12956E+04
    0.27732E-03    0.13208E+04
    0.28292E-03    0.13464E+04
    0.28864E-03    0.13725E+04
    0.29447E-03    0.13991E+04
    0.30042E-03    0.14263E+04
    0.30649E-03    0.14539E+04
    0.31268E-03    0.14821E+04
    0.31899E-03    0.15108E+04
    0.32544E-03    0.15401E+04
    0.33201E-03    0.15699E+04
    0.33872E-03    0.16003E+04
    0.34556E-03    0.16313E+04
    0.35254E-03    0.16629E+04
    0.35966E-03    0.16950E+04
    0.36693E-03    0.17278E+04
    0.37434E-03    0.17612E+04
    0.38190E-03    0.17953E+04
    0.38962E-03    0.18299E+04
    0.39749E-03    0.18653E+04
    0.40552E-03    0.19013E+04
    0.41371E-03    0.19380E+04
    0.42207E-03    0.19754E+04
    0.43060E-03    0.20135E+04
    0.43929E-03    0.20523E+04
    0.44817E-03    0.20918E+04
    0.45722E-03    0.21321E+04
    0.46646E-03    0.21732E+04
    0.47588E-03    0.22150E+04
    0.48550E-03    0.22576E+04
    0.49530E-03    0.23010E+04
    0.50531E-03    0.23452E+04
    0.51552E-03    0.23902E+04
    0.52593E-03    0.24361E+04
    0.53656E-03    0.24828E+04
    0.54739E-03    0.25304E+04
    0.55845E-03    0.25789E+04
    0.56973E-03    0.26283E+04
    0.58124E-03    0.26786E+04
    0.59299E-03    0.27298E+04
    0.60496E-03    0.27819E+04
    0.61719E-03    0.28351E+04
    0.62965E-03    0.28892E+04
    0.64237E-03    0.29442E+04
    0.65535E-03    0.30003E+04
    0.66859E-03    0.30574E+04
    0.68210E-03    0.31156E+04
    0.69588E-03    0.31748E+04
    0.70993E-03    0.32350E+04
    0.72427E-03    0.32964E+04
    0.73891E-03    0.33589E+04
    0.75383E-03    0.34224E+04
    0.76906E-03    0.34872E+04
    0.78460E-03    0.35530E+04
    0.80045E-03    0.36201E+04
    0.81662E-03    0.36883E+04
    0.83311E-03    0.37578E+04
    0.84994E-03    0.38284E+04
    0.86711E-03    0.39003E+04
    0.88463E-03    0.39735E+04
    0.90250E-03    0.40479E+04
    0.92073E-03    0.41237E+04
    0.93933E-03    0.42007E+04
    0.95831E-03    0.42791E+04
    0.97767E-03    0.43588E+04
    0.99742E-03    0.44399E+04
    0.10176E-02    0.45224E+04
    0.10381E-02    0.46063E+04
    0.10591E-02    0.46915E+04
    0.10805E-02    0.47783E+04
    0.11023E-02    0.48664E+04
    0.11246E-02    0.49561E+04
    0.11473E-02    0.50472E+04
    0.11705E-02    0.51398E+04
    0.11941E-02    0.52339E+04
    0.12182E-02    0.53296E+04
    0.12429E-02    0.54268E+04
    0.12680E-02    0.55255E+04
    0.12936E-02    0.56259E+04
    0.13197E-02    0.57278E+04
    0.13464E-02    0.58313E+04
    0.13736E-02    0.59365E+04
    0.14013E-02    0.60432E+04
    0.14296E-02    0.61517E+04
    0.14585E-02    0.62617E+04
    0.14880E-02    0.63735E+04
    0.15180E-02    0.64869E+04
    0.15487E-02    0.66020E+04
    0.15800E-02    0.67187E+04
    0.16119E-02    0.68372E+04
    0.16445E-02    0.69574E+04
    0.16777E-02    0.70793E+04
    0.17116E-02    0.72029E+04
    0.17462E-02    0.73283E+04
    0.17814E-02    0.74553E+04
    0.18174E-02    0.75841E+04
    0.18541E-02    0.77147E+04
    0.18916E-02    0.78469E+04
    0.19298E-02    0.79809E+04
    0.19688E-02    0.81166E+04
    0.20086E-02    0.82540E+04
    0.20491E-02    0.83931E+04
    0.20905E-02    0.85339E+04
    0.21328E-02    0.86764E+04
    0.21758E-02    0.88206E+04
    0.22198E-02    0.89665E+04
    0.22646E-02    0.91140E+04
    0.23104E-02    0.92631E+04
    0.23571E-02    0.94138E+04
    0.24047E-02    0.95661E+04
    0.24533E-02    0.97200E+04
    0.25028E-02    0.98754E+04
    0.25534E-02    0.10032E+05
    0.26050E-02    0.10191E+05
    0.26576E-02    0.10351E+05
    0.27113E-02    0.10512E+05
    0.27660E-02    0.10674E+05
    0.28219E-02    0.10838E+05
    0.28789E-02    0.11003E+05
    0.29371E-02    0.11170E+05
    0.29964E-02    0.11337E+05
    0.30569E-02    0.11506E+05
    0.31187E-02    0.11676E+05
    0.31817E-02    0.11846E+05
    0.32460E-02    0.12018E+05
    0.33115E-02    0.12190E+05
    0.33784E-02    0.12363E+05
    0.34467E-02    0.12537E+05
    0.35163E-02    0.12711E+05
    0.35874E-02    0.12886E+05
    0.36598E-02    0.13061E+05
    0.37338E-02    0.13237E+05
    0.38092E-02    0.13412E+05
    0.38861E-02    0.13588E+05
    0.39646E-02    0.13763E+05
    0.40447E-02    0.13938E+05
    0.41264E-02    0.14113E+05
    0.42098E-02    0.14287E+05
    0.42948E-02    0.14461E+05
    0.43816E-02    0.14633E+05
    0.44701E-02    0.14805E+05
    0.45604E-02    0.14976E+05
    0.46525E-02    0.15145E+05
    0.47465E-02    0.15312E+05
    0.48424E-02    0.15478E+05
    0.49402E-02    0.15641E+05
    0.50400E-02    0.15803E+05
    0.51419E-02    0.15962E+05
    0.52457E-02    0.16118E+05
    0.53517E-02    0.16271E+05
    0.54598E-02    0.16421E+05
    0.55701E-02    0.16568E+05
    0.56826E-02    0.16710E+05
    0.57974E-02    0.16849E+05
    0.59145E-02    0.16983E+05
    0.60340E-02    0.17112E+05
    0.61559E-02    0.17235E+05
    0.62803E-02    0.17354E+05
    0.64072E-02    0.17466E+05
    0.65366E-02    0.17572E+05
    0.66686E-02    0.17672E+05
    0.68033E-02    0.17764E+05
    0.69408E-02    0.17849E+05
    0.70810E-02    0.17925E+05
    0.72240E-02    0.17993E+05
    0.73700E-02    0.18053E+05
    0.75189E-02    0.18102E+05
    0.76708E-02    0.18142E+05
    0.78257E-02    0.18171E+05
    0.79838E-02    0.18190E+05
    0.81451E-02    0.18196E+05
    0.83096E-02    0.18190E+05
    0.84775E-02    0.18172E+05
    0.86488E-02    0.18140E+05
    0.88235E-02    0.18094E+05
    0.90017E-02    0.18034E+05
    0.91836E-02    0.17958E+05
    0.93691E-02    0.17866E+05
    0.95583E-02    0.17758E+05
    0.97514E-02    0.17632E+05
    0.99484E-02    0.17489E+05
    0.10149E-01    0.17327E+05
    0.10354E-01    0.17147E+05
    0.10564E-01    0.16947E+05
    0.10777E-01    0.16727E+05
    0.10995E-01    0.16486E+05
    0.11217E-01    0.16225E+05
    0.11443E-01    0.15942E+05
    0.11675E-01    0.15638E+05
    0.11910E-01    0.15312E+05
    0.12151E-01    0.14964E+05
    0.12397E-01    0.14594E+05
    0.12647E-01    0.14202E+05
    0.12902E-01    0.13789E+05
    0.13163E-01    0.13354E+05
    0.13429E-01    0.12899E+05
    0.13700E-01    0.12425E+05
    0.13977E-01    0.11932E+05
    0.14259E-01    0.11422E+05
    0.14547E-01    0.10897E+05
    0.14841E-01    0.10357E+05
    0.15141E-01    0.98034E+04
    0.15447E-01    0.92387E+04
    0.15759E-01    0.86656E+04
    0.16077E-01    0.80871E+04
    0.16402E-01    0.75067E+04
    0.16734E-01    0.69283E+04
    0.17072E-01    0.63560E+04
    0.17416E-01    0.57940E+04
    0.17768E-01    0.52462E+04
    0.18127E-01    0.47165E+04
    0.18493E-01    0.42087E+04
    0.18867E-01    0.37261E+04
    0.19248E-01    0.32706E+04
    0.19637E-01    0.28376E+04
    0.20034E-01    0.24245E+04
    0.20438E-01    0.20323E+04
    0.20851E-01    0.16650E+04
    0.21272E-01    0.13298E+04
    0.21702E-01    0.10395E+04
    0.22141E-01    0.79991E+03
    0.22588E-01    0.60948E+03
    0.23044E-01    0.46250E+03
    0.23510E-01    0.34886E+03
    0.23985E-01    0.25236E+03
    0.24469E-01    0.16732E+03
    0.24964E-01    0.97201E+02
    0.25468E-01    0.47286E+02
    0.25982E-01    0.19045E+02
    0.26507E-01    0.71382E+01
    0.27043E-01    0.28850E+01
    0.27589E-01    0.14570E+01
    0.28146E-01    0.10654E+01
    0.28715E-01    0.12287E+01
    0.29295E-01    0.19840E+01
    0.29887E-01    0.38173E+01
    0.30490E-01    0.74487E+01
    0.31106E-01    0.12545E+02
    0.31735E-01    0.16372E+02
    0.32376E-01    0.17331E+02
    0.33030E-01    0.16016E+02
    0.33697E-01    0.13902E+02
    0.34378E-01    0.12197E+02
    0.35072E-01    0.11368E+02
    0.35781E-01    0.11146E+02
    0.36504E-01    0.11281E+02
    0.37241E-01    0.11567E+02
    0.37993E-01    0.11789E+02
    0.38761E-01    0.11741E+02
    0.39544E-01    0.11273E+02
    0.40343E-01    0.10303E+02
    0.41158E-01    0.88466E+01
    0.41989E-01    0.70536E+01
    0.42838E-01    0.53380E+01
    0.43703E-01    0.40778E+01
    0.44586E-01    0.33517E+01
    0.45486E-01    0.31594E+01
    0.46405E-01    0.33762E+01
    0.47343E-01    0.32055E+01
    0.48299E-01    0.20272E+01
    0.49275E-01    0.64017E+00
    0.50270E-01    0.94123E-01
    0.51286E-01    0.11804E-01
    0.52322E-01    0.26353E-02
    0.53379E-01    0.21555E-02
    0.54457E-01    0.71582E-02
    0.55557E-01    0.45873E-01
    0.56680E-01    0.25364E+00
    0.57825E-01    0.63317E+00
    0.58993E-01    0.81087E+00
    0.60184E-01    0.76822E+00
    0.61400E-01    0.75626E+00
    0.62641E-01    0.83064E+00
    0.63906E-01    0.93426E+00
    0.65197E-01    0.99014E+00
    0.66514E-01    0.95723E+00
    0.67858E-01    0.84404E+00
    0.69229E-01    0.68426E+00
    0.70627E-01    0.54272E+00
    0.72054E-01    0.45865E+00
    0.73510E-01    0.39775E+00
    0.74994E-01    0.23936E+00
    0.76509E-01    0.66173E-01
    0.78055E-01    0.12144E-01
    0.79632E-01    0.42659E-02
    0.81241E-01    0.57089E-02
    0.82882E-01    0.18379E-01
    0.84556E-01    0.73014E-01
    0.86264E-01    0.19179E+00
    0.88007E-01    0.29017E+00
    0.89785E-01    0.29859E+00
    0.91598E-01    0.24818E+00
    0.93449E-01    0.20302E+00
    0.95337E-01    0.20484E+00
    0.97263E-01    0.31276E+00
    0.99227E-01    0.46249E+00
    0.10123E+00    0.20317E+00
    0.10328E+00    0.91648E-02
    0.10536E+00    0.14565E-03
    0.10749E+00    0.15696E-04
    0.10966E+00    0.10273E-03
    0.11188E+00    0.58921E-02
    0.11414E+00    0.11905E+00
    0.11644E+00    0.21579E+00
    0.11880E+00    0.12425E+00
    0.12120E+00    0.81315E-01
    0.12365E+00    0.85582E-01
    0.12614E+00    0.14239E+00
    0.12869E+00    0.11581E+00
    0.13129E+00    0.66153E-02
    0.13394E+00    0.77773E-04
    0.13665E+00    0.25989E-04
    0.13941E+00    0.11384E-02
    0.14223E+00    0.48093E-01
    0.14510E+00    0.90347E-01
    0.14803E+00    0.43702E-01
    0.15102E+00    0.32049E-01
    0.15407E+00    0.77009E-01
    0.15718E+00    0.70355E-01
    0.16036E+00    0.17078E-03
    0.16360E+00    0.29869E-06
    0.16690E+00    0.19513E-04
    0.17028E+00    0.22353E-01
    0.17371E+00    0.45090E-01
    0.17722E+00    0.17029E-01
    0.18080E+00    0.20861E-01
    0.18446E+00    0.24572E-01
    0.18818E+00    0.13391E-02
    0.19198E+00    0.34809E-04
    0.19586E+00    0.51065E-03
    0.19982E+00    0.10638E-01
    0.20386E+00    0.10247E-01
    0.20797E+00    0.93510E-02
    0.21218E+00    0.96769E-02
    0.21646E+00    0.11234E-02
    0.22083E+00    0.89134E-04
    0.22530E+00    0.89608E-03
    0.22985E+00    0.40082E-02
    0.23449E+00    0.43976E-02
    0.23923E+00    0.43459E-02
    0.24406E+00    0.11768E-02
    0.24899E+00    0.11248E-03
    0.25402E+00    0.39789E-03
    0.25915E+00    0.15279E-02
    0.26439E+00    0.19770E-02
    0.26973E+00    0.14471E-02
    0.27518E+00    0.18926E-03
    0.28074E+00    0.85148E-04
    0.28641E+00    0.40149E-03
    0.29219E+00    0.85243E-03
    0.29810E+00    0.60583E-03
    0.30412E+00    0.11878E-03
    0.31026E+00    0.22325E-04
    0.31653E+00    0.22999E-03
    0.32292E+00    0.31646E-03
    0.32945E+00    0.19186E-03
    0.33610E+00    0.72524E-05
    0.34289E+00    0.22448E-04
    0.34982E+00    0.14026E-03
    0.35689E+00    0.12716E-03
    0.36409E+00    0.40982E-06
    0.37145E+00    0.29160E-05
    0.37895E+00    0.44800E-04
    0.38661E+00    0.45091E-04
    0.39442E+00    0.83289E-06
    0.40239E+00    0.91761E-05
    0.41052E+00    0.19444E-04
    0.41881E+00    0.71723E-05
    0.42727E+00    0.75423E-06
    0.43590E+00    0.67363E-05
    0.44471E+00    0.54467E-05
    0.45369E+00    0.33376E-06
    0.46286E+00    0.15552E-05
    0.47221E+00    0.16115E-05
    0.48174E+00    0.63645E-08
    0.49148E+00    0.59939E-06
    0.50141E+00    0.75402E-06
    0.51153E+00    0.32494E-07
    0.52187E+00    0.21983E-06
    0.53241E+00    0.33261E-06
    0.54317E+00    0.18639E-07
    0.55414E+00    0.10162E-06
    0.56533E+00    0.68858E-07
    0.57675E+00    0.17320E-08
    0.58840E+00    0.45676E-07
    0.60029E+00    0.47877E-08
    0.61242E+00    0.10816E-07
    0.62479E+00    0.13764E-06
    0.63741E+00    0.66710E-07
    0.65029E+00    0.81767E-08
    0.66342E+00    0.15630E-08
    0.67683E+00    0.82856E-09
    0.69050E+00    0.77029E-09
    0.70445E+00    0.76961E-09
    0.71868E+00    0.55426E-09
    0.73320E+00    0.30466E-09
    0.74801E+00    0.15632E-09
    0.76312E+00    0.91477E-10
    0.77854E+00    0.67715E-10
    0.79426E+00    0.58952E-10
    0.81031E+00    0.55078E-10
    0.82668E+00    0.50594E-10
    0.84338E+00    0.44235E-10
    0.86041E+00    0.37081E-10
    0.87780E+00    0.30048E-10
    0.89553E+00    0.23868E-10
    0.91362E+00    0.19317E-10
    0.93208E+00    0.16667E-10
    0.95091E+00    0.16026E-10
    0.97011E+00    0.16933E-10
    0.98971E+00    0.17676E-10
    0.10097E+01    0.16257E-10
    0.10301E+01    0.16107E-10
    0.10509E+01    0.17141E-10
    0.10721E+01    0.20009E-10
    0.10938E+01    0.18157E-10
    0.11159E+01    0.17811E-10
    0.11384E+01    0.13620E-10
    0.11614E+01    0.11223E-10
    0.11849E+01    0.71101E-11
    0.12088E+01    0.57399E-11
    0.12333E+01    0.51191E-11
    0.12582E+01    0.44539E-11
    0.12836E+01    0.51574E-11
    0.13095E+01    0.66255E-11
    0.13360E+01    0.77157E-11
    0.13630E+01    0.79397E-11
    0.13905E+01    0.71587E-11
    0.14186E+01    0.60490E-11
    0.14472E+01    0.49023E-11
    0.14765E+01    0.39542E-11
