  0.104605E-04  0.199302E+08  0.199302E+08  0.265598E+08  0.265594E+08  0.199327E+08  0.199301E+08  0.525991E+00  0.199302E+08
  0.115504E-04  0.199302E+08  0.199302E+08  0.265567E+08  0.265563E+08  0.199327E+08  0.199301E+08  0.525991E+00  0.199302E+08
  0.127540E-04  0.199302E+08  0.199302E+08  0.265530E+08  0.265525E+08  0.199326E+08  0.199301E+08  0.525991E+00  0.199302E+08
  0.140829E-04  0.199302E+08  0.199302E+08  0.265485E+08  0.265478E+08  0.199326E+08  0.199301E+08  0.525991E+00  0.199302E+08
  0.155503E-04  0.199302E+08  0.199302E+08  0.265430E+08  0.265421E+08  0.199326E+08  0.199300E+08  0.525991E+00  0.199302E+08
  0.171706E-04  0.199302E+08  0.199302E+08  0.265362E+08  0.265352E+08  0.199326E+08  0.199300E+08  0.525991E+00  0.199302E+08
  0.189597E-04  0.199302E+08  0.199302E+08  0.265280E+08  0.265268E+08  0.199325E+08  0.199300E+08  0.525990E+00  0.199302E+08
  0.209352E-04  0.199301E+08  0.199301E+08  0.265181E+08  0.265166E+08  0.199325E+08  0.199300E+08  0.525990E+00  0.199302E+08
  0.231166E-04  0.199301E+08  0.199301E+08  0.265059E+08  0.265041E+08  0.199324E+08  0.199300E+08  0.525990E+00  0.199301E+08
  0.255253E-04  0.199301E+08  0.199301E+08  0.264910E+08  0.264888E+08  0.199323E+08  0.199299E+08  0.525990E+00  0.199301E+08
  0.281849E-04  0.199301E+08  0.199300E+08  0.264730E+08  0.264703E+08  0.199322E+08  0.199299E+08  0.525990E+00  0.199301E+08
  0.311217E-04  0.199300E+08  0.199300E+08  0.264509E+08  0.264476E+08  0.199321E+08  0.199299E+08  0.525990E+00  0.199300E+08
  0.343645E-04  0.199300E+08  0.199300E+08  0.264241E+08  0.264201E+08  0.199320E+08  0.199298E+08  0.525989E+00  0.199300E+08
  0.379452E-04  0.199299E+08  0.199299E+08  0.263914E+08  0.263865E+08  0.199318E+08  0.199298E+08  0.525989E+00  0.199299E+08
  0.418990E-04  0.199298E+08  0.199298E+08  0.263516E+08  0.263457E+08  0.199316E+08  0.199297E+08  0.525989E+00  0.199298E+08
  0.462647E-04  0.199297E+08  0.199297E+08  0.263031E+08  0.262959E+08  0.199314E+08  0.199296E+08  0.525988E+00  0.199297E+08
  0.510853E-04  0.199296E+08  0.199296E+08  0.262442E+08  0.262354E+08  0.199311E+08  0.199295E+08  0.525988E+00  0.199296E+08
  0.564083E-04  0.199295E+08  0.199295E+08  0.261724E+08  0.261617E+08  0.199307E+08  0.199294E+08  0.525987E+00  0.199295E+08
  0.622858E-04  0.199293E+08  0.199293E+08  0.260852E+08  0.260722E+08  0.199303E+08  0.199292E+08  0.525986E+00  0.199293E+08
  0.687758E-04  0.199291E+08  0.199291E+08  0.259792E+08  0.259634E+08  0.199298E+08  0.199290E+08  0.525985E+00  0.199291E+08
  0.759421E-04  0.199289E+08  0.199289E+08  0.258506E+08  0.258313E+08  0.199291E+08  0.199287E+08  0.525984E+00  0.199289E+08
  0.838550E-04  0.199286E+08  0.199286E+08  0.256945E+08  0.256711E+08  0.199283E+08  0.199285E+08  0.525983E+00  0.199286E+08
  0.925924E-04  0.199282E+08  0.199282E+08  0.255053E+08  0.254770E+08  0.199273E+08  0.199281E+08  0.525981E+00  0.199282E+08
  0.102240E-03  0.199278E+08  0.199277E+08  0.252764E+08  0.252422E+08  0.199261E+08  0.199277E+08  0.525979E+00  0.199278E+08
  0.112893E-03  0.199273E+08  0.199272E+08  0.249999E+08  0.249585E+08  0.199247E+08  0.199271E+08  0.525976E+00  0.199272E+08
  0.124656E-03  0.199266E+08  0.199265E+08  0.246666E+08  0.246166E+08  0.199229E+08  0.199265E+08  0.525973E+00  0.199266E+08
  0.137645E-03  0.199258E+08  0.199257E+08  0.242657E+08  0.242055E+08  0.199208E+08  0.199257E+08  0.525969E+00  0.199258E+08
  0.151988E-03  0.199249E+08  0.199247E+08  0.237850E+08  0.237128E+08  0.199182E+08  0.199247E+08  0.525965E+00  0.199248E+08
  0.167824E-03  0.199237E+08  0.199235E+08  0.232109E+08  0.231245E+08  0.199150E+08  0.199235E+08  0.525959E+00  0.199236E+08
  0.185311E-03  0.199223E+08  0.199221E+08  0.225282E+08  0.224253E+08  0.199111E+08  0.199221E+08  0.525953E+00  0.199221E+08
  0.204620E-03  0.199205E+08  0.199203E+08  0.217210E+08  0.215990E+08  0.199064E+08  0.199204E+08  0.525945E+00  0.199204E+08
  0.225940E-03  0.199184E+08  0.199182E+08  0.207731E+08  0.206295E+08  0.199007E+08  0.199183E+08  0.525935E+00  0.199182E+08
  0.249483E-03  0.199159E+08  0.199156E+08  0.196695E+08  0.195015E+08  0.198937E+08  0.199157E+08  0.525924E+00  0.199156E+08
  0.275478E-03  0.199128E+08  0.199124E+08  0.183979E+08  0.182034E+08  0.198853E+08  0.199126E+08  0.525911E+00  0.199125E+08
  0.304182E-03  0.199090E+08  0.199086E+08  0.169515E+08  0.167290E+08  0.198750E+08  0.199089E+08  0.525896E+00  0.199087E+08
  0.335877E-03  0.199045E+08  0.199040E+08  0.153326E+08  0.150816E+08  0.198625E+08  0.199044E+08  0.525878E+00  0.199041E+08
  0.370874E-03  0.198991E+08  0.198984E+08  0.135567E+08  0.132787E+08  0.198474E+08  0.198990E+08  0.525858E+00  0.198985E+08
  0.409518E-03  0.198925E+08  0.198918E+08  0.116568E+08  0.113556E+08  0.198291E+08  0.198924E+08  0.525836E+00  0.198919E+08
  0.452189E-03  0.198847E+08  0.198837E+08  0.968786E+07  0.937072E+07  0.198070E+08  0.198845E+08  0.525811E+00  0.198839E+08
  0.499305E-03  0.198753E+08  0.198742E+08  0.772848E+07  0.740610E+07  0.197804E+08  0.198751E+08  0.525784E+00  0.198743E+08
  0.551331E-03  0.198641E+08  0.198628E+08  0.587794E+07  0.556469E+07  0.197483E+08  0.198639E+08  0.525756E+00  0.198629E+08
  0.608778E-03  0.198507E+08  0.198492E+08  0.424599E+07  0.395879E+07  0.197097E+08  0.198506E+08  0.525727E+00  0.198493E+08
  0.672211E-03  0.198349E+08  0.198331E+08  0.293270E+07  0.268866E+07  0.196634E+08  0.198348E+08  0.525699E+00  0.198332E+08
  0.742253E-03  0.198162E+08  0.198142E+08  0.199959E+07  0.181220E+07  0.196081E+08  0.198161E+08  0.525671E+00  0.198142E+08
  0.819594E-03  0.197943E+08  0.197920E+08  0.143941E+07  0.131397E+07  0.195422E+08  0.197942E+08  0.525647E+00  0.197919E+08
  0.904993E-03  0.197686E+08  0.197661E+08  0.116111E+07  0.109106E+07  0.194639E+08  0.197685E+08  0.525624E+00  0.197657E+08
  0.999290E-03  0.197386E+08  0.197359E+08  0.101116E+07  0.978144E+06  0.193714E+08  0.197385E+08  0.525605E+00  0.197352E+08
  0.110341E-02  0.197038E+08  0.197008E+08  0.842139E+06  0.821759E+06  0.192623E+08  0.197037E+08  0.525587E+00  0.196998E+08
  0.121839E-02  0.196634E+08  0.196602E+08  0.601411E+06  0.573725E+06  0.191345E+08  0.196633E+08  0.525569E+00  0.196587E+08
  0.134534E-02  0.196167E+08  0.196134E+08  0.364211E+06  0.322673E+06  0.189858E+08  0.196165E+08  0.525552E+00  0.196112E+08
  0.148552E-02  0.195628E+08  0.195594E+08  0.241230E+06  0.192176E+06  0.188145E+08  0.195627E+08  0.525534E+00  0.195565E+08
  0.164030E-02  0.195009E+08  0.194975E+08  0.222934E+06  0.000000E+00  0.186187E+08  0.195008E+08  0.525517E+00  0.194936E+08
  0.181122E-02  0.194300E+08  0.194265E+08  0.180198E+06  0.000000E+00  0.183968E+08  0.194299E+08  0.525499E+00  0.194215E+08
  0.199994E-02  0.193489E+08  0.193454E+08  0.834854E+05  0.000000E+00  0.181477E+08  0.193488E+08  0.525479E+00  0.193392E+08
  0.220833E-02  0.192566E+08  0.192531E+08  0.506373E+05  0.000000E+00  0.178707E+08  0.192565E+08  0.525459E+00  0.192456E+08
  0.243843E-02  0.191519E+08  0.191483E+08  0.607394E+05  0.000000E+00  0.175658E+08  0.191517E+08  0.525437E+00  0.191393E+08
  0.269251E-02  0.190334E+08  0.190297E+08  0.230544E+05  0.000000E+00  0.172329E+08  0.190333E+08  0.525415E+00  0.190193E+08
  0.297306E-02  0.189000E+08  0.188961E+08  0.211749E+05  0.000000E+00  0.168720E+08  0.188998E+08  0.525391E+00  0.188841E+08
  0.328284E-02  0.187502E+08  0.187461E+08  0.943322E+04  0.000000E+00  0.164828E+08  0.187501E+08  0.525367E+00  0.187326E+08
  0.362490E-02  0.185829E+08  0.185785E+08  0.325017E+04  0.000000E+00  0.160643E+08  0.185828E+08  0.525342E+00  0.185634E+08
  0.400261E-02  0.183966E+08  0.183920E+08 -0.536171E+04  0.000000E+00  0.156154E+08  0.183965E+08  0.525316E+00  0.183751E+08
  0.441967E-02  0.181901E+08  0.181852E+08  0.154315E+04  0.000000E+00  0.151348E+08  0.181900E+08  0.525289E+00  0.181665E+08
  0.488018E-02  0.179620E+08  0.179566E+08 -0.106441E+04  0.000000E+00  0.146236E+08  0.179618E+08  0.525260E+00  0.179362E+08
  0.538868E-02  0.177109E+08  0.177050E+08 -0.389433E+04  0.000000E+00  0.140816E+08  0.177107E+08  0.525230E+00  0.176828E+08
  0.595016E-02  0.174358E+08  0.174293E+08 -0.240342E+04  0.000000E+00  0.134823E+08  0.174357E+08  0.525196E+00  0.174053E+08
  0.657015E-02  0.171345E+08  0.171274E+08 -0.267084E+04  0.000000E+00  0.128641E+08  0.171344E+08  0.525162E+00  0.171015E+08
  0.725474E-02  0.168061E+08  0.167980E+08 -0.229323E+04  0.000000E+00  0.122138E+08  0.168059E+08  0.525126E+00  0.167704E+08
  0.801066E-02  0.164490E+08  0.164399E+08 -0.282635E+04  0.000000E+00  0.115412E+08  0.164489E+08  0.525088E+00  0.164108E+08
  0.884535E-02  0.160620E+08  0.160517E+08 -0.233574E+04  0.000000E+00  0.108533E+08  0.160619E+08  0.525050E+00  0.160213E+08
  0.976701E-02  0.156438E+08  0.156320E+08 -0.162025E+04  0.000000E+00  0.101482E+08  0.156436E+08  0.525010E+00  0.156005E+08
  0.107847E-01  0.151930E+08  0.151795E+08 -0.178278E+04  0.000000E+00  0.942778E+07  0.151929E+08  0.524970E+00  0.151473E+08
  0.119084E-01  0.147084E+08  0.146928E+08 -0.147105E+04  0.000000E+00  0.869918E+07  0.147082E+08  0.524928E+00  0.146604E+08
  0.131493E-01  0.141886E+08  0.141708E+08 -0.108327E+04  0.000000E+00  0.797131E+07  0.141885E+08  0.524886E+00  0.141385E+08
  0.145194E-01  0.136329E+08  0.136124E+08 -0.103882E+04  0.000000E+00  0.724717E+07  0.136327E+08  0.524845E+00  0.135808E+08
  0.160322E-01  0.130404E+08  0.130169E+08 -0.870068E+03  0.000000E+00  0.653195E+07  0.130402E+08  0.524803E+00  0.129866E+08
  0.177027E-01  0.124254E+08  0.123986E+08 -0.617700E+03  0.000000E+00  0.584153E+07  0.124252E+08  0.524761E+00  0.123702E+08
  0.195473E-01  0.117636E+08  0.117333E+08 -0.563907E+03  0.000000E+00  0.516817E+07  0.117634E+08  0.524720E+00  0.117073E+08
  0.215841E-01  0.110698E+08  0.110357E+08 -0.322548E+03  0.000000E+00  0.452560E+07  0.110696E+08  0.524680E+00  0.110129E+08
  0.238331E-01  0.103379E+08  0.103001E+08 -0.324593E+03  0.000000E+00  0.391562E+07  0.103377E+08  0.524642E+00  0.102809E+08
  0.263164E-01  0.959332E+07  0.955204E+07 -0.242940E+03  0.000000E+00  0.335185E+07  0.959307E+07  0.524604E+00  0.953668E+07
  0.290585E-01  0.884207E+07  0.879787E+07 -0.168397E+03  0.000000E+00  0.283733E+07  0.884178E+07  0.524568E+00  0.878637E+07
  0.320863E-01  0.809152E+07  0.804537E+07 -0.150958E+03  0.000000E+00  0.237413E+07  0.809118E+07  0.524534E+00  0.803739E+07
  0.354296E-01  0.735950E+07  0.731280E+07 -0.966712E+02  0.000000E+00  0.196575E+07  0.735909E+07  0.524501E+00  0.730758E+07
  0.391212E-01  0.667081E+07  0.662538E+07 -0.773776E+02  0.000000E+00  0.161501E+07  0.667030E+07  0.524471E+00  0.662170E+07
  0.431976E-01  0.604133E+07  0.599924E+07 -0.777428E+02  0.000000E+00  0.132002E+07  0.604068E+07  0.524442E+00  0.599555E+07
  0.475173E-01  0.549951E+07  0.546257E+07  0.000000E+00  0.000000E+00  0.108442E+07  0.549869E+07  0.524417E+00  0.545736E+07
  0.518371E-01  0.506968E+07  0.503868E+07  0.000000E+00  0.000000E+00  0.907216E+06  0.506865E+07  0.524395E+00  0.503097E+07
  0.561568E-01  0.471593E+07  0.469083E+07  0.000000E+00  0.000000E+00  0.769697E+06  0.471466E+07  0.524376E+00  0.468039E+07
  0.604766E-01  0.441135E+07  0.439140E+07  0.000000E+00  0.000000E+00  0.725222E+06  0.440979E+07  0.524378E+00  0.437910E+07
  0.647963E-01  0.413697E+07  0.412094E+07  0.000000E+00  0.000000E+00  0.629348E+06  0.413509E+07  0.524363E+00  0.410708E+07
  0.691161E-01  0.387058E+07  0.385703E+07  0.000000E+00  0.000000E+00  0.546666E+06  0.386832E+07  0.524349E+00  0.384269E+07
  0.734358E-01  0.360983E+07  0.359734E+07  0.000000E+00  0.000000E+00  0.474784E+06  0.360718E+07  0.524337E+00  0.358361E+07
  0.777556E-01  0.334908E+07  0.333651E+07  0.000000E+00  0.000000E+00  0.411319E+06  0.334600E+07  0.524325E+00  0.332427E+07
  0.820754E-01  0.308754E+07  0.307416E+07  0.000000E+00  0.000000E+00  0.354984E+06  0.308402E+07  0.524314E+00  0.306401E+07
  0.863951E-01  0.283314E+07  0.281864E+07  0.000000E+00  0.000000E+00  0.305648E+06  0.282915E+07  0.524304E+00  0.281080E+07
  0.907149E-01  0.259052E+07  0.257504E+07  0.000000E+00  0.000000E+00  0.262809E+06  0.258604E+07  0.524294E+00  0.256937E+07
  0.971837E-01  0.226243E+07  0.224639E+07  0.000000E+00  0.000000E+00  0.210128E+06  0.225723E+07  0.524279E+00  0.224314E+07
  0.103653E+00  0.198898E+07  0.197385E+07  0.000000E+00  0.000000E+00  0.169829E+06  0.198304E+07  0.524265E+00  0.197164E+07
  0.110121E+00  0.176907E+07  0.175613E+07  0.000000E+00  0.000000E+00  0.139400E+06  0.176240E+07  0.524250E+00  0.175370E+07
  0.116590E+00  0.158936E+07  0.157917E+07  0.000000E+00  0.000000E+00  0.115979E+06  0.158196E+07  0.524235E+00  0.157587E+07
  0.123059E+00  0.142962E+07  0.142197E+07  0.000000E+00  0.000000E+00  0.969091E+05  0.142156E+07  0.524220E+00  0.141784E+07
  0.129528E+00  0.127710E+07  0.127119E+07  0.000000E+00  0.000000E+00  0.806398E+05  0.126848E+07  0.524203E+00  0.126679E+07
  0.135997E+00  0.112454E+07  0.111935E+07  0.000000E+00  0.000000E+00  0.663050E+05  0.111551E+07  0.524184E+00  0.111543E+07
  0.142466E+00  0.972369E+06  0.967054E+06  0.000000E+00  0.000000E+00  0.536552E+05  0.963116E+06  0.524164E+00  0.964238E+06
  0.148935E+00  0.827692E+06  0.821858E+06  0.000000E+00  0.000000E+00  0.428302E+05  0.818419E+06  0.524142E+00  0.820396E+06
  0.155403E+00  0.700958E+06  0.694674E+06  0.000000E+00  0.000000E+00  0.340830E+05  0.691812E+06  0.524118E+00  0.694401E+06
  0.161872E+00  0.599245E+06  0.592920E+06  0.000000E+00  0.000000E+00  0.274336E+05  0.590300E+06  0.524092E+00  0.593370E+06
  0.168341E+00  0.524511E+06  0.518657E+06  0.000000E+00  0.000000E+00  0.226543E+05  0.515756E+06  0.524063E+00  0.519273E+06
  0.174810E+00  0.473982E+06  0.468993E+06  0.000000E+00  0.000000E+00  0.193529E+05  0.465332E+06  0.524031E+00  0.469321E+06
  0.181279E+00  0.441112E+06  0.437127E+06  0.000000E+00  0.000000E+00  0.170572E+05  0.432438E+06  0.523996E+00  0.436946E+06
  0.187748E+00  0.417608E+06  0.414493E+06  0.000000E+00  0.000000E+00  0.153166E+05  0.408786E+06  0.523957E+00  0.413835E+06
  0.194216E+00  0.396085E+06  0.393517E+06  0.000000E+00  0.000000E+00  0.137959E+05  0.387035E+06  0.523915E+00  0.392605E+06
  0.200685E+00  0.372211E+06  0.369817E+06  0.000000E+00  0.000000E+00  0.123244E+05  0.362912E+06  0.523868E+00  0.368942E+06
  0.207154E+00  0.345123E+06  0.342608E+06  0.000000E+00  0.000000E+00  0.108735E+05  0.335599E+06  0.523818E+00  0.342008E+06
  0.213623E+00  0.316410E+06  0.313641E+06  0.000000E+00  0.000000E+00  0.949450E+04  0.306713E+06  0.523763E+00  0.313425E+06
  0.220092E+00  0.288702E+06  0.285714E+06  0.000000E+00  0.000000E+00  0.825899E+04  0.278880E+06  0.523704E+00  0.285852E+06
  0.226561E+00  0.264144E+06  0.261088E+06  0.000000E+00  0.000000E+00  0.721186E+04  0.254230E+06  0.523640E+00  0.261447E+06
  0.233030E+00  0.244013E+06  0.241077E+06  0.000000E+00  0.000000E+00  0.636594E+04  0.234011E+06  0.523571E+00  0.241488E+06
  0.239498E+00  0.228284E+06  0.225617E+06  0.000000E+00  0.000000E+00  0.569763E+04  0.218182E+06  0.523496E+00  0.225942E+06
  0.245967E+00  0.215763E+06  0.213426E+06  0.000000E+00  0.000000E+00  0.515750E+04  0.205545E+06  0.523416E+00  0.213597E+06
  0.252436E+00  0.204800E+06  0.202759E+06  0.000000E+00  0.000000E+00  0.469280E+04  0.194466E+06  0.523329E+00  0.202790E+06
  0.258905E+00  0.194165E+06  0.192322E+06  0.000000E+00  0.000000E+00  0.426798E+04  0.183729E+06  0.523236E+00  0.192283E+06
  0.265374E+00  0.183147E+06  0.181383E+06  0.000000E+00  0.000000E+00  0.386414E+04  0.172635E+06  0.523137E+00  0.181364E+06
  0.271843E+00  0.171576E+06  0.169796E+06  0.000000E+00  0.000000E+00  0.347638E+04  0.161025E+06  0.523031E+00  0.169870E+06
  0.278312E+00  0.159951E+06  0.158113E+06  0.000000E+00  0.000000E+00  0.311385E+04  0.149391E+06  0.522918E+00  0.158312E+06
  0.284780E+00  0.149057E+06  0.147170E+06  0.000000E+00  0.000000E+00  0.278968E+04  0.138498E+06  0.522798E+00  0.147482E+06
  0.291249E+00  0.139489E+06  0.137605E+06  0.000000E+00  0.000000E+00  0.251158E+04  0.128923E+06  0.522672E+00  0.137982E+06
  0.297718E+00  0.131463E+06  0.129645E+06  0.000000E+00  0.000000E+00  0.227907E+04  0.120872E+06  0.522537E+00  0.130031E+06
  0.304187E+00  0.124888E+06  0.123185E+06  0.000000E+00  0.000000E+00  0.208627E+04  0.114245E+06  0.522394E+00  0.123533E+06
  0.310656E+00  0.119393E+06  0.117826E+06  0.000000E+00  0.000000E+00  0.192325E+04  0.108674E+06  0.522243E+00  0.118114E+06
  0.317125E+00  0.114462E+06  0.113018E+06  0.000000E+00  0.000000E+00  0.177896E+04  0.103653E+06  0.522083E+00  0.113251E+06
  0.323593E+00  0.109624E+06  0.108268E+06  0.000000E+00  0.000000E+00  0.164451E+04  0.987297E+05  0.521914E+00  0.108471E+06
  0.330062E+00  0.104599E+06  0.103289E+06  0.000000E+00  0.000000E+00  0.151504E+04  0.936449E+05  0.521737E+00  0.103494E+06
  0.336531E+00  0.993407E+05  0.980421E+05  0.000000E+00  0.000000E+00  0.138966E+04  0.883679E+05  0.521552E+00  0.982762E+05
  0.343000E+00  0.940258E+05  0.927211E+05  0.000000E+00  0.000000E+00  0.127081E+04  0.830783E+05  0.521358E+00  0.929975E+05
  0.349469E+00  0.889371E+05  0.876283E+05  0.000000E+00  0.000000E+00  0.116191E+04  0.780463E+05  0.521155E+00  0.879440E+05
  0.355938E+00  0.843393E+05  0.830428E+05  0.000000E+00  0.000000E+00  0.106565E+04  0.735116E+05  0.520942E+00  0.833823E+05
  0.362407E+00  0.803894E+05  0.791270E+05  0.000000E+00  0.000000E+00  0.982937E+03  0.696006E+05  0.520718E+00  0.794698E+05
  0.368875E+00  0.770710E+05  0.758609E+05  0.000000E+00  0.000000E+00  0.912382E+03  0.662774E+05  0.520484E+00  0.761893E+05
  0.375344E+00  0.741947E+05  0.730454E+05  0.000000E+00  0.000000E+00  0.850718E+03  0.633569E+05  0.520239E+00  0.733499E+05
  0.381813E+00  0.715253E+05  0.704340E+05  0.000000E+00  0.000000E+00  0.794578E+03  0.606273E+05  0.519986E+00  0.707152E+05
  0.388282E+00  0.688838E+05  0.678393E+05  0.000000E+00  0.000000E+00  0.741614E+03  0.579388E+05  0.519724E+00  0.681052E+05
  0.394751E+00  0.661810E+05  0.651682E+05  0.000000E+00  0.000000E+00  0.690732E+03  0.552263E+05  0.519451E+00  0.654303E+05
  0.401220E+00  0.634353E+05  0.624410E+05  0.000000E+00  0.000000E+00  0.642063E+03  0.525144E+05  0.519167E+00  0.627092E+05
  0.407689E+00  0.607397E+05  0.597560E+05  0.000000E+00  0.000000E+00  0.596410E+03  0.498809E+05  0.518872E+00  0.600358E+05
  0.414157E+00  0.581973E+05  0.572231E+05  0.000000E+00  0.000000E+00  0.554548E+03  0.474038E+05  0.518564E+00  0.575142E+05
  0.420626E+00  0.558703E+05  0.549098E+05  0.000000E+00  0.000000E+00  0.516778E+03  0.451252E+05  0.518246E+00  0.552076E+05
  0.427095E+00  0.537631E+05  0.528232E+05  0.000000E+00  0.000000E+00  0.482863E+03  0.430445E+05  0.517919E+00  0.531211E+05
  0.433564E+00  0.518480E+05  0.509350E+05  0.000000E+00  0.000000E+00  0.452292E+03  0.411410E+05  0.517582E+00  0.512270E+05
  0.440033E+00  0.500835E+05  0.492008E+05  0.000000E+00  0.000000E+00  0.424510E+03  0.393849E+05  0.517234E+00  0.494833E+05
  0.446502E+00  0.484239E+05  0.475713E+05  0.000000E+00  0.000000E+00  0.398943E+03  0.377398E+05  0.516873E+00  0.478437E+05
  0.452971E+00  0.468348E+05  0.460089E+05  0.000000E+00  0.000000E+00  0.375155E+03  0.361727E+05  0.516500E+00  0.462732E+05
  0.459439E+00  0.452922E+05  0.444879E+05  0.000000E+00  0.000000E+00  0.352823E+03  0.346579E+05  0.516115E+00  0.447475E+05
  0.465908E+00  0.437816E+05  0.429939E+05  0.000000E+00  0.000000E+00  0.331736E+03  0.331807E+05  0.515721E+00  0.432523E+05
  0.472377E+00  0.423023E+05  0.415278E+05  0.000000E+00  0.000000E+00  0.311825E+03  0.317431E+05  0.515317E+00  0.417872E+05
  0.478846E+00  0.408706E+05  0.401079E+05  0.000000E+00  0.000000E+00  0.293175E+03  0.303625E+05  0.514902E+00  0.403689E+05
  0.485315E+00  0.395102E+05  0.387601E+05  0.000000E+00  0.000000E+00  0.275881E+03  0.290592E+05  0.514475E+00  0.390217E+05
  0.491784E+00  0.382424E+05  0.375068E+05  0.000000E+00  0.000000E+00  0.260011E+03  0.278458E+05  0.514035E+00  0.377670E+05
  0.498252E+00  0.370689E+05  0.363496E+05  0.000000E+00  0.000000E+00  0.245464E+03  0.267173E+05  0.513583E+00  0.366063E+05
  0.504721E+00  0.359744E+05  0.352726E+05  0.000000E+00  0.000000E+00  0.232058E+03  0.256583E+05  0.513122E+00  0.355244E+05
  0.511190E+00  0.349367E+05  0.342525E+05  0.000000E+00  0.000000E+00  0.219583E+03  0.246531E+05  0.512652E+00  0.344990E+05
  0.517659E+00  0.339380E+05  0.332704E+05  0.000000E+00  0.000000E+00  0.207888E+03  0.236916E+05  0.512171E+00  0.335119E+05
  0.524128E+00  0.329681E+05  0.323153E+05  0.000000E+00  0.000000E+00  0.196863E+03  0.227674E+05  0.511678E+00  0.325531E+05
  0.530597E+00  0.320285E+05  0.313886E+05  0.000000E+00  0.000000E+00  0.186482E+03  0.218796E+05  0.511172E+00  0.316237E+05
  0.537066E+00  0.311205E+05  0.304922E+05  0.000000E+00  0.000000E+00  0.176711E+03  0.210254E+05  0.510655E+00  0.307254E+05
  0.543534E+00  0.302465E+05  0.296288E+05  0.000000E+00  0.000000E+00  0.167525E+03  0.202048E+05  0.510129E+00  0.298605E+05
  0.550003E+00  0.294078E+05  0.288006E+05  0.000000E+00  0.000000E+00  0.158902E+03  0.194201E+05  0.509595E+00  0.290307E+05
  0.556472E+00  0.286066E+05  0.280103E+05  0.000000E+00  0.000000E+00  0.150837E+03  0.186747E+05  0.509050E+00  0.282382E+05
  0.562941E+00  0.278456E+05  0.272606E+05  0.000000E+00  0.000000E+00  0.143311E+03  0.179697E+05  0.508493E+00  0.274857E+05
  0.569410E+00  0.271250E+05  0.265515E+05  0.000000E+00  0.000000E+00  0.136290E+03  0.173026E+05  0.507924E+00  0.267735E+05
  0.575879E+00  0.264386E+05  0.258767E+05  0.000000E+00  0.000000E+00  0.129713E+03  0.166666E+05  0.507346E+00  0.260951E+05
  0.582348E+00  0.257796E+05  0.252288E+05  0.000000E+00  0.000000E+00  0.123520E+03  0.160570E+05  0.506761E+00  0.254439E+05
  0.588816E+00  0.251415E+05  0.246013E+05  0.000000E+00  0.000000E+00  0.117668E+03  0.154712E+05  0.506167E+00  0.248133E+05
  0.595285E+00  0.245218E+05  0.239915E+05  0.000000E+00  0.000000E+00  0.112131E+03  0.149083E+05  0.505563E+00  0.242008E+05
  0.601754E+00  0.239251E+05  0.234039E+05  0.000000E+00  0.000000E+00  0.106909E+03  0.143698E+05  0.504946E+00  0.236108E+05
  0.608223E+00  0.233487E+05  0.228363E+05  0.000000E+00  0.000000E+00  0.101972E+03  0.138518E+05  0.504320E+00  0.230410E+05
  0.614692E+00  0.227941E+05  0.222900E+05  0.000000E+00  0.000000E+00  0.973119E+02  0.133543E+05  0.503688E+00  0.224926E+05
  0.621161E+00  0.222596E+05  0.217639E+05  0.000000E+00  0.000000E+00  0.929107E+02  0.128776E+05  0.503049E+00  0.219642E+05
  0.627629E+00  0.217459E+05  0.212586E+05  0.000000E+00  0.000000E+00  0.887616E+02  0.124227E+05  0.502400E+00  0.214565E+05
  0.675143E+00  0.185091E+05  0.180783E+05  0.000000E+00  0.000000E+00  0.644554E+02  0.961221E+04  0.497379E+00  0.182584E+05
  0.726254E+00  0.158084E+05  0.154271E+05  0.000000E+00  0.000000E+00  0.468652E+02  0.737598E+04  0.491584E+00  0.155906E+05
  0.781234E+00  0.135536E+05  0.132162E+05  0.000000E+00  0.000000E+00  0.341515E+02  0.561347E+04  0.485014E+00  0.133639E+05
  0.840377E+00  0.116635E+05  0.113651E+05  0.000000E+00  0.000000E+00  0.249547E+02  0.423517E+04  0.477724E+00  0.114981E+05
  0.903996E+00  0.100722E+05  0.980847E+04  0.000000E+00  0.000000E+00  0.182921E+02  0.316695E+04  0.469821E+00  0.992776E+04
  0.972432E+00  0.872641E+04  0.849332E+04  0.000000E+00  0.000000E+00  0.134552E+02  0.234629E+04  0.461448E+00  0.859999E+04
  0.104605E+01  0.758225E+04  0.737634E+04  0.000000E+00  0.000000E+00  0.993351E+01  0.172240E+04  0.452782E+00  0.747147E+04
  0.105164E+01  0.750557E+04  0.730152E+04  0.000000E+00  0.000000E+00  0.971733E+01  0.168320E+04  0.452141E+00  0.739586E+04
  0.106221E+01  0.736395E+04  0.716335E+04  0.000000E+00  0.000000E+00  0.932432E+01  0.161200E+04  0.450953E+00  0.725619E+04
  0.107288E+01  0.722566E+04  0.702844E+04  0.000000E+00  0.000000E+00  0.894863E+01  0.154365E+04  0.449745E+00  0.711982E+04
  0.108367E+01  0.708979E+04  0.689591E+04  0.000000E+00  0.000000E+00  0.858771E+01  0.147780E+04  0.448556E+00  0.698584E+04
  0.109456E+01  0.695720E+04  0.676659E+04  0.000000E+00  0.000000E+00  0.824281E+01  0.141460E+04  0.447349E+00  0.685510E+04
  0.110556E+01  0.682722E+04  0.663984E+04  0.000000E+00  0.000000E+00  0.791181E+01  0.135387E+04  0.446161E+00  0.672694E+04
  0.111667E+01  0.669996E+04  0.651575E+04  0.000000E+00  0.000000E+00  0.759479E+01  0.129545E+04  0.444958E+00  0.660145E+04
  0.112789E+01  0.657536E+04  0.639426E+04  0.000000E+00  0.000000E+00  0.729084E+01  0.123948E+04  0.443771E+00  0.647860E+04
  0.113923E+01  0.645318E+04  0.627515E+04  0.000000E+00  0.000000E+00  0.699939E+01  0.118547E+04  0.442578E+00  0.635814E+04
  0.115068E+01  0.633389E+04  0.615888E+04  0.000000E+00  0.000000E+00  0.672079E+01  0.113397E+04  0.441391E+00  0.624054E+04
  0.116224E+01  0.621683E+04  0.604479E+04  0.000000E+00  0.000000E+00  0.645309E+01  0.108419E+04  0.440212E+00  0.612513E+04
  0.117392E+01  0.610226E+04  0.593313E+04  0.000000E+00  0.000000E+00  0.619687E+01  0.103671E+04  0.439025E+00  0.601217E+04
  0.118572E+01  0.598993E+04  0.582367E+04  0.000000E+00  0.000000E+00  0.595094E+01  0.990910E+03  0.437862E+00  0.590144E+04
  0.119764E+01  0.587998E+04  0.571654E+04  0.000000E+00  0.000000E+00  0.571536E+01  0.947095E+03  0.436683E+00  0.579305E+04
  0.120967E+01  0.577215E+04  0.561148E+04  0.000000E+00  0.000000E+00  0.548942E+01  0.905085E+03  0.435527E+00  0.568675E+04
  0.122183E+01  0.566656E+04  0.550862E+04  0.000000E+00  0.000000E+00  0.527258E+01  0.864651E+03  0.434370E+00  0.558266E+04
  0.123411E+01  0.556300E+04  0.540774E+04  0.000000E+00  0.000000E+00  0.506492E+01  0.826067E+03  0.433214E+00  0.548058E+04
  0.124651E+01  0.546155E+04  0.530893E+04  0.000000E+00  0.000000E+00  0.486575E+01  0.788951E+03  0.432081E+00  0.538058E+04
  0.125904E+01  0.536217E+04  0.521215E+04  0.000000E+00  0.000000E+00  0.467464E+01  0.753382E+03  0.430940E+00  0.528263E+04
  0.127170E+01  0.526471E+04  0.511724E+04  0.000000E+00  0.000000E+00  0.449146E+01  0.719412E+03  0.429812E+00  0.518656E+04
  0.128448E+01  0.516920E+04  0.502423E+04  0.000000E+00  0.000000E+00  0.431551E+01  0.686740E+03  0.428702E+00  0.509242E+04
  0.129739E+01  0.507537E+04  0.493287E+04  0.000000E+00  0.000000E+00  0.414662E+01  0.655431E+03  0.427587E+00  0.499994E+04
  0.131042E+01  0.498365E+04  0.484358E+04  0.000000E+00  0.000000E+00  0.398507E+01  0.625591E+03  0.426484E+00  0.490954E+04
  0.132359E+01  0.489368E+04  0.475599E+04  0.000000E+00  0.000000E+00  0.382974E+01  0.596919E+03  0.425403E+00  0.482088E+04
  0.133690E+01  0.480541E+04  0.467006E+04  0.000000E+00  0.000000E+00  0.368074E+01  0.569432E+03  0.424321E+00  0.473388E+04
  0.135033E+01  0.471882E+04  0.458579E+04  0.000000E+00  0.000000E+00  0.353758E+01  0.543210E+03  0.423244E+00  0.464854E+04
  0.136390E+01  0.463388E+04  0.450311E+04  0.000000E+00  0.000000E+00  0.340037E+01  0.518113E+03  0.422189E+00  0.456483E+04
  0.137761E+01  0.455067E+04  0.442213E+04  0.000000E+00  0.000000E+00  0.326877E+01  0.494034E+03  0.421148E+00  0.448283E+04
  0.139146E+01  0.446901E+04  0.434267E+04  0.000000E+00  0.000000E+00  0.314217E+01  0.471004E+03  0.420108E+00  0.440236E+04
  0.140544E+01  0.438887E+04  0.426469E+04  0.000000E+00  0.000000E+00  0.302079E+01  0.449031E+03  0.419076E+00  0.432338E+04
  0.141957E+01  0.431031E+04  0.418825E+04  0.000000E+00  0.000000E+00  0.290424E+01  0.428034E+03  0.418065E+00  0.424597E+04
  0.143383E+01  0.423330E+04  0.411331E+04  0.000000E+00  0.000000E+00  0.279241E+01  0.407923E+03  0.417071E+00  0.417007E+04
  0.144824E+01  0.415756E+04  0.403963E+04  0.000000E+00  0.000000E+00  0.268485E+01  0.388657E+03  0.416086E+00  0.409544E+04
  0.146280E+01  0.408351E+04  0.396759E+04  0.000000E+00  0.000000E+00  0.258178E+01  0.370280E+03  0.415106E+00  0.402248E+04
  0.147750E+01  0.401071E+04  0.389678E+04  0.000000E+00  0.000000E+00  0.248275E+01  0.352735E+03  0.414137E+00  0.395074E+04
  0.149235E+01  0.393930E+04  0.382731E+04  0.000000E+00  0.000000E+00  0.238760E+01  0.335989E+03  0.413184E+00  0.388037E+04
  0.150735E+01  0.386927E+04  0.375920E+04  0.000000E+00  0.000000E+00  0.229629E+01  0.319993E+03  0.412249E+00  0.381137E+04
  0.152250E+01  0.380046E+04  0.369227E+04  0.000000E+00  0.000000E+00  0.220841E+01  0.304697E+03  0.411328E+00  0.374357E+04
  0.153780E+01  0.373302E+04  0.362668E+04  0.000000E+00  0.000000E+00  0.212422E+01  0.290087E+03  0.410422E+00  0.367712E+04
  0.155325E+01  0.366678E+04  0.356227E+04  0.000000E+00  0.000000E+00  0.204329E+01  0.276133E+03  0.409528E+00  0.361186E+04
  0.156886E+01  0.360181E+04  0.349909E+04  0.000000E+00  0.000000E+00  0.196535E+01  0.262814E+03  0.408646E+00  0.354784E+04
  0.158463E+01  0.353799E+04  0.343703E+04  0.000000E+00  0.000000E+00  0.189054E+01  0.250103E+03  0.407777E+00  0.348496E+04
  0.160056E+01  0.347541E+04  0.337618E+04  0.000000E+00  0.000000E+00  0.181868E+01  0.237980E+03  0.406921E+00  0.342330E+04
  0.161664E+01  0.341396E+04  0.331643E+04  0.000000E+00  0.000000E+00  0.174978E+01  0.226417E+03  0.406079E+00  0.336276E+04
  0.163289E+01  0.335364E+04  0.325778E+04  0.000000E+00  0.000000E+00  0.168340E+01  0.215389E+03  0.405251E+00  0.330333E+04
  0.164930E+01  0.329443E+04  0.320022E+04  0.000000E+00  0.000000E+00  0.161962E+01  0.204874E+03  0.404437E+00  0.324500E+04
  0.166588E+01  0.323622E+04  0.314364E+04  0.000000E+00  0.000000E+00  0.155824E+01  0.194845E+03  0.403637E+00  0.318765E+04
  0.168262E+01  0.317919E+04  0.308819E+04  0.000000E+00  0.000000E+00  0.149941E+01  0.185292E+03  0.402851E+00  0.313147E+04
  0.169953E+01  0.312315E+04  0.303372E+04  0.000000E+00  0.000000E+00  0.144269E+01  0.176185E+03  0.402078E+00  0.307626E+04
  0.171661E+01  0.306815E+04  0.298025E+04  0.000000E+00  0.000000E+00  0.138825E+01  0.167506E+03  0.401316E+00  0.302207E+04
  0.173386E+01  0.301410E+04  0.292772E+04  0.000000E+00  0.000000E+00  0.133598E+01  0.159230E+03  0.400566E+00  0.296882E+04
  0.175129E+01  0.296105E+04  0.287614E+04  0.000000E+00  0.000000E+00  0.128566E+01  0.151337E+03  0.399830E+00  0.291655E+04
  0.176889E+01  0.290897E+04  0.282553E+04  0.000000E+00  0.000000E+00  0.123730E+01  0.143810E+03  0.399112E+00  0.286525E+04
  0.178667E+01  0.285781E+04  0.277580E+04  0.000000E+00  0.000000E+00  0.119069E+01  0.136638E+03  0.398413E+00  0.281485E+04
  0.180462E+01  0.280754E+04  0.272695E+04  0.000000E+00  0.000000E+00  0.114596E+01  0.129820E+03  0.397732E+00  0.276533E+04
  0.182276E+01  0.275822E+04  0.267901E+04  0.000000E+00  0.000000E+00  0.110298E+01  0.123347E+03  0.397058E+00  0.271674E+04
  0.184108E+01  0.270974E+04  0.263190E+04  0.000000E+00  0.000000E+00  0.106156E+01  0.117178E+03  0.396385E+00  0.266898E+04
  0.185958E+01  0.266218E+04  0.258568E+04  0.000000E+00  0.000000E+00  0.102177E+01  0.111281E+03  0.395730E+00  0.262214E+04
  0.187827E+01  0.261548E+04  0.254030E+04  0.000000E+00  0.000000E+00  0.983473E+00  0.105669E+03  0.395104E+00  0.257613E+04
  0.189715E+01  0.256962E+04  0.249574E+04  0.000000E+00  0.000000E+00  0.946704E+00  0.100357E+03  0.394487E+00  0.253095E+04
  0.191621E+01  0.252453E+04  0.245192E+04  0.000000E+00  0.000000E+00  0.911247E+00  0.952952E+02  0.393864E+00  0.248654E+04
  0.193547E+01  0.248028E+04  0.240892E+04  0.000000E+00  0.000000E+00  0.877159E+00  0.904517E+02  0.393269E+00  0.244294E+04
  0.195492E+01  0.243679E+04  0.236667E+04  0.000000E+00  0.000000E+00  0.844409E+00  0.858719E+02  0.392696E+00  0.240011E+04
  0.197457E+01  0.239405E+04  0.232514E+04  0.000000E+00  0.000000E+00  0.812829E+00  0.815143E+02  0.392111E+00  0.235800E+04
  0.199441E+01  0.235214E+04  0.228442E+04  0.000000E+00  0.000000E+00  0.782649E+00  0.773472E+02  0.391559E+00  0.231672E+04
  0.201446E+01  0.231092E+04  0.224437E+04  0.000000E+00  0.000000E+00  0.753342E+00  0.734181E+02  0.391015E+00  0.227612E+04
  0.203471E+01  0.227045E+04  0.220505E+04  0.000000E+00  0.000000E+00  0.725252E+00  0.696525E+02  0.390472E+00  0.223625E+04
  0.205515E+01  0.223070E+04  0.216643E+04  0.000000E+00  0.000000E+00  0.698222E+00  0.660924E+02  0.389963E+00  0.219710E+04
  0.207581E+01  0.219163E+04  0.212847E+04  0.000000E+00  0.000000E+00  0.672251E+00  0.626980E+02  0.389438E+00  0.215861E+04
  0.209667E+01  0.215325E+04  0.209118E+04  0.000000E+00  0.000000E+00  0.647264E+00  0.594776E+02  0.388954E+00  0.212081E+04
  0.211774E+01  0.211555E+04  0.205456E+04  0.000000E+00  0.000000E+00  0.623044E+00  0.564104E+02  0.388453E+00  0.208367E+04
  0.213903E+01  0.207852E+04  0.201858E+04  0.000000E+00  0.000000E+00  0.599914E+00  0.535084E+02  0.387990E+00  0.204719E+04
  0.216052E+01  0.204213E+04  0.198323E+04  0.000000E+00  0.000000E+00  0.577674E+00  0.507309E+02  0.387519E+00  0.201135E+04
  0.218224E+01  0.200639E+04  0.194851E+04  0.000000E+00  0.000000E+00  0.556231E+00  0.481194E+02  0.387064E+00  0.197615E+04
  0.220417E+01  0.197127E+04  0.191440E+04  0.000000E+00  0.000000E+00  0.535567E+00  0.456146E+02  0.386634E+00  0.194156E+04
  0.222632E+01  0.193678E+04  0.188090E+04  0.000000E+00  0.000000E+00  0.515634E+00  0.432440E+02  0.386189E+00  0.190759E+04
  0.224870E+01  0.190290E+04  0.184798E+04  0.000000E+00  0.000000E+00  0.496461E+00  0.410057E+02  0.385772E+00  0.187421E+04
  0.227130E+01  0.186959E+04  0.181562E+04  0.000000E+00  0.000000E+00  0.478080E+00  0.388627E+02  0.385373E+00  0.184140E+04
  0.229412E+01  0.183689E+04  0.178386E+04  0.000000E+00  0.000000E+00  0.460319E+00  0.368276E+02  0.384966E+00  0.180919E+04
  0.231718E+01  0.180475E+04  0.175264E+04  0.000000E+00  0.000000E+00  0.443266E+00  0.349080E+02  0.384566E+00  0.177753E+04
  0.234047E+01  0.177315E+04  0.172195E+04  0.000000E+00  0.000000E+00  0.426821E+00  0.330869E+02  0.384190E+00  0.174641E+04
  0.236399E+01  0.174216E+04  0.169184E+04  0.000000E+00  0.000000E+00  0.410994E+00  0.313527E+02  0.383829E+00  0.171588E+04
  0.238775E+01  0.171167E+04  0.166223E+04  0.000000E+00  0.000000E+00  0.395786E+00  0.297023E+02  0.383474E+00  0.168585E+04
  0.241175E+01  0.168171E+04  0.163313E+04  0.000000E+00  0.000000E+00  0.381071E+00  0.281366E+02  0.383122E+00  0.165634E+04
  0.243599E+01  0.165229E+04  0.160455E+04  0.000000E+00  0.000000E+00  0.366958E+00  0.266529E+02  0.382777E+00  0.162737E+04
  0.246047E+01  0.162337E+04  0.157646E+04  0.000000E+00  0.000000E+00  0.353388E+00  0.252465E+02  0.382442E+00  0.159888E+04
  0.248519E+01  0.159496E+04  0.154886E+04  0.000000E+00  0.000000E+00  0.340315E+00  0.239130E+02  0.382118E+00  0.157089E+04
  0.251017E+01  0.156703E+04  0.152174E+04  0.000000E+00  0.000000E+00  0.327693E+00  0.226483E+02  0.381804E+00  0.154339E+04
  0.253540E+01  0.153959E+04  0.149508E+04  0.000000E+00  0.000000E+00  0.315548E+00  0.214495E+02  0.381500E+00  0.151636E+04
  0.256088E+01  0.151265E+04  0.146892E+04  0.000000E+00  0.000000E+00  0.303945E+00  0.203143E+02  0.381204E+00  0.148982E+04
  0.258662E+01  0.148617E+04  0.144320E+04  0.000000E+00  0.000000E+00  0.292618E+00  0.192389E+02  0.380912E+00  0.146375E+04
  0.261261E+01  0.146016E+04  0.141794E+04  0.000000E+00  0.000000E+00  0.281859E+00  0.182184E+02  0.380623E+00  0.143812E+04
  0.263887E+01  0.143458E+04  0.139309E+04  0.000000E+00  0.000000E+00  0.271427E+00  0.172464E+02  0.380339E+00  0.141293E+04
  0.266539E+01  0.140948E+04  0.136872E+04  0.000000E+00  0.000000E+00  0.261396E+00  0.163227E+02  0.380075E+00  0.138821E+04
  0.269218E+01  0.138478E+04  0.134473E+04  0.000000E+00  0.000000E+00  0.251757E+00  0.154520E+02  0.379829E+00  0.136388E+04
  0.271924E+01  0.136053E+04  0.132117E+04  0.000000E+00  0.000000E+00  0.242442E+00  0.146316E+02  0.379571E+00  0.133999E+04
  0.274657E+01  0.133669E+04  0.129802E+04  0.000000E+00  0.000000E+00  0.233392E+00  0.138447E+02  0.379316E+00  0.131651E+04
  0.277417E+01  0.131328E+04  0.127529E+04  0.000000E+00  0.000000E+00  0.224776E+00  0.131024E+02  0.379095E+00  0.129345E+04
  0.280205E+01  0.129025E+04  0.125292E+04  0.000000E+00  0.000000E+00  0.216481E+00  0.124039E+02  0.378851E+00  0.127077E+04
  0.283021E+01  0.126766E+04  0.123098E+04  0.000000E+00  0.000000E+00  0.208478E+00  0.117324E+02  0.378634E+00  0.124852E+04
  0.285865E+01  0.124543E+04  0.120939E+04  0.000000E+00  0.000000E+00  0.200748E+00  0.111077E+02  0.378412E+00  0.122663E+04
  0.288738E+01  0.122360E+04  0.118819E+04  0.000000E+00  0.000000E+00  0.193345E+00  0.105043E+02  0.378208E+00  0.120513E+04
  0.291640E+01  0.120215E+04  0.116735E+04  0.000000E+00  0.000000E+00  0.186230E+00  0.994304E+01  0.377991E+00  0.118400E+04
  0.294571E+01  0.118106E+04  0.114687E+04  0.000000E+00  0.000000E+00  0.179314E+00  0.940516E+01  0.377809E+00  0.116322E+04
  0.297532E+01  0.116035E+04  0.112676E+04  0.000000E+00  0.000000E+00  0.172684E+00  0.889481E+01  0.377602E+00  0.114282E+04
  0.300522E+01  0.113999E+04  0.110699E+04  0.000000E+00  0.000000E+00  0.166319E+00  0.841842E+01  0.377412E+00  0.112278E+04
  0.303542E+01  0.111999E+04  0.108757E+04  0.000000E+00  0.000000E+00  0.160118E+00  0.796305E+01  0.377245E+00  0.110308E+04
  0.306593E+01  0.110035E+04  0.106849E+04  0.000000E+00  0.000000E+00  0.154252E+00  0.752882E+01  0.377071E+00  0.108373E+04
  0.309674E+01  0.108101E+04  0.104971E+04  0.000000E+00  0.000000E+00  0.148526E+00  0.711939E+01  0.376893E+00  0.106469E+04
  0.312787E+01  0.106205E+04  0.103130E+04  0.000000E+00  0.000000E+00  0.143036E+00  0.673376E+01  0.376720E+00  0.104601E+04
  0.315930E+01  0.104340E+04  0.101319E+04  0.000000E+00  0.000000E+00  0.137768E+00  0.636868E+01  0.376557E+00  0.102764E+04
  0.319105E+01  0.102509E+04  0.995400E+03  0.000000E+00  0.000000E+00  0.132661E+00  0.602291E+01  0.376401E+00  0.100960E+04
  0.322312E+01  0.100708E+04  0.977912E+03  0.000000E+00  0.000000E+00  0.127730E+00  0.569482E+01  0.376251E+00  0.991867E+03
  0.325552E+01  0.989401E+03  0.960745E+03  0.000000E+00  0.000000E+00  0.123066E+00  0.538417E+01  0.376109E+00  0.974455E+03
  0.328823E+01  0.972011E+03  0.943856E+03  0.000000E+00  0.000000E+00  0.118506E+00  0.509032E+01  0.375976E+00  0.957327E+03
  0.332128E+01  0.954927E+03  0.927266E+03  0.000000E+00  0.000000E+00  0.114166E+00  0.481398E+01  0.375846E+00  0.940501E+03
  0.335466E+01  0.938151E+03  0.910974E+03  0.000000E+00  0.000000E+00  0.109890E+00  0.455322E+01  0.375708E+00  0.923978E+03
  0.338838E+01  0.921657E+03  0.894956E+03  0.000000E+00  0.000000E+00  0.105792E+00  0.430336E+01  0.375567E+00  0.907733E+03
  0.342243E+01  0.905444E+03  0.879211E+03  0.000000E+00  0.000000E+00  0.101887E+00  0.406604E+01  0.375456E+00  0.891764E+03
  0.345683E+01  0.889524E+03  0.863751E+03  0.000000E+00  0.000000E+00  0.981483E-01  0.384642E+01  0.375336E+00  0.876084E+03
  0.349157E+01  0.873860E+03  0.848540E+03  0.000000E+00  0.000000E+00  0.945412E-01  0.363315E+01  0.375210E+00  0.860657E+03
  0.352666E+01  0.858484E+03  0.833608E+03  0.000000E+00  0.000000E+00  0.910103E-01  0.343629E+01  0.375110E+00  0.845513E+03
  0.356210E+01  0.843387E+03  0.818947E+03  0.000000E+00  0.000000E+00  0.876847E-01  0.324545E+01  0.374991E+00  0.830643E+03
  0.359790E+01  0.828538E+03  0.804526E+03  0.000000E+00  0.000000E+00  0.844102E-01  0.306988E+01  0.374887E+00  0.816018E+03
  0.363406E+01  0.813959E+03  0.790369E+03  0.000000E+00  0.000000E+00  0.812690E-01  0.289966E+01  0.374799E+00  0.801659E+03
  0.367058E+01  0.799631E+03  0.776454E+03  0.000000E+00  0.000000E+00  0.782724E-01  0.273933E+01  0.374687E+00  0.787547E+03
  0.370747E+01  0.785549E+03  0.762779E+03  0.000000E+00  0.000000E+00  0.753934E-01  0.259002E+01  0.374584E+00  0.773677E+03
  0.374473E+01  0.771709E+03  0.749340E+03  0.000000E+00  0.000000E+00  0.726152E-01  0.244840E+01  0.374497E+00  0.760047E+03
  0.378237E+01  0.758115E+03  0.736139E+03  0.000000E+00  0.000000E+00  0.699052E-01  0.231373E+01  0.374415E+00  0.746658E+03
  0.382038E+01  0.744747E+03  0.723156E+03  0.000000E+00  0.000000E+00  0.673416E-01  0.218622E+01  0.374330E+00  0.733491E+03
  0.385878E+01  0.731619E+03  0.710408E+03  0.000000E+00  0.000000E+00  0.648696E-01  0.206564E+01  0.374244E+00  0.720561E+03
  0.389756E+01  0.718726E+03  0.697887E+03  0.000000E+00  0.000000E+00  0.624837E-01  0.195139E+01  0.374158E+00  0.707863E+03
  0.393673E+01  0.706045E+03  0.685572E+03  0.000000E+00  0.000000E+00  0.601513E-01  0.184255E+01  0.374079E+00  0.695373E+03
  0.397630E+01  0.693587E+03  0.673475E+03  0.000000E+00  0.000000E+00  0.578690E-01  0.174008E+01  0.374018E+00  0.683103E+03
  0.401626E+01  0.681348E+03  0.661589E+03  0.000000E+00  0.000000E+00  0.557702E-01  0.164541E+01  0.373950E+00  0.671049E+03
  0.405662E+01  0.669325E+03  0.649914E+03  0.000000E+00  0.000000E+00  0.536754E-01  0.155391E+01  0.373861E+00  0.659207E+03
  0.409739E+01  0.657518E+03  0.638448E+03  0.000000E+00  0.000000E+00  0.517161E-01  0.146741E+01  0.373815E+00  0.647578E+03
  0.413857E+01  0.645911E+03  0.627176E+03  0.000000E+00  0.000000E+00  0.497877E-01  0.138689E+01  0.373730E+00  0.636146E+03
  0.418017E+01  0.634504E+03  0.616099E+03  0.000000E+00  0.000000E+00  0.479618E-01  0.130992E+01  0.373688E+00  0.624911E+03
  0.422218E+01  0.623298E+03  0.605217E+03  0.000000E+00  0.000000E+00  0.461477E-01  0.123636E+01  0.373614E+00  0.613875E+03
  0.426461E+01  0.612289E+03  0.594527E+03  0.000000E+00  0.000000E+00  0.444903E-01  0.116884E+01  0.373548E+00  0.603032E+03
  0.430747E+01  0.601467E+03  0.584017E+03  0.000000E+00  0.000000E+00  0.428074E-01  0.110447E+01  0.373501E+00  0.592373E+03
  0.435076E+01  0.590842E+03  0.573699E+03  0.000000E+00  0.000000E+00  0.411984E-01  0.104304E+01  0.373455E+00  0.581909E+03
  0.439448E+01  0.580398E+03  0.563557E+03  0.000000E+00  0.000000E+00  0.396870E-01  0.985067E+00  0.373404E+00  0.571622E+03
  0.443865E+01  0.570133E+03  0.553588E+03  0.000000E+00  0.000000E+00  0.382163E-01  0.930495E+00  0.373350E+00  0.561511E+03
  0.448326E+01  0.560046E+03  0.543793E+03  0.000000E+00  0.000000E+00  0.368291E-01  0.878774E+00  0.373290E+00  0.551577E+03
