  0.104606E-04  0.199302E+08  0.199302E+08  0.265597E+08  0.265594E+08  0.199326E+08  0.199300E+08  0.525991E+00  0.199302E+08
  0.115507E-04  0.199302E+08  0.199302E+08  0.265567E+08  0.265562E+08  0.199326E+08  0.199300E+08  0.525991E+00  0.199302E+08
  0.127544E-04  0.199302E+08  0.199302E+08  0.265530E+08  0.265524E+08  0.199326E+08  0.199300E+08  0.525990E+00  0.199302E+08
  0.140836E-04  0.199302E+08  0.199302E+08  0.265484E+08  0.265478E+08  0.199326E+08  0.199300E+08  0.525990E+00  0.199302E+08
  0.155512E-04  0.199302E+08  0.199302E+08  0.265429E+08  0.265421E+08  0.199326E+08  0.199300E+08  0.525990E+00  0.199302E+08
  0.171718E-04  0.199301E+08  0.199301E+08  0.265362E+08  0.265352E+08  0.199325E+08  0.199300E+08  0.525990E+00  0.199302E+08
  0.189613E-04  0.199301E+08  0.199301E+08  0.265280E+08  0.265268E+08  0.199325E+08  0.199300E+08  0.525990E+00  0.199301E+08
  0.209373E-04  0.199301E+08  0.199301E+08  0.265180E+08  0.265165E+08  0.199324E+08  0.199300E+08  0.525990E+00  0.199301E+08
  0.231191E-04  0.199301E+08  0.199301E+08  0.265058E+08  0.265040E+08  0.199324E+08  0.199299E+08  0.525990E+00  0.199301E+08
  0.255284E-04  0.199301E+08  0.199301E+08  0.264910E+08  0.264888E+08  0.199323E+08  0.199299E+08  0.525990E+00  0.199301E+08
  0.281887E-04  0.199300E+08  0.199300E+08  0.264729E+08  0.264702E+08  0.199322E+08  0.199299E+08  0.525990E+00  0.199300E+08
  0.311263E-04  0.199300E+08  0.199300E+08  0.264509E+08  0.264476E+08  0.199321E+08  0.199298E+08  0.525990E+00  0.199300E+08
  0.343699E-04  0.199299E+08  0.199299E+08  0.264240E+08  0.264200E+08  0.199320E+08  0.199298E+08  0.525989E+00  0.199299E+08
  0.379517E-04  0.199299E+08  0.199299E+08  0.263913E+08  0.263864E+08  0.199318E+08  0.199297E+08  0.525989E+00  0.199299E+08
  0.419066E-04  0.199298E+08  0.199298E+08  0.263515E+08  0.263455E+08  0.199316E+08  0.199297E+08  0.525989E+00  0.199298E+08
  0.462737E-04  0.199297E+08  0.199297E+08  0.263030E+08  0.262958E+08  0.199314E+08  0.199296E+08  0.525988E+00  0.199297E+08
  0.510959E-04  0.199296E+08  0.199296E+08  0.262440E+08  0.262352E+08  0.199311E+08  0.199295E+08  0.525988E+00  0.199296E+08
  0.564206E-04  0.199295E+08  0.199294E+08  0.261722E+08  0.261615E+08  0.199307E+08  0.199293E+08  0.525987E+00  0.199295E+08
  0.623002E-04  0.199293E+08  0.199293E+08  0.260850E+08  0.260719E+08  0.199303E+08  0.199292E+08  0.525986E+00  0.199293E+08
  0.687926E-04  0.199291E+08  0.199291E+08  0.259789E+08  0.259631E+08  0.199297E+08  0.199290E+08  0.525985E+00  0.199291E+08
  0.759615E-04  0.199289E+08  0.199288E+08  0.258502E+08  0.258309E+08  0.199291E+08  0.199287E+08  0.525984E+00  0.199289E+08
  0.838775E-04  0.199286E+08  0.199285E+08  0.256940E+08  0.256706E+08  0.199283E+08  0.199284E+08  0.525982E+00  0.199286E+08
  0.926183E-04  0.199282E+08  0.199282E+08  0.255047E+08  0.254764E+08  0.199273E+08  0.199281E+08  0.525981E+00  0.199282E+08
  0.102270E-03  0.199278E+08  0.199277E+08  0.252756E+08  0.252414E+08  0.199261E+08  0.199276E+08  0.525979E+00  0.199277E+08
  0.112928E-03  0.199272E+08  0.199272E+08  0.249990E+08  0.249575E+08  0.199247E+08  0.199271E+08  0.525976E+00  0.199272E+08
  0.124696E-03  0.199266E+08  0.199265E+08  0.246654E+08  0.246154E+08  0.199229E+08  0.199264E+08  0.525973E+00  0.199265E+08
  0.137691E-03  0.199258E+08  0.199257E+08  0.242642E+08  0.242040E+08  0.199208E+08  0.199256E+08  0.525969E+00  0.199257E+08
  0.152039E-03  0.199248E+08  0.199247E+08  0.237832E+08  0.237109E+08  0.199181E+08  0.199247E+08  0.525964E+00  0.199248E+08
  0.167883E-03  0.199236E+08  0.199235E+08  0.232086E+08  0.231222E+08  0.199150E+08  0.199235E+08  0.525959E+00  0.199236E+08
  0.185379E-03  0.199222E+08  0.199220E+08  0.225254E+08  0.224225E+08  0.199111E+08  0.199221E+08  0.525952E+00  0.199221E+08
  0.204697E-03  0.199205E+08  0.199203E+08  0.217177E+08  0.215956E+08  0.199064E+08  0.199204E+08  0.525944E+00  0.199204E+08
  0.226029E-03  0.199184E+08  0.199181E+08  0.207691E+08  0.206253E+08  0.199006E+08  0.199182E+08  0.525935E+00  0.199183E+08
  0.249583E-03  0.199158E+08  0.199155E+08  0.196647E+08  0.194966E+08  0.198937E+08  0.199157E+08  0.525924E+00  0.199157E+08
  0.275592E-03  0.199128E+08  0.199124E+08  0.183922E+08  0.181976E+08  0.198852E+08  0.199126E+08  0.525911E+00  0.199126E+08
  0.304312E-03  0.199090E+08  0.199086E+08  0.169449E+08  0.167222E+08  0.198749E+08  0.199089E+08  0.525896E+00  0.199088E+08
  0.336024E-03  0.199045E+08  0.199039E+08  0.153251E+08  0.150740E+08  0.198624E+08  0.199044E+08  0.525878E+00  0.199042E+08
  0.371042E-03  0.198991E+08  0.198984E+08  0.135483E+08  0.132702E+08  0.198473E+08  0.198989E+08  0.525858E+00  0.198987E+08
  0.409708E-03  0.198925E+08  0.198917E+08  0.116477E+08  0.113465E+08  0.198290E+08  0.198924E+08  0.525836E+00  0.198921E+08
  0.452404E-03  0.198846E+08  0.198837E+08  0.967839E+07  0.936118E+07  0.198069E+08  0.198845E+08  0.525811E+00  0.198841E+08
  0.499549E-03  0.198752E+08  0.198741E+08  0.771904E+07  0.739665E+07  0.197802E+08  0.198751E+08  0.525784E+00  0.198746E+08
  0.551607E-03  0.198640E+08  0.198627E+08  0.586909E+07  0.555590E+07  0.197481E+08  0.198639E+08  0.525756E+00  0.198632E+08
  0.609090E-03  0.198507E+08  0.198491E+08  0.423833E+07  0.395127E+07  0.197095E+08  0.198505E+08  0.525727E+00  0.198497E+08
  0.672564E-03  0.198348E+08  0.198331E+08  0.292675E+07  0.268294E+07  0.196632E+08  0.198347E+08  0.525698E+00  0.198337E+08
  0.742652E-03  0.198162E+08  0.198142E+08  0.199559E+07  0.180850E+07  0.196078E+08  0.198160E+08  0.525671E+00  0.198149E+08
  0.820044E-03  0.197942E+08  0.197920E+08  0.143722E+07  0.131208E+07  0.195419E+08  0.197941E+08  0.525646E+00  0.197927E+08
  0.905501E-03  0.197685E+08  0.197660E+08  0.116006E+07  0.109026E+07  0.194636E+08  0.197684E+08  0.525624E+00  0.197667E+08
  0.999863E-03  0.197386E+08  0.197358E+08  0.101036E+07  0.977476E+06  0.193709E+08  0.197384E+08  0.525604E+00  0.197364E+08
  0.110406E-02  0.197037E+08  0.197007E+08  0.840922E+06  0.820551E+06  0.192618E+08  0.197036E+08  0.525586E+00  0.197012E+08
  0.121911E-02  0.196633E+08  0.196601E+08  0.599854E+06  0.572098E+06  0.191338E+08  0.196632E+08  0.525569E+00  0.196603E+08
  0.134616E-02  0.196166E+08  0.196133E+08  0.363030E+06  0.321425E+06  0.189850E+08  0.196165E+08  0.525552E+00  0.196131E+08
  0.148644E-02  0.195627E+08  0.195593E+08  0.240891E+06  0.191826E+06  0.188137E+08  0.195626E+08  0.525534E+00  0.195587E+08
  0.164134E-02  0.195008E+08  0.194974E+08  0.222880E+06  0.000000E+00  0.186177E+08  0.195007E+08  0.525517E+00  0.194962E+08
  0.181239E-02  0.194299E+08  0.194264E+08  0.179658E+06  0.000000E+00  0.183957E+08  0.194298E+08  0.525498E+00  0.194245E+08
  0.200126E-02  0.193489E+08  0.193454E+08  0.829396E+05  0.000000E+00  0.181464E+08  0.193487E+08  0.525479E+00  0.193427E+08
  0.220981E-02  0.192566E+08  0.192530E+08  0.507230E+05  0.000000E+00  0.178693E+08  0.192564E+08  0.525458E+00  0.192496E+08
  0.244010E-02  0.191518E+08  0.191482E+08  0.606286E+05  0.000000E+00  0.175643E+08  0.191517E+08  0.525437E+00  0.191439E+08
  0.269438E-02  0.190334E+08  0.190297E+08  0.228265E+05  0.000000E+00  0.172313E+08  0.190333E+08  0.525414E+00  0.190244E+08
  0.297516E-02  0.189000E+08  0.188961E+08  0.212632E+05  0.000000E+00  0.168703E+08  0.188999E+08  0.525391E+00  0.188900E+08
  0.328520E-02  0.187503E+08  0.187462E+08  0.923328E+04  0.000000E+00  0.164811E+08  0.187502E+08  0.525367E+00  0.187392E+08
  0.362756E-02  0.185831E+08  0.185788E+08  0.330916E+04  0.000000E+00  0.160625E+08  0.185830E+08  0.525342E+00  0.185707E+08
  0.400559E-02  0.183970E+08  0.183924E+08 -0.543948E+04  0.000000E+00  0.156135E+08  0.183969E+08  0.525316E+00  0.183834E+08
  0.442301E-02  0.181907E+08  0.181857E+08  0.154249E+04  0.000000E+00  0.151328E+08  0.181905E+08  0.525288E+00  0.181757E+08
  0.488393E-02  0.179627E+08  0.179574E+08 -0.972041E+03  0.000000E+00  0.146217E+08  0.179626E+08  0.525260E+00  0.179464E+08
  0.539289E-02  0.177119E+08  0.177060E+08 -0.392467E+04  0.000000E+00  0.140797E+08  0.177117E+08  0.525230E+00  0.176941E+08
  0.595488E-02  0.174372E+08  0.174307E+08 -0.246674E+04  0.000000E+00  0.134804E+08  0.174371E+08  0.525196E+00  0.174178E+08
  0.657545E-02  0.171364E+08  0.171292E+08 -0.274903E+04  0.000000E+00  0.128622E+08  0.171362E+08  0.525162E+00  0.171154E+08
  0.726068E-02  0.168084E+08  0.168003E+08 -0.234436E+04  0.000000E+00  0.122121E+08  0.168083E+08  0.525125E+00  0.167858E+08
  0.801731E-02  0.164520E+08  0.164429E+08 -0.283418E+04  0.000000E+00  0.115398E+08  0.164519E+08  0.525087E+00  0.164278E+08
  0.885280E-02  0.160658E+08  0.160554E+08 -0.227964E+04  0.000000E+00  0.108522E+08  0.160656E+08  0.525049E+00  0.160399E+08
  0.977535E-02  0.156484E+08  0.156366E+08 -0.161903E+04  0.000000E+00  0.101476E+08  0.156483E+08  0.525010E+00  0.156210E+08
  0.107940E-01  0.151987E+08  0.151852E+08 -0.174989E+04  0.000000E+00  0.942755E+07  0.151986E+08  0.524969E+00  0.151698E+08
  0.119189E-01  0.147153E+08  0.146998E+08 -0.150249E+04  0.000000E+00  0.869950E+07  0.147152E+08  0.524928E+00  0.146849E+08
  0.131610E-01  0.141971E+08  0.141793E+08 -0.110640E+04  0.000000E+00  0.797227E+07  0.141969E+08  0.524886E+00  0.141653E+08
  0.145325E-01  0.136431E+08  0.136226E+08 -0.104986E+04  0.000000E+00  0.724882E+07  0.136429E+08  0.524844E+00  0.136100E+08
  0.160469E-01  0.130528E+08  0.130293E+08 -0.865414E+03  0.000000E+00  0.653448E+07  0.130526E+08  0.524802E+00  0.130186E+08
  0.177192E-01  0.124397E+08  0.124130E+08 -0.621890E+03  0.000000E+00  0.584473E+07  0.124396E+08  0.524761E+00  0.124047E+08
  0.195657E-01  0.117809E+08  0.117506E+08 -0.556315E+03  0.000000E+00  0.517238E+07  0.117807E+08  0.524720E+00  0.117452E+08
  0.216046E-01  0.110898E+08  0.110557E+08 -0.319391E+03  0.000000E+00  0.453060E+07  0.110896E+08  0.524680E+00  0.110537E+08
  0.238561E-01  0.103612E+08  0.103234E+08 -0.336447E+03  0.000000E+00  0.392146E+07  0.103610E+08  0.524641E+00  0.103250E+08
  0.263421E-01  0.962025E+07  0.957896E+07 -0.246843E+03  0.000000E+00  0.335855E+07  0.962001E+07  0.524604E+00  0.958427E+07
  0.290872E-01  0.887552E+07  0.883129E+07 -0.175913E+03  0.000000E+00  0.284562E+07  0.887524E+07  0.524568E+00  0.884010E+07
  0.321184E-01  0.813018E+07  0.808398E+07 -0.147885E+03  0.000000E+00  0.238331E+07  0.812985E+07  0.524534E+00  0.809574E+07
  0.354655E-01  0.740339E+07  0.735661E+07 -0.944593E+02  0.000000E+00  0.197558E+07  0.740297E+07  0.524501E+00  0.737032E+07
  0.391614E-01  0.672143E+07  0.667589E+07 -0.809603E+02  0.000000E+00  0.162563E+07  0.672092E+07  0.524471E+00  0.669011E+07
  0.432424E-01  0.609999E+07  0.605775E+07 -0.811682E+02  0.000000E+00  0.133143E+07  0.609934E+07  0.524443E+00  0.607074E+07
  0.475666E-01  0.557036E+07  0.553321E+07  0.000000E+00  0.000000E+00  0.109721E+07  0.556954E+07  0.524417E+00  0.554335E+07
  0.518909E-01  0.515236E+07  0.512110E+07  0.000000E+00  0.000000E+00  0.920994E+06  0.515133E+07  0.524396E+00  0.512747E+07
  0.562151E-01  0.481181E+07  0.478640E+07  0.000000E+00  0.000000E+00  0.784470E+06  0.481052E+07  0.524377E+00  0.478886E+07
  0.605393E-01  0.452261E+07  0.450231E+07  0.000000E+00  0.000000E+00  0.675497E+06  0.452103E+07  0.524362E+00  0.450137E+07
  0.648636E-01  0.426358E+07  0.424716E+07  0.000000E+00  0.000000E+00  0.585760E+06  0.426166E+07  0.524348E+00  0.424378E+07
  0.691878E-01  0.401811E+07  0.400412E+07  0.000000E+00  0.000000E+00  0.509652E+06  0.401581E+07  0.524336E+00  0.399951E+07
  0.735121E-01  0.377486E+07  0.376191E+07  0.000000E+00  0.000000E+00  0.443499E+06  0.377214E+07  0.524325E+00  0.375726E+07
  0.778363E-01  0.353733E+07  0.352428E+07  0.000000E+00  0.000000E+00  0.434031E+06  0.353416E+07  0.524332E+00  0.352077E+07
  0.821605E-01  0.329947E+07  0.328556E+07  0.000000E+00  0.000000E+00  0.379017E+06  0.329580E+07  0.524322E+00  0.328360E+07
  0.864848E-01  0.307043E+07  0.305538E+07  0.000000E+00  0.000000E+00  0.330986E+06  0.306625E+07  0.524314E+00  0.305520E+07
  0.908090E-01  0.285552E+07  0.283944E+07  0.000000E+00  0.000000E+00  0.289496E+06  0.285080E+07  0.524306E+00  0.284092E+07
  0.972768E-01  0.257074E+07  0.255402E+07  0.000000E+00  0.000000E+00  0.238675E+06  0.256517E+07  0.524296E+00  0.255711E+07
  0.103745E+00  0.234100E+07  0.232507E+07  0.000000E+00  0.000000E+00  0.199880E+06  0.233452E+07  0.524286E+00  0.232839E+07
  0.110212E+00  0.216629E+07  0.215241E+07  0.000000E+00  0.000000E+00  0.170755E+06  0.215884E+07  0.524278E+00  0.215470E+07
  0.116680E+00  0.203124E+07  0.201996E+07  0.000000E+00  0.000000E+00  0.148325E+06  0.202276E+07  0.524269E+00  0.202061E+07
  0.123148E+00  0.191437E+07  0.190550E+07  0.000000E+00  0.000000E+00  0.129905E+06  0.190484E+07  0.524262E+00  0.190461E+07
  0.129616E+00  0.180126E+07  0.179401E+07  0.000000E+00  0.000000E+00  0.113905E+06  0.179071E+07  0.524254E+00  0.179223E+07
  0.136084E+00  0.168366E+07  0.167703E+07  0.000000E+00  0.000000E+00  0.994687E+05  0.167214E+07  0.524247E+00  0.167521E+07
  0.142551E+00  0.156028E+07  0.155345E+07  0.000000E+00  0.000000E+00  0.863216E+05  0.154790E+07  0.524240E+00  0.155230E+07
  0.149019E+00  0.143693E+07  0.142951E+07  0.000000E+00  0.000000E+00  0.746088E+05  0.142380E+07  0.524233E+00  0.142937E+07
  0.155487E+00  0.132343E+07  0.131550E+07  0.000000E+00  0.000000E+00  0.646246E+05  0.130964E+07  0.524225E+00  0.131626E+07
  0.161955E+00  0.122677E+07  0.121873E+07  0.000000E+00  0.000000E+00  0.564509E+05  0.121234E+07  0.524218E+00  0.121999E+07
  0.168423E+00  0.114917E+07  0.114155E+07  0.000000E+00  0.000000E+00  0.499267E+05  0.113408E+07  0.524210E+00  0.114279E+07
  0.174890E+00  0.108890E+07  0.108210E+07  0.000000E+00  0.000000E+00  0.447457E+05  0.107307E+07  0.524201E+00  0.108291E+07
  0.181358E+00  0.104106E+07  0.103525E+07  0.000000E+00  0.000000E+00  0.405297E+05  0.102440E+07  0.524193E+00  0.103545E+07
  0.187826E+00  0.998910E+06  0.993960E+06  0.000000E+00  0.000000E+00  0.368986E+05  0.981326E+06  0.524183E+00  0.993621E+06
  0.194294E+00  0.956634E+06  0.952250E+06  0.000000E+00  0.000000E+00  0.335749E+05  0.938099E+06  0.524173E+00  0.951621E+06
  0.200762E+00  0.911437E+06  0.907264E+06  0.000000E+00  0.000000E+00  0.304323E+05  0.891975E+06  0.524163E+00  0.906654E+06
  0.207229E+00  0.863713E+06  0.859476E+06  0.000000E+00  0.000000E+00  0.274689E+05  0.843383E+06  0.524152E+00  0.859126E+06
  0.213697E+00  0.815882E+06  0.811455E+06  0.000000E+00  0.000000E+00  0.247441E+05  0.794748E+06  0.524140E+00  0.811471E+06
  0.220165E+00  0.770938E+06  0.766359E+06  0.000000E+00  0.000000E+00  0.223220E+05  0.749041E+06  0.524127E+00  0.766698E+06
  0.226633E+00  0.731224E+06  0.726641E+06  0.000000E+00  0.000000E+00  0.202356E+05  0.708567E+06  0.524113E+00  0.727156E+06
  0.233101E+00  0.697729E+06  0.693326E+06  0.000000E+00  0.000000E+00  0.184746E+05  0.674278E+06  0.524099E+00  0.693839E+06
  0.239569E+00  0.669897E+06  0.665816E+06  0.000000E+00  0.000000E+00  0.169889E+05  0.645599E+06  0.524083E+00  0.666184E+06
  0.246036E+00  0.645900E+06  0.642197E+06  0.000000E+00  0.000000E+00  0.157041E+05  0.620711E+06  0.524067E+00  0.642356E+06
  0.252504E+00  0.623593E+06  0.620230E+06  0.000000E+00  0.000000E+00  0.145487E+05  0.597503E+06  0.524049E+00  0.620205E+06
  0.258972E+00  0.601394E+06  0.598270E+06  0.000000E+00  0.000000E+00  0.134746E+05  0.574429E+06  0.524030E+00  0.598145E+06
  0.265440E+00  0.578488E+06  0.575480E+06  0.000000E+00  0.000000E+00  0.124574E+05  0.550705E+06  0.524010E+00  0.575360E+06
  0.271908E+00  0.554857E+06  0.551868E+06  0.000000E+00  0.000000E+00  0.114924E+05  0.526332E+06  0.523989E+00  0.551837E+06
  0.278375E+00  0.531317E+06  0.528301E+06  0.000000E+00  0.000000E+00  0.105925E+05  0.502117E+06  0.523967E+00  0.528396E+06
  0.284843E+00  0.509049E+06  0.506015E+06  0.000000E+00  0.000000E+00  0.977535E+04  0.479201E+06  0.523943E+00  0.506224E+06
  0.291311E+00  0.488843E+06  0.485841E+06  0.000000E+00  0.000000E+00  0.904854E+04  0.458342E+06  0.523918E+00  0.486114E+06
  0.297779E+00  0.470968E+06  0.468058E+06  0.000000E+00  0.000000E+00  0.840885E+04  0.439783E+06  0.523892E+00  0.468334E+06
  0.304247E+00  0.455254E+06  0.452486E+06  0.000000E+00  0.000000E+00  0.784556E+04  0.423342E+06  0.523864E+00  0.452714E+06
  0.310714E+00  0.441128E+06  0.438522E+06  0.000000E+00  0.000000E+00  0.734229E+04  0.408454E+06  0.523834E+00  0.438679E+06
  0.317182E+00  0.427843E+06  0.425388E+06  0.000000E+00  0.000000E+00  0.688184E+04  0.394399E+06  0.523803E+00  0.425479E+06
  0.323650E+00  0.414800E+06  0.412462E+06  0.000000E+00  0.000000E+00  0.645141E+04  0.380612E+06  0.523771E+00  0.412514E+06
  0.330118E+00  0.401696E+06  0.399433E+06  0.000000E+00  0.000000E+00  0.604421E+04  0.366816E+06  0.523737E+00  0.399482E+06
  0.336586E+00  0.388520E+06  0.386294E+06  0.000000E+00  0.000000E+00  0.565852E+04  0.353015E+06  0.523702E+00  0.386371E+06
  0.343053E+00  0.375509E+06  0.373303E+06  0.000000E+00  0.000000E+00  0.529638E+04  0.339447E+06  0.523664E+00  0.373422E+06
  0.349521E+00  0.363017E+06  0.360830E+06  0.000000E+00  0.000000E+00  0.496101E+04  0.326438E+06  0.523625E+00  0.360990E+06
  0.355989E+00  0.351347E+06  0.349193E+06  0.000000E+00  0.000000E+00  0.465453E+04  0.314260E+06  0.523585E+00  0.349377E+06
  0.362457E+00  0.340648E+06  0.338547E+06  0.000000E+00  0.000000E+00  0.437673E+04  0.303032E+06  0.523542E+00  0.338736E+06
  0.368925E+00  0.330876E+06  0.328846E+06  0.000000E+00  0.000000E+00  0.412489E+04  0.292695E+06  0.523498E+00  0.329019E+06
  0.375392E+00  0.321824E+06  0.319873E+06  0.000000E+00  0.000000E+00  0.389458E+04  0.283051E+06  0.523452E+00  0.320022E+06
  0.381860E+00  0.313232E+06  0.311356E+06  0.000000E+00  0.000000E+00  0.368118E+04  0.273866E+06  0.523405E+00  0.311482E+06
  0.388328E+00  0.304887E+06  0.303076E+06  0.000000E+00  0.000000E+00  0.348108E+04  0.264957E+06  0.523356E+00  0.303186E+06
  0.394796E+00  0.296664E+06  0.294902E+06  0.000000E+00  0.000000E+00  0.329202E+04  0.256220E+06  0.523304E+00  0.295007E+06
  0.401264E+00  0.288536E+06  0.286811E+06  0.000000E+00  0.000000E+00  0.311308E+04  0.247636E+06  0.523251E+00  0.286923E+06
  0.407731E+00  0.280582E+06  0.278884E+06  0.000000E+00  0.000000E+00  0.294442E+04  0.239268E+06  0.523196E+00  0.279009E+06
  0.414199E+00  0.272902E+06  0.271231E+06  0.000000E+00  0.000000E+00  0.278648E+04  0.231195E+06  0.523139E+00  0.271369E+06
  0.420667E+00  0.265591E+06  0.263948E+06  0.000000E+00  0.000000E+00  0.263952E+04  0.223494E+06  0.523081E+00  0.264096E+06
  0.427135E+00  0.258704E+06  0.257097E+06  0.000000E+00  0.000000E+00  0.250339E+04  0.216208E+06  0.523020E+00  0.257246E+06
  0.433603E+00  0.252229E+06  0.250662E+06  0.000000E+00  0.000000E+00  0.237730E+04  0.209330E+06  0.522958E+00  0.250807E+06
  0.440070E+00  0.246107E+06  0.244583E+06  0.000000E+00  0.000000E+00  0.226006E+04  0.202806E+06  0.522893E+00  0.244720E+06
  0.446538E+00  0.240256E+06  0.238774E+06  0.000000E+00  0.000000E+00  0.215038E+04  0.196567E+06  0.522827E+00  0.238903E+06
  0.453006E+00  0.234602E+06  0.233160E+06  0.000000E+00  0.000000E+00  0.204717E+04  0.190544E+06  0.522759E+00  0.233281E+06
  0.459474E+00  0.229092E+06  0.227685E+06  0.000000E+00  0.000000E+00  0.194959E+04  0.184687E+06  0.522689E+00  0.227803E+06
  0.465942E+00  0.223704E+06  0.222325E+06  0.000000E+00  0.000000E+00  0.185713E+04  0.178977E+06  0.522617E+00  0.222444E+06
  0.472409E+00  0.218452E+06  0.217098E+06  0.000000E+00  0.000000E+00  0.176963E+04  0.173429E+06  0.522543E+00  0.217219E+06
  0.478877E+00  0.213362E+06  0.212032E+06  0.000000E+00  0.000000E+00  0.168705E+04  0.168067E+06  0.522468E+00  0.212157E+06
  0.485345E+00  0.208459E+06  0.207152E+06  0.000000E+00  0.000000E+00  0.160929E+04  0.162909E+06  0.522390E+00  0.207280E+06
  0.491813E+00  0.203760E+06  0.202479E+06  0.000000E+00  0.000000E+00  0.153622E+04  0.157963E+06  0.522311E+00  0.202607E+06
  0.498281E+00  0.199274E+06  0.198018E+06  0.000000E+00  0.000000E+00  0.146763E+04  0.153229E+06  0.522229E+00  0.198145E+06
  0.504748E+00  0.194979E+06  0.193751E+06  0.000000E+00  0.000000E+00  0.140314E+04  0.148689E+06  0.522146E+00  0.193875E+06
  0.511216E+00  0.190846E+06  0.189645E+06  0.000000E+00  0.000000E+00  0.134230E+04  0.144319E+06  0.522062E+00  0.189766E+06
  0.517684E+00  0.186847E+06  0.185672E+06  0.000000E+00  0.000000E+00  0.128474E+04  0.140100E+06  0.521975E+00  0.185789E+06
  0.524152E+00  0.182963E+06  0.181813E+06  0.000000E+00  0.000000E+00  0.123015E+04  0.136014E+06  0.521886E+00  0.181927E+06
  0.530620E+00  0.179182E+06  0.178054E+06  0.000000E+00  0.000000E+00  0.117830E+04  0.132050E+06  0.521796E+00  0.178167E+06
  0.537087E+00  0.175501E+06  0.174393E+06  0.000000E+00  0.000000E+00  0.112903E+04  0.128202E+06  0.521704E+00  0.174507E+06
  0.543555E+00  0.171925E+06  0.170835E+06  0.000000E+00  0.000000E+00  0.108224E+04  0.124472E+06  0.521610E+00  0.170949E+06
  0.550023E+00  0.168462E+06  0.167392E+06  0.000000E+00  0.000000E+00  0.103788E+04  0.120869E+06  0.521515E+00  0.167506E+06
  0.556491E+00  0.165117E+06  0.164065E+06  0.000000E+00  0.000000E+00  0.995833E+03  0.117393E+06  0.521418E+00  0.164179E+06
  0.562959E+00  0.161885E+06  0.160852E+06  0.000000E+00  0.000000E+00  0.955972E+03  0.114041E+06  0.521319E+00  0.160965E+06
  0.569426E+00  0.158765E+06  0.157751E+06  0.000000E+00  0.000000E+00  0.918184E+03  0.110808E+06  0.521219E+00  0.157863E+06
  0.575894E+00  0.155749E+06  0.154754E+06  0.000000E+00  0.000000E+00  0.882313E+03  0.107684E+06  0.521117E+00  0.154864E+06
  0.582362E+00  0.152825E+06  0.151848E+06  0.000000E+00  0.000000E+00  0.848200E+03  0.104661E+06  0.521013E+00  0.151956E+06
  0.588830E+00  0.149981E+06  0.149021E+06  0.000000E+00  0.000000E+00  0.815704E+03  0.101732E+06  0.520908E+00  0.149128E+06
  0.595298E+00  0.147213E+06  0.146271E+06  0.000000E+00  0.000000E+00  0.784732E+03  0.988938E+05  0.520802E+00  0.146376E+06
  0.601765E+00  0.144521E+06  0.143594E+06  0.000000E+00  0.000000E+00  0.755202E+03  0.961418E+05  0.520694E+00  0.143698E+06
  0.608233E+00  0.141900E+06  0.140988E+06  0.000000E+00  0.000000E+00  0.727028E+03  0.934713E+05  0.520584E+00  0.141092E+06
  0.614701E+00  0.139350E+06  0.138453E+06  0.000000E+00  0.000000E+00  0.700154E+03  0.908822E+05  0.520473E+00  0.138556E+06
  0.621169E+00  0.136876E+06  0.135993E+06  0.000000E+00  0.000000E+00  0.674536E+03  0.883766E+05  0.520361E+00  0.136096E+06
  0.627637E+00  0.134474E+06  0.133606E+06  0.000000E+00  0.000000E+00  0.650113E+03  0.859529E+05  0.520247E+00  0.133708E+06
  0.675151E+00  0.118738E+06  0.117966E+06  0.000000E+00  0.000000E+00  0.501123E+03  0.702907E+05  0.519374E+00  0.118060E+06
  0.726263E+00  0.104842E+06  0.104155E+06  0.000000E+00  0.000000E+00  0.385824E+03  0.569072E+05  0.518373E+00  0.104242E+06
  0.781243E+00  0.925816E+05  0.919715E+05  0.000000E+00  0.000000E+00  0.296768E+03  0.455854E+05  0.517244E+00  0.920510E+05
  0.840386E+00  0.817656E+05  0.812237E+05  0.000000E+00  0.000000E+00  0.228082E+03  0.361101E+05  0.515994E+00  0.812963E+05
  0.904007E+00  0.722237E+05  0.717426E+05  0.000000E+00  0.000000E+00  0.175174E+03  0.282738E+05  0.514640E+00  0.718086E+05
  0.972444E+00  0.638040E+05  0.633771E+05  0.000000E+00  0.000000E+00  0.134463E+03  0.218736E+05  0.513201E+00  0.634369E+05
  0.104606E+01  0.563713E+05  0.559927E+05  0.000000E+00  0.000000E+00  0.103163E+03  0.167164E+05  0.511704E+00  0.560467E+05
  0.105164E+01  0.558648E+05  0.554896E+05  0.000000E+00  0.000000E+00  0.101188E+03  0.163839E+05  0.511594E+00  0.555431E+05
  0.106221E+01  0.549249E+05  0.545558E+05  0.000000E+00  0.000000E+00  0.975755E+02  0.157740E+05  0.511386E+00  0.546086E+05
  0.107288E+01  0.540010E+05  0.536379E+05  0.000000E+00  0.000000E+00  0.940921E+02  0.151833E+05  0.511177E+00  0.536899E+05
  0.108367E+01  0.530922E+05  0.527351E+05  0.000000E+00  0.000000E+00  0.907312E+02  0.146113E+05  0.510969E+00  0.527864E+05
  0.109456E+01  0.521994E+05  0.518481E+05  0.000000E+00  0.000000E+00  0.874911E+02  0.140577E+05  0.510760E+00  0.518986E+05
  0.110556E+01  0.513210E+05  0.509755E+05  0.000000E+00  0.000000E+00  0.843647E+02  0.135219E+05  0.510551E+00  0.510253E+05
  0.111667E+01  0.504580E+05  0.501181E+05  0.000000E+00  0.000000E+00  0.813507E+02  0.130034E+05  0.510342E+00  0.501672E+05
  0.112789E+01  0.496091E+05  0.492748E+05  0.000000E+00  0.000000E+00  0.784429E+02  0.125021E+05  0.510133E+00  0.493231E+05
  0.113923E+01  0.487748E+05  0.484460E+05  0.000000E+00  0.000000E+00  0.756391E+02  0.120171E+05  0.509924E+00  0.484936E+05
  0.115068E+01  0.479543E+05  0.476309E+05  0.000000E+00  0.000000E+00  0.729349E+02  0.115486E+05  0.509716E+00  0.476778E+05
  0.116224E+01  0.471479E+05  0.468299E+05  0.000000E+00  0.000000E+00  0.703271E+02  0.110955E+05  0.509508E+00  0.468761E+05
  0.117392E+01  0.463549E+05  0.460421E+05  0.000000E+00  0.000000E+00  0.678120E+02  0.106580E+05  0.509300E+00  0.460876E+05
  0.118572E+01  0.455754E+05  0.452678E+05  0.000000E+00  0.000000E+00  0.653865E+02  0.102353E+05  0.509093E+00  0.453126E+05
  0.119764E+01  0.448089E+05  0.445063E+05  0.000000E+00  0.000000E+00  0.630473E+02  0.982714E+04  0.508886E+00  0.445505E+05
  0.120967E+01  0.440555E+05  0.437579E+05  0.000000E+00  0.000000E+00  0.607919E+02  0.943327E+04  0.508680E+00  0.438014E+05
  0.122183E+01  0.433146E+05  0.430219E+05  0.000000E+00  0.000000E+00  0.586162E+02  0.905289E+04  0.508475E+00  0.430647E+05
  0.123411E+01  0.425861E+05  0.422982E+05  0.000000E+00  0.000000E+00  0.565184E+02  0.868611E+04  0.508270E+00  0.423404E+05
  0.124651E+01  0.418699E+05  0.415868E+05  0.000000E+00  0.000000E+00  0.544953E+02  0.833222E+04  0.508067E+00  0.416283E+05
  0.125904E+01  0.411658E+05  0.408874E+05  0.000000E+00  0.000000E+00  0.525446E+02  0.799096E+04  0.507864E+00  0.409283E+05
  0.127170E+01  0.404734E+05  0.401996E+05  0.000000E+00  0.000000E+00  0.506632E+02  0.766208E+04  0.507663E+00  0.402399E+05
  0.128448E+01  0.397925E+05  0.395232E+05  0.000000E+00  0.000000E+00  0.488485E+02  0.734498E+04  0.507463E+00  0.395629E+05
  0.129739E+01  0.391230E+05  0.388582E+05  0.000000E+00  0.000000E+00  0.470988E+02  0.703944E+04  0.507263E+00  0.388973E+05
  0.131042E+01  0.384649E+05  0.382044E+05  0.000000E+00  0.000000E+00  0.454117E+02  0.674530E+04  0.507065E+00  0.382429E+05
  0.132359E+01  0.378176E+05  0.375615E+05  0.000000E+00  0.000000E+00  0.437844E+02  0.646193E+04  0.506869E+00  0.375994E+05
  0.133690E+01  0.371813E+05  0.369294E+05  0.000000E+00  0.000000E+00  0.422155E+02  0.618908E+04  0.506674E+00  0.369667E+05
  0.135033E+01  0.365553E+05  0.363076E+05  0.000000E+00  0.000000E+00  0.407019E+02  0.592653E+04  0.506480E+00  0.363443E+05
  0.136390E+01  0.359402E+05  0.356966E+05  0.000000E+00  0.000000E+00  0.392431E+02  0.567399E+04  0.506288E+00  0.357327E+05
  0.137761E+01  0.353351E+05  0.350955E+05  0.000000E+00  0.000000E+00  0.378360E+02  0.543092E+04  0.506098E+00  0.351311E+05
  0.139146E+01  0.347403E+05  0.345047E+05  0.000000E+00  0.000000E+00  0.364792E+02  0.519721E+04  0.505909E+00  0.345398E+05
  0.140544E+01  0.341553E+05  0.339236E+05  0.000000E+00  0.000000E+00  0.351708E+02  0.497253E+04  0.505722E+00  0.339581E+05
  0.141957E+01  0.335801E+05  0.333523E+05  0.000000E+00  0.000000E+00  0.339091E+02  0.475663E+04  0.505536E+00  0.333862E+05
  0.143383E+01  0.330146E+05  0.327905E+05  0.000000E+00  0.000000E+00  0.326927E+02  0.454913E+04  0.505353E+00  0.328239E+05
  0.144824E+01  0.324585E+05  0.322382E+05  0.000000E+00  0.000000E+00  0.315195E+02  0.434975E+04  0.505171E+00  0.322710E+05
  0.146280E+01  0.319119E+05  0.316952E+05  0.000000E+00  0.000000E+00  0.303885E+02  0.415829E+04  0.504992E+00  0.317276E+05
  0.147750E+01  0.313741E+05  0.311610E+05  0.000000E+00  0.000000E+00  0.292977E+02  0.397446E+04  0.504814E+00  0.311929E+05
  0.149235E+01  0.308455E+05  0.306360E+05  0.000000E+00  0.000000E+00  0.282460E+02  0.379805E+04  0.504638E+00  0.306673E+05
  0.150735E+01  0.303257E+05  0.301197E+05  0.000000E+00  0.000000E+00  0.272320E+02  0.362875E+04  0.504464E+00  0.301505E+05
  0.152250E+01  0.298145E+05  0.296119E+05  0.000000E+00  0.000000E+00  0.262539E+02  0.346628E+04  0.504293E+00  0.296422E+05
  0.153780E+01  0.293118E+05  0.291126E+05  0.000000E+00  0.000000E+00  0.253110E+02  0.331045E+04  0.504123E+00  0.291425E+05
  0.155325E+01  0.288175E+05  0.286217E+05  0.000000E+00  0.000000E+00  0.244019E+02  0.316101E+04  0.503956E+00  0.286510E+05
  0.156886E+01  0.283314E+05  0.281388E+05  0.000000E+00  0.000000E+00  0.235250E+02  0.301772E+04  0.503791E+00  0.281677E+05
  0.158463E+01  0.278535E+05  0.276641E+05  0.000000E+00  0.000000E+00  0.226796E+02  0.288040E+04  0.503628E+00  0.276926E+05
  0.160056E+01  0.273835E+05  0.271973E+05  0.000000E+00  0.000000E+00  0.218644E+02  0.274881E+04  0.503468E+00  0.272253E+05
  0.161664E+01  0.269214E+05  0.267383E+05  0.000000E+00  0.000000E+00  0.210786E+02  0.262277E+04  0.503309E+00  0.267659E+05
  0.163289E+01  0.264670E+05  0.262870E+05  0.000000E+00  0.000000E+00  0.203207E+02  0.250204E+04  0.503153E+00  0.263141E+05
  0.164930E+01  0.260201E+05  0.258431E+05  0.000000E+00  0.000000E+00  0.195899E+02  0.238643E+04  0.502999E+00  0.258698E+05
  0.166588E+01  0.255807E+05  0.254066E+05  0.000000E+00  0.000000E+00  0.188852E+02  0.227576E+04  0.502848E+00  0.254328E+05
  0.168262E+01  0.251487E+05  0.249776E+05  0.000000E+00  0.000000E+00  0.182061E+02  0.216986E+04  0.502698E+00  0.250034E+05
  0.169953E+01  0.247238E+05  0.245555E+05  0.000000E+00  0.000000E+00  0.175509E+02  0.206851E+04  0.502551E+00  0.245809E+05
  0.171661E+01  0.243060E+05  0.241405E+05  0.000000E+00  0.000000E+00  0.169193E+02  0.197156E+04  0.502407E+00  0.241655E+05
  0.173386E+01  0.238951E+05  0.237324E+05  0.000000E+00  0.000000E+00  0.163103E+02  0.187882E+04  0.502265E+00  0.237570E+05
  0.175129E+01  0.234912E+05  0.233312E+05  0.000000E+00  0.000000E+00  0.157232E+02  0.179014E+04  0.502125E+00  0.233554E+05
  0.176889E+01  0.230938E+05  0.229365E+05  0.000000E+00  0.000000E+00  0.151570E+02  0.170534E+04  0.501987E+00  0.229603E+05
  0.178667E+01  0.227032E+05  0.225485E+05  0.000000E+00  0.000000E+00  0.146111E+02  0.162429E+04  0.501852E+00  0.225719E+05
  0.180462E+01  0.223190E+05  0.221669E+05  0.000000E+00  0.000000E+00  0.140848E+02  0.154685E+04  0.501720E+00  0.221899E+05
  0.182276E+01  0.219412E+05  0.217917E+05  0.000000E+00  0.000000E+00  0.135773E+02  0.147289E+04  0.501589E+00  0.218144E+05
  0.184108E+01  0.215697E+05  0.214227E+05  0.000000E+00  0.000000E+00  0.130880E+02  0.140223E+04  0.501461E+00  0.214450E+05
  0.185958E+01  0.212045E+05  0.210600E+05  0.000000E+00  0.000000E+00  0.126163E+02  0.133473E+04  0.501336E+00  0.210819E+05
  0.187827E+01  0.208453E+05  0.207033E+05  0.000000E+00  0.000000E+00  0.121615E+02  0.127028E+04  0.501213E+00  0.207248E+05
  0.189715E+01  0.204921E+05  0.203524E+05  0.000000E+00  0.000000E+00  0.117229E+02  0.120879E+04  0.501092E+00  0.203737E+05
  0.191621E+01  0.201449E+05  0.200076E+05  0.000000E+00  0.000000E+00  0.113001E+02  0.115010E+04  0.500973E+00  0.200284E+05
  0.193547E+01  0.198034E+05  0.196683E+05  0.000000E+00  0.000000E+00  0.108925E+02  0.109405E+04  0.500857E+00  0.196889E+05
  0.195492E+01  0.194676E+05  0.193348E+05  0.000000E+00  0.000000E+00  0.104996E+02  0.104062E+04  0.500743E+00  0.193550E+05
  0.197457E+01  0.191374E+05  0.190069E+05  0.000000E+00  0.000000E+00  0.101206E+02  0.989656E+03  0.500631E+00  0.190267E+05
  0.199441E+01  0.188127E+05  0.186844E+05  0.000000E+00  0.000000E+00  0.975548E+01  0.941024E+03  0.500521E+00  0.187039E+05
  0.201446E+01  0.184934E+05  0.183672E+05  0.000000E+00  0.000000E+00  0.940317E+01  0.894689E+03  0.500414E+00  0.183864E+05
  0.203471E+01  0.181794E+05  0.180554E+05  0.000000E+00  0.000000E+00  0.906363E+01  0.850483E+03  0.500309E+00  0.180743E+05
  0.205515E+01  0.178707E+05  0.177488E+05  0.000000E+00  0.000000E+00  0.873622E+01  0.808374E+03  0.500207E+00  0.177674E+05
  0.207581E+01  0.175671E+05  0.174473E+05  0.000000E+00  0.000000E+00  0.842075E+01  0.768233E+03  0.500106E+00  0.174655E+05
  0.209667E+01  0.172686E+05  0.171508E+05  0.000000E+00  0.000000E+00  0.811638E+01  0.729994E+03  0.500008E+00  0.171687E+05
  0.211774E+01  0.169751E+05  0.168592E+05  0.000000E+00  0.000000E+00  0.782294E+01  0.693556E+03  0.499911E+00  0.168769E+05
  0.213903E+01  0.166864E+05  0.165725E+05  0.000000E+00  0.000000E+00  0.754017E+01  0.658865E+03  0.499817E+00  0.165899E+05
  0.216052E+01  0.164026E+05  0.162906E+05  0.000000E+00  0.000000E+00  0.726762E+01  0.625809E+03  0.499725E+00  0.163077E+05
  0.218224E+01  0.161234E+05  0.160134E+05  0.000000E+00  0.000000E+00  0.700477E+01  0.594361E+03  0.499635E+00  0.160302E+05
  0.220417E+01  0.158490E+05  0.157408E+05  0.000000E+00  0.000000E+00  0.675135E+01  0.564399E+03  0.499548E+00  0.157574E+05
  0.222632E+01  0.155792E+05  0.154728E+05  0.000000E+00  0.000000E+00  0.650704E+01  0.535888E+03  0.499462E+00  0.154891E+05
  0.224870E+01  0.153139E+05  0.152094E+05  0.000000E+00  0.000000E+00  0.627151E+01  0.508775E+03  0.499378E+00  0.152253E+05
  0.227130E+01  0.150530E+05  0.149503E+05  0.000000E+00  0.000000E+00  0.604446E+01  0.482954E+03  0.499296E+00  0.149660E+05
  0.229412E+01  0.147965E+05  0.146955E+05  0.000000E+00  0.000000E+00  0.582565E+01  0.458387E+03  0.499216E+00  0.147109E+05
  0.231718E+01  0.145443E+05  0.144450E+05  0.000000E+00  0.000000E+00  0.561461E+01  0.435033E+03  0.499138E+00  0.144602E+05
  0.234047E+01  0.142963E+05  0.141987E+05  0.000000E+00  0.000000E+00  0.541134E+01  0.412825E+03  0.499062E+00  0.142136E+05
  0.236399E+01  0.140525E+05  0.139565E+05  0.000000E+00  0.000000E+00  0.521520E+01  0.391701E+03  0.498988E+00  0.139712E+05
  0.238775E+01  0.138127E+05  0.137183E+05  0.000000E+00  0.000000E+00  0.502618E+01  0.371609E+03  0.498916E+00  0.137328E+05
  0.241175E+01  0.135769E+05  0.134842E+05  0.000000E+00  0.000000E+00  0.484397E+01  0.352509E+03  0.498845E+00  0.134984E+05
  0.243599E+01  0.133451E+05  0.132539E+05  0.000000E+00  0.000000E+00  0.466834E+01  0.334356E+03  0.498776E+00  0.132679E+05
  0.246047E+01  0.131171E+05  0.130275E+05  0.000000E+00  0.000000E+00  0.449903E+01  0.317107E+03  0.498709E+00  0.130413E+05
  0.248519E+01  0.128930E+05  0.128049E+05  0.000000E+00  0.000000E+00  0.433582E+01  0.300716E+03  0.498644E+00  0.128184E+05
  0.251017E+01  0.126727E+05  0.125861E+05  0.000000E+00  0.000000E+00  0.417856E+01  0.285144E+03  0.498580E+00  0.125994E+05
  0.253540E+01  0.124560E+05  0.123709E+05  0.000000E+00  0.000000E+00  0.402688E+01  0.270351E+03  0.498518E+00  0.123839E+05
  0.256088E+01  0.122430E+05  0.121593E+05  0.000000E+00  0.000000E+00  0.388072E+01  0.256303E+03  0.498458E+00  0.121721E+05
  0.258662E+01  0.120335E+05  0.119512E+05  0.000000E+00  0.000000E+00  0.373977E+01  0.242961E+03  0.498399E+00  0.119639E+05
  0.261261E+01  0.118276E+05  0.117467E+05  0.000000E+00  0.000000E+00  0.360403E+01  0.230291E+03  0.498342E+00  0.117591E+05
  0.263887E+01  0.116251E+05  0.115456E+05  0.000000E+00  0.000000E+00  0.347307E+01  0.218256E+03  0.498286E+00  0.115578E+05
  0.266539E+01  0.114260E+05  0.113479E+05  0.000000E+00  0.000000E+00  0.334690E+01  0.206828E+03  0.498232E+00  0.113599E+05
  0.269218E+01  0.112303E+05  0.111535E+05  0.000000E+00  0.000000E+00  0.322528E+01  0.195987E+03  0.498179E+00  0.111653E+05
  0.271924E+01  0.110378E+05  0.109623E+05  0.000000E+00  0.000000E+00  0.310804E+01  0.185702E+03  0.498128E+00  0.109740E+05
  0.274657E+01  0.108486E+05  0.107744E+05  0.000000E+00  0.000000E+00  0.299497E+01  0.175930E+03  0.498078E+00  0.107858E+05
  0.277417E+01  0.106626E+05  0.105897E+05  0.000000E+00  0.000000E+00  0.288605E+01  0.166663E+03  0.498030E+00  0.106009E+05
  0.280205E+01  0.104797E+05  0.104080E+05  0.000000E+00  0.000000E+00  0.278109E+01  0.157876E+03  0.497982E+00  0.104191E+05
  0.283021E+01  0.102999E+05  0.102294E+05  0.000000E+00  0.000000E+00  0.267984E+01  0.149527E+03  0.497937E+00  0.102403E+05
  0.285865E+01  0.101231E+05  0.100538E+05  0.000000E+00  0.000000E+00  0.258234E+01  0.141622E+03  0.497892E+00  0.100645E+05
  0.288738E+01  0.994925E+04  0.988114E+04  0.000000E+00  0.000000E+00  0.248837E+01  0.134111E+03  0.497849E+00  0.989166E+04
  0.291640E+01  0.977834E+04  0.971140E+04  0.000000E+00  0.000000E+00  0.239779E+01  0.126999E+03  0.497807E+00  0.972175E+04
  0.294571E+01  0.961033E+04  0.954453E+04  0.000000E+00  0.000000E+00  0.231042E+01  0.120248E+03  0.497766E+00  0.955470E+04
  0.297532E+01  0.944514E+04  0.938047E+04  0.000000E+00  0.000000E+00  0.222625E+01  0.113846E+03  0.497727E+00  0.939047E+04
  0.300522E+01  0.928274E+04  0.921917E+04  0.000000E+00  0.000000E+00  0.214512E+01  0.107785E+03  0.497688E+00  0.922900E+04
  0.303542E+01  0.912306E+04  0.906058E+04  0.000000E+00  0.000000E+00  0.206697E+01  0.102034E+03  0.497651E+00  0.907025E+04
  0.306593E+01  0.896611E+04  0.890470E+04  0.000000E+00  0.000000E+00  0.199159E+01  0.965794E+02  0.497615E+00  0.891421E+04
  0.309674E+01  0.881181E+04  0.875145E+04  0.000000E+00  0.000000E+00  0.191899E+01  0.914116E+02  0.497580E+00  0.876080E+04
  0.312787E+01  0.866010E+04  0.860077E+04  0.000000E+00  0.000000E+00  0.184901E+01  0.865161E+02  0.497546E+00  0.860997E+04
  0.315930E+01  0.851098E+04  0.845266E+04  0.000000E+00  0.000000E+00  0.178161E+01  0.818783E+02  0.497513E+00  0.846171E+04
  0.319105E+01  0.836434E+04  0.830702E+04  0.000000E+00  0.000000E+00  0.171655E+01  0.774826E+02  0.497481E+00  0.831592E+04
  0.322312E+01  0.822019E+04  0.816385E+04  0.000000E+00  0.000000E+00  0.165391E+01  0.733173E+02  0.497450E+00  0.817260E+04
  0.325552E+01  0.807848E+04  0.802310E+04  0.000000E+00  0.000000E+00  0.159353E+01  0.693712E+02  0.497420E+00  0.803171E+04
  0.328823E+01  0.793918E+04  0.788475E+04  0.000000E+00  0.000000E+00  0.153538E+01  0.656339E+02  0.497391E+00  0.789321E+04
  0.332128E+01  0.780221E+04  0.774871E+04  0.000000E+00  0.000000E+00  0.147928E+01  0.620959E+02  0.497363E+00  0.775704E+04
  0.335466E+01  0.766758E+04  0.761500E+04  0.000000E+00  0.000000E+00  0.142523E+01  0.587459E+02  0.497335E+00  0.762318E+04
  0.338838E+01  0.753522E+04  0.748354E+04  0.000000E+00  0.000000E+00  0.137316E+01  0.555694E+02  0.497309E+00  0.749159E+04
  0.342243E+01  0.740511E+04  0.735431E+04  0.000000E+00  0.000000E+00  0.132296E+01  0.525610E+02  0.497283E+00  0.736223E+04
  0.345683E+01  0.727719E+04  0.722727E+04  0.000000E+00  0.000000E+00  0.127462E+01  0.497181E+02  0.497259E+00  0.723505E+04
  0.349157E+01  0.715145E+04  0.710239E+04  0.000000E+00  0.000000E+00  0.122801E+01  0.470199E+02  0.497234E+00  0.711004E+04
  0.352666E+01  0.702784E+04  0.697961E+04  0.000000E+00  0.000000E+00  0.118315E+01  0.444712E+02  0.497211E+00  0.698714E+04
  0.356210E+01  0.690635E+04  0.685895E+04  0.000000E+00  0.000000E+00  0.113984E+01  0.420532E+02  0.497189E+00  0.686635E+04
  0.359790E+01  0.678689E+04  0.674030E+04  0.000000E+00  0.000000E+00  0.109812E+01  0.397703E+02  0.497167E+00  0.674758E+04
  0.363406E+01  0.666948E+04  0.662369E+04  0.000000E+00  0.000000E+00  0.105796E+01  0.376046E+02  0.497146E+00  0.663085E+04
  0.367058E+01  0.655406E+04  0.650905E+04  0.000000E+00  0.000000E+00  0.101924E+01  0.355555E+02  0.497125E+00  0.651610E+04
  0.370747E+01  0.644063E+04  0.639639E+04  0.000000E+00  0.000000E+00  0.981919E+00  0.336195E+02  0.497106E+00  0.640332E+04
  0.374473E+01  0.632908E+04  0.628560E+04  0.000000E+00  0.000000E+00  0.946001E+00  0.317866E+02  0.497087E+00  0.629242E+04
  0.378237E+01  0.621946E+04  0.617673E+04  0.000000E+00  0.000000E+00  0.911324E+00  0.300516E+02  0.497068E+00  0.618343E+04
  0.382038E+01  0.611167E+04  0.606968E+04  0.000000E+00  0.000000E+00  0.877991E+00  0.284096E+02  0.497051E+00  0.607627E+04
  0.385878E+01  0.600573E+04  0.596446E+04  0.000000E+00  0.000000E+00  0.845795E+00  0.268561E+02  0.497033E+00  0.597094E+04
  0.389756E+01  0.590160E+04  0.586104E+04  0.000000E+00  0.000000E+00  0.814834E+00  0.253861E+02  0.497017E+00  0.586741E+04
  0.393673E+01  0.579923E+04  0.575936E+04  0.000000E+00  0.000000E+00  0.784952E+00  0.239945E+02  0.497000E+00  0.576564E+04
  0.397630E+01  0.569863E+04  0.565944E+04  0.000000E+00  0.000000E+00  0.756175E+00  0.226789E+02  0.496985E+00  0.566561E+04
  0.401626E+01  0.559970E+04  0.556119E+04  0.000000E+00  0.000000E+00  0.728400E+00  0.214370E+02  0.496970E+00  0.556726E+04
  0.405662E+01  0.550250E+04  0.546465E+04  0.000000E+00  0.000000E+00  0.701711E+00  0.202599E+02  0.496955E+00  0.547062E+04
  0.409739E+01  0.540696E+04  0.536976E+04  0.000000E+00  0.000000E+00  0.675995E+00  0.191468E+02  0.496942E+00  0.537563E+04
  0.413857E+01  0.531303E+04  0.527646E+04  0.000000E+00  0.000000E+00  0.651184E+00  0.180954E+02  0.496928E+00  0.528224E+04
  0.418017E+01  0.522070E+04  0.518477E+04  0.000000E+00  0.000000E+00  0.627292E+00  0.171003E+02  0.496915E+00  0.519045E+04
  0.422218E+01  0.512998E+04  0.509466E+04  0.000000E+00  0.000000E+00  0.604258E+00  0.161583E+02  0.496902E+00  0.510025E+04
  0.426461E+01  0.504077E+04  0.500606E+04  0.000000E+00  0.000000E+00  0.582084E+00  0.152698E+02  0.496890E+00  0.501156E+04
  0.430747E+01  0.495310E+04  0.491899E+04  0.000000E+00  0.000000E+00  0.560672E+00  0.144293E+02  0.496878E+00  0.492440E+04
  0.435076E+01  0.486694E+04  0.483341E+04  0.000000E+00  0.000000E+00  0.540089E+00  0.136338E+02  0.496867E+00  0.483873E+04
  0.439448E+01  0.478224E+04  0.474929E+04  0.000000E+00  0.000000E+00  0.520289E+00  0.128818E+02  0.496856E+00  0.475452E+04
  0.443865E+01  0.469899E+04  0.466660E+04  0.000000E+00  0.000000E+00  0.501136E+00  0.121711E+02  0.496846E+00  0.467175E+04
  0.448326E+01  0.461716E+04  0.458533E+04  0.000000E+00  0.000000E+00  0.482729E+00  0.114991E+02  0.496835E+00  0.459040E+04
