  0.104068E-04  0.199688E+08  0.199688E+08  0.266113E+08  0.266109E+08  0.199713E+08  0.198787E+08  0.525986E+00  0.199688E+08
  0.115025E-04  0.199688E+08  0.199688E+08  0.266082E+08  0.266078E+08  0.199713E+08  0.198787E+08  0.525986E+00  0.199688E+08
  0.127136E-04  0.199688E+08  0.199688E+08  0.266045E+08  0.266039E+08  0.199713E+08  0.198787E+08  0.525986E+00  0.199688E+08
  0.140522E-04  0.199688E+08  0.199688E+08  0.265999E+08  0.265992E+08  0.199713E+08  0.198787E+08  0.525986E+00  0.199688E+08
  0.155317E-04  0.199688E+08  0.199688E+08  0.265943E+08  0.265935E+08  0.199712E+08  0.198787E+08  0.525986E+00  0.199688E+08
  0.171670E-04  0.199688E+08  0.199688E+08  0.265875E+08  0.265864E+08  0.199712E+08  0.198787E+08  0.525986E+00  0.199688E+08
  0.189745E-04  0.199687E+08  0.199687E+08  0.265791E+08  0.265779E+08  0.199711E+08  0.198787E+08  0.525986E+00  0.199688E+08
  0.209723E-04  0.199687E+08  0.199687E+08  0.265689E+08  0.265674E+08  0.199711E+08  0.198786E+08  0.525986E+00  0.199687E+08
  0.231804E-04  0.199687E+08  0.199687E+08  0.265565E+08  0.265546E+08  0.199710E+08  0.198786E+08  0.525986E+00  0.199687E+08
  0.256211E-04  0.199686E+08  0.199686E+08  0.265413E+08  0.265390E+08  0.199709E+08  0.198786E+08  0.525985E+00  0.199687E+08
  0.283187E-04  0.199686E+08  0.199686E+08  0.265227E+08  0.265200E+08  0.199708E+08  0.198785E+08  0.525985E+00  0.199686E+08
  0.313003E-04  0.199686E+08  0.199685E+08  0.265001E+08  0.264967E+08  0.199707E+08  0.198785E+08  0.525985E+00  0.199686E+08
  0.345959E-04  0.199685E+08  0.199685E+08  0.264725E+08  0.264683E+08  0.199705E+08  0.198784E+08  0.525985E+00  0.199685E+08
  0.382385E-04  0.199684E+08  0.199684E+08  0.264387E+08  0.264336E+08  0.199703E+08  0.198783E+08  0.525985E+00  0.199684E+08
  0.422645E-04  0.199683E+08  0.199683E+08  0.263976E+08  0.263914E+08  0.199701E+08  0.198782E+08  0.525984E+00  0.199683E+08
  0.467145E-04  0.199682E+08  0.199682E+08  0.263474E+08  0.263398E+08  0.199698E+08  0.198781E+08  0.525984E+00  0.199682E+08
  0.516330E-04  0.199680E+08  0.199680E+08  0.262862E+08  0.262769E+08  0.199695E+08  0.198780E+08  0.525983E+00  0.199680E+08
  0.570694E-04  0.199679E+08  0.199678E+08  0.262116E+08  0.262003E+08  0.199690E+08  0.198778E+08  0.525982E+00  0.199679E+08
  0.630782E-04  0.199676E+08  0.199676E+08  0.261207E+08  0.261070E+08  0.199685E+08  0.198776E+08  0.525982E+00  0.199676E+08
  0.697196E-04  0.199674E+08  0.199673E+08  0.260101E+08  0.259934E+08  0.199679E+08  0.198773E+08  0.525981E+00  0.199674E+08
  0.770603E-04  0.199670E+08  0.199670E+08  0.258755E+08  0.258552E+08  0.199671E+08  0.198770E+08  0.525979E+00  0.199670E+08
  0.851739E-04  0.199666E+08  0.199666E+08  0.257120E+08  0.256874E+08  0.199662E+08  0.198766E+08  0.525978E+00  0.199666E+08
  0.941417E-04  0.199662E+08  0.199661E+08  0.255136E+08  0.254836E+08  0.199650E+08  0.198761E+08  0.525976E+00  0.199661E+08
  0.104054E-03  0.199656E+08  0.199655E+08  0.252731E+08  0.252367E+08  0.199636E+08  0.198755E+08  0.525974E+00  0.199655E+08
  0.115009E-03  0.199648E+08  0.199648E+08  0.249821E+08  0.249381E+08  0.199618E+08  0.198747E+08  0.525971E+00  0.199648E+08
  0.127119E-03  0.199639E+08  0.199638E+08  0.246308E+08  0.245776E+08  0.199597E+08  0.198738E+08  0.525968E+00  0.199639E+08
  0.140503E-03  0.199628E+08  0.199627E+08  0.242078E+08  0.241438E+08  0.199572E+08  0.198727E+08  0.525963E+00  0.199628E+08
  0.155296E-03  0.199615E+08  0.199614E+08  0.237003E+08  0.236233E+08  0.199540E+08  0.198714E+08  0.525959E+00  0.199614E+08
  0.171647E-03  0.199599E+08  0.199598E+08  0.230935E+08  0.230014E+08  0.199502E+08  0.198698E+08  0.525953E+00  0.199598E+08
  0.189720E-03  0.199579E+08  0.199578E+08  0.223719E+08  0.222622E+08  0.199455E+08  0.198678E+08  0.525946E+00  0.199578E+08
  0.209695E-03  0.199556E+08  0.199553E+08  0.215187E+08  0.213887E+08  0.199398E+08  0.198654E+08  0.525937E+00  0.199554E+08
  0.231773E-03  0.199526E+08  0.199524E+08  0.205174E+08  0.203645E+08  0.199328E+08  0.198625E+08  0.525927E+00  0.199524E+08
  0.256177E-03  0.199491E+08  0.199487E+08  0.193532E+08  0.191749E+08  0.199243E+08  0.198589E+08  0.525915E+00  0.199488E+08
  0.283149E-03  0.199448E+08  0.199444E+08  0.180148E+08  0.178090E+08  0.199140E+08  0.198546E+08  0.525902E+00  0.199444E+08
  0.312962E-03  0.199396E+08  0.199391E+08  0.164977E+08  0.162632E+08  0.199015E+08  0.198493E+08  0.525885E+00  0.199391E+08
  0.345913E-03  0.199332E+08  0.199326E+08  0.148079E+08  0.145452E+08  0.198862E+08  0.198430E+08  0.525867E+00  0.199327E+08
  0.382334E-03  0.199256E+08  0.199248E+08  0.129668E+08  0.126783E+08  0.198677E+08  0.198353E+08  0.525846E+00  0.199249E+08
  0.422589E-03  0.199163E+08  0.199154E+08  0.110157E+08  0.107067E+08  0.198453E+08  0.198260E+08  0.525822E+00  0.199155E+08
  0.467083E-03  0.199051E+08  0.199041E+08  0.901925E+07  0.869883E+07  0.198181E+08  0.198147E+08  0.525796E+00  0.199042E+08
  0.516261E-03  0.198917E+08  0.198905E+08  0.706654E+07  0.674749E+07  0.197852E+08  0.198012E+08  0.525768E+00  0.198906E+08
  0.570618E-03  0.198756E+08  0.198742E+08  0.526517E+07  0.496365E+07  0.197456E+08  0.197850E+08  0.525739E+00  0.198743E+08
  0.630698E-03  0.198563E+08  0.198547E+08  0.372694E+07  0.346078E+07  0.196978E+08  0.197656E+08  0.525710E+00  0.198547E+08
  0.697103E-03  0.198333E+08  0.198314E+08  0.254298E+07  0.232840E+07  0.196405E+08  0.197425E+08  0.525681E+00  0.198314E+08
  0.770500E-03  0.198059E+08  0.198038E+08  0.175172E+07  0.159882E+07  0.195719E+08  0.197150E+08  0.525654E+00  0.198037E+08
  0.851625E-03  0.197735E+08  0.197711E+08  0.131133E+07  0.121950E+07  0.194900E+08  0.196823E+08  0.525630E+00  0.197708E+08
  0.941292E-03  0.197351E+08  0.197324E+08  0.109729E+07  0.105301E+07  0.193926E+08  0.196436E+08  0.525608E+00  0.197319E+08
  0.104040E-02  0.196898E+08  0.196869E+08  0.945607E+06  0.925464E+06  0.192773E+08  0.195980E+08  0.525589E+00  0.196860E+08
  0.114994E-02  0.196365E+08  0.196333E+08  0.739216E+06  0.719028E+06  0.191413E+08  0.195442E+08  0.525571E+00  0.196320E+08
  0.127102E-02  0.195738E+08  0.195704E+08  0.485071E+06  0.451029E+06  0.189817E+08  0.194810E+08  0.525553E+00  0.195686E+08
  0.140484E-02  0.195002E+08  0.194967E+08  0.292746E+06  0.246052E+06  0.187963E+08  0.194066E+08  0.525534E+00  0.194941E+08
  0.155275E-02  0.194140E+08  0.194104E+08  0.229642E+06  0.179674E+06  0.185824E+08  0.193195E+08  0.525515E+00  0.194069E+08
  0.171624E-02  0.193131E+08  0.193095E+08  0.210770E+06  0.000000E+00  0.183376E+08  0.192173E+08  0.525497E+00  0.193050E+08
  0.189694E-02  0.191952E+08  0.191915E+08  0.129977E+06  0.000000E+00  0.180597E+08  0.190978E+08  0.525476E+00  0.191860E+08
  0.209667E-02  0.190576E+08  0.190539E+08  0.555556E+05  0.000000E+00  0.177466E+08  0.189580E+08  0.525455E+00  0.190471E+08
  0.231743E-02  0.188972E+08  0.188933E+08  0.604556E+05  0.000000E+00  0.173970E+08  0.187945E+08  0.525431E+00  0.188852E+08
  0.256142E-02  0.187102E+08  0.187062E+08  0.411112E+05  0.000000E+00  0.170091E+08  0.186035E+08  0.525406E+00  0.186967E+08
  0.283111E-02  0.184924E+08  0.184881E+08  0.176008E+05  0.000000E+00  0.165809E+08  0.183801E+08  0.525378E+00  0.184773E+08
  0.312920E-02  0.182387E+08  0.182341E+08  0.202401E+05  0.000000E+00  0.161094E+08  0.181187E+08  0.525347E+00  0.182219E+08
  0.345867E-02  0.179430E+08  0.179381E+08  0.829905E+03  0.000000E+00  0.155910E+08  0.178125E+08  0.525312E+00  0.179245E+08
  0.382283E-02  0.175981E+08  0.175927E+08  0.876133E+03  0.000000E+00  0.150203E+08  0.174531E+08  0.525271E+00  0.175778E+08
  0.422533E-02  0.171952E+08  0.171894E+08 -0.141978E+04  0.000000E+00  0.143919E+08  0.170303E+08  0.525221E+00  0.171732E+08
  0.467021E-02  0.167240E+08  0.167177E+08 -0.375811E+04  0.000000E+00  0.137000E+08  0.165318E+08  0.525158E+00  0.167003E+08
  0.516193E-02  0.161726E+08  0.161655E+08  0.536686E+03  0.000000E+00  0.129388E+08  0.159431E+08  0.525077E+00  0.161471E+08
  0.570542E-02  0.155286E+08  0.155206E+08  0.119856E+04  0.000000E+00  0.120806E+08  0.152489E+08  0.524966E+00  0.155013E+08
  0.630614E-02  0.147766E+08  0.147676E+08 -0.350975E+03  0.000000E+00  0.111519E+08  0.144306E+08  0.524818E+00  0.147478E+08
  0.697010E-02  0.139063E+08  0.138961E+08 -0.112483E+04  0.000000E+00  0.101418E+08  0.134750E+08  0.524611E+00  0.138761E+08
  0.770397E-02  0.129128E+08  0.129010E+08 -0.133596E+04  0.000000E+00  0.906787E+07  0.123754E+08  0.524324E+00  0.128816E+08
  0.851511E-02  0.118035E+08  0.117900E+08 -0.270909E+03  0.000000E+00  0.795368E+07  0.111407E+08  0.523920E+00  0.117718E+08
  0.941166E-02  0.106052E+08  0.105897E+08 -0.236230E+04  0.000000E+00  0.682548E+07  0.980306E+07  0.523352E+00  0.105735E+08
  0.104026E-01  0.936766E+07  0.934967E+07 -0.670468E+03  0.000000E+00  0.572392E+07  0.842233E+07  0.522551E+00  0.933625E+07
  0.114979E-01  0.815794E+07  0.813708E+07 -0.939382E+03  0.000000E+00  0.470465E+07  0.707752E+07  0.521427E+00  0.812714E+07
  0.127085E-01  0.704199E+07  0.701782E+07 -0.790824E+03  0.000000E+00  0.381239E+07  0.584245E+07  0.519859E+00  0.701192E+07
  0.140465E-01  0.605817E+07  0.603023E+07 -0.702033E+03  0.000000E+00  0.306029E+07  0.475544E+07  0.517690E+00  0.602878E+07
  0.155255E-01  0.520541E+07  0.517326E+07 -0.959413E+02  0.000000E+00  0.243495E+07  0.381256E+07  0.514734E+00  0.517654E+07
  0.171601E-01  0.446134E+07  0.442462E+07 -0.341094E+03  0.000000E+00  0.191908E+07  0.299659E+07  0.510810E+00  0.443290E+07
  0.189669E-01  0.382324E+07  0.378173E+07 -0.185968E+03  0.000000E+00  0.150064E+07  0.231210E+07  0.505722E+00  0.379510E+07
  0.209639E-01  0.326015E+07  0.321385E+07  0.162853E+02  0.000000E+00  0.116041E+07  0.174147E+07  0.499249E+00  0.323235E+07
  0.231712E-01  0.276691E+07  0.271613E+07 -0.768587E+02  0.000000E+00  0.886880E+06  0.127575E+07  0.491333E+00  0.273950E+07
  0.256108E-01  0.234494E+07  0.229045E+07 -0.413867E+02  0.000000E+00  0.673363E+06  0.912828E+06  0.481964E+00  0.231805E+07
  0.283074E-01  0.198565E+07  0.192874E+07  0.999090E+01  0.000000E+00  0.508374E+06  0.636898E+06  0.471353E+00  0.195952E+07
  0.312878E-01  0.167806E+07  0.162063E+07 -0.547215E+02  0.000000E+00  0.381671E+06  0.433327E+06  0.459794E+00  0.165311E+07
  0.345821E-01  0.142193E+07  0.136641E+07 -0.489054E+02  0.000000E+00  0.286496E+06  0.289005E+06  0.447800E+00  0.139867E+07
  0.382232E-01  0.121936E+07  0.116856E+07 -0.602143E+01  0.000000E+00  0.217283E+06  0.190965E+06  0.435916E+00  0.119834E+07
  0.420455E-01  0.107314E+07  0.102934E+07 -0.125035E+02  0.000000E+00  0.169941E+06  0.128806E+06  0.425176E+00  0.105474E+07
  0.458678E-01  0.974355E+06  0.938580E+06  0.000000E+00  0.000000E+00  0.138454E+06  0.904904E+05  0.416164E+00  0.958606E+06
  0.496901E-01  0.907655E+06  0.879820E+06  0.000000E+00  0.000000E+00  0.116662E+06  0.658791E+05  0.408710E+00  0.894376E+06
  0.535124E-01  0.857877E+06  0.836967E+06  0.000000E+00  0.000000E+00  0.110065E+06  0.491527E+05  0.402605E+00  0.846782E+06
  0.573348E-01  0.814542E+06  0.798900E+06  0.000000E+00  0.000000E+00  0.962012E+05  0.371831E+05  0.397594E+00  0.805084E+06
  0.611571E-01  0.770732E+06  0.758416E+06  0.000000E+00  0.000000E+00  0.841211E+05  0.282883E+05  0.393486E+00  0.762403E+06
  0.649794E-01  0.722692E+06  0.711810E+06  0.000000E+00  0.000000E+00  0.731494E+05  0.215011E+05  0.390118E+00  0.715020E+06
  0.688017E-01  0.669638E+06  0.658630E+06  0.000000E+00  0.000000E+00  0.630250E+05  0.162843E+05  0.387338E+00  0.662245E+06
  0.726240E-01  0.613085E+06  0.600901E+06  0.000000E+00  0.000000E+00  0.538055E+05  0.122739E+05  0.385060E+00  0.605720E+06
  0.764463E-01  0.558336E+06  0.544507E+06  0.000000E+00  0.000000E+00  0.457948E+05  0.926784E+04  0.383149E+00  0.550868E+06
  0.802687E-01  0.505079E+06  0.489697E+06  0.000000E+00  0.000000E+00  0.388091E+05  0.700287E+04  0.381560E+00  0.497528E+06
  0.859964E-01  0.437536E+06  0.420876E+06  0.000000E+00  0.000000E+00  0.306276E+05  0.468908E+04  0.379679E+00  0.430073E+06
  0.917242E-01  0.389168E+06  0.373045E+06  0.000000E+00  0.000000E+00  0.249624E+05  0.326999E+04  0.378210E+00  0.382161E+06
  0.974519E-01  0.360311E+06  0.346358E+06  0.000000E+00  0.000000E+00  0.213004E+05  0.240825E+04  0.377056E+00  0.354074E+06
  0.103180E+00  0.345752E+06  0.334806E+06  0.000000E+00  0.000000E+00  0.189316E+05  0.186155E+04  0.376156E+00  0.340415E+06
  0.108907E+00  0.336486E+06  0.328397E+06  0.000000E+00  0.000000E+00  0.171246E+05  0.147469E+04  0.375449E+00  0.331975E+06
  0.114635E+00  0.324954E+06  0.318812E+06  0.000000E+00  0.000000E+00  0.154077E+05  0.116956E+04  0.374890E+00  0.321040E+06
  0.120363E+00  0.307765E+06  0.302359E+06  0.000000E+00  0.000000E+00  0.136199E+05  0.917352E+03  0.374442E+00  0.304162E+06
  0.126091E+00  0.284925E+06  0.279222E+06  0.000000E+00  0.000000E+00  0.117863E+05  0.708364E+03  0.374053E+00  0.281395E+06
  0.131818E+00  0.259003E+06  0.252464E+06  0.000000E+00  0.000000E+00  0.100315E+05  0.539485E+03  0.373745E+00  0.255423E+06
  0.137546E+00  0.234072E+06  0.226732E+06  0.000000E+00  0.000000E+00  0.850490E+04  0.412271E+03  0.373523E+00  0.230447E+06
  0.143274E+00  0.213785E+06  0.206112E+06  0.000000E+00  0.000000E+00  0.730516E+04  0.320002E+03  0.373285E+00  0.210209E+06
  0.149002E+00  0.199745E+06  0.192370E+06  0.000000E+00  0.000000E+00  0.643751E+04  0.256322E+03  0.373146E+00  0.196345E+06
  0.154730E+00  0.191284E+06  0.184733E+06  0.000000E+00  0.000000E+00  0.583064E+04  0.211118E+03  0.372986E+00  0.188164E+06
  0.160457E+00  0.186390E+06  0.180903E+06  0.000000E+00  0.000000E+00  0.538575E+04  0.178759E+03  0.372852E+00  0.183590E+06
  0.166185E+00  0.182591E+06  0.178086E+06  0.000000E+00  0.000000E+00  0.500918E+04  0.152679E+03  0.372776E+00  0.180081E+06
  0.171913E+00  0.177659E+06  0.173814E+06  0.000000E+00  0.000000E+00  0.463198E+04  0.129712E+03  0.372701E+00  0.175360E+06
  0.177641E+00  0.170407E+06  0.166813E+06  0.000000E+00  0.000000E+00  0.422556E+04  0.109066E+03  0.372620E+00  0.168226E+06
  0.183368E+00  0.160991E+06  0.157309E+06  0.000000E+00  0.000000E+00  0.379926E+04  0.907132E+02  0.372549E+00  0.158852E+06
  0.189096E+00  0.150540E+06  0.146598E+06  0.000000E+00  0.000000E+00  0.338389E+04  0.749542E+02  0.372493E+00  0.148403E+06
  0.194824E+00  0.140537E+06  0.136356E+06  0.000000E+00  0.000000E+00  0.301232E+04  0.620577E+02  0.372452E+00  0.138406E+06
  0.200552E+00  0.132170E+06  0.127911E+06  0.000000E+00  0.000000E+00  0.270526E+04  0.519990E+02  0.372422E+00  0.130077E+06
  0.206279E+00  0.125938E+06  0.121818E+06  0.000000E+00  0.000000E+00  0.246550E+04  0.443948E+02  0.372388E+00  0.123926E+06
  0.212007E+00  0.121656E+06  0.117853E+06  0.000000E+00  0.000000E+00  0.228148E+04  0.385390E+02  0.372333E+00  0.119760E+06
  0.217735E+00  0.118649E+06  0.115249E+06  0.000000E+00  0.000000E+00  0.213429E+04  0.336816E+02  0.372286E+00  0.116882E+06
  0.223463E+00  0.116037E+06  0.113014E+06  0.000000E+00  0.000000E+00  0.200391E+04  0.296184E+02  0.372295E+00  0.114390E+06
  0.229190E+00  0.113048E+06  0.110297E+06  0.000000E+00  0.000000E+00  0.187553E+04  0.262724E+02  0.372274E+00  0.111495E+06
  0.234918E+00  0.109294E+06  0.106675E+06  0.000000E+00  0.000000E+00  0.174277E+04  0.228849E+02  0.372223E+00  0.107803E+06
  0.240646E+00  0.104845E+06  0.102240E+06  0.000000E+00  0.000000E+00  0.160760E+04  0.199802E+02  0.372251E+00  0.103390E+06
  0.246374E+00  0.100053E+06  0.973966E+05  0.000000E+00  0.000000E+00  0.147602E+04  0.173206E+02  0.372188E+00  0.986172E+05
  0.252101E+00  0.953602E+05  0.926526E+05  0.000000E+00  0.000000E+00  0.135443E+04  0.150853E+02  0.372222E+00  0.939441E+05
  0.257829E+00  0.912049E+05  0.884954E+05  0.000000E+00  0.000000E+00  0.124829E+04  0.130966E+02  0.372171E+00  0.898179E+05
  0.263557E+00  0.878329E+05  0.851928E+05  0.000000E+00  0.000000E+00  0.115950E+04  0.116672E+02  0.372173E+00  0.864885E+05
  0.269285E+00  0.851955E+05  0.826871E+05  0.000000E+00  0.000000E+00  0.108579E+04  0.102983E+02  0.372191E+00  0.839054E+05
  0.275012E+00  0.830540E+05  0.807098E+05  0.000000E+00  0.000000E+00  0.102274E+04  0.919871E+01  0.372144E+00  0.818233E+05
  0.280740E+00  0.811135E+05  0.789294E+05  0.000000E+00  0.000000E+00  0.965689E+03  0.834865E+01  0.372127E+00  0.799398E+05
  0.286468E+00  0.791167E+05  0.770594E+05  0.000000E+00  0.000000E+00  0.911109E+03  0.753571E+01  0.372150E+00  0.779914E+05
  0.292196E+00  0.769135E+05  0.749361E+05  0.000000E+00  0.000000E+00  0.857100E+03  0.673283E+01  0.372162E+00  0.758254E+05
  0.297924E+00  0.744897E+05  0.725494E+05  0.000000E+00  0.000000E+00  0.803540E+03  0.599430E+01  0.372155E+00  0.734289E+05
  0.303651E+00  0.719511E+05  0.700217E+05  0.000000E+00  0.000000E+00  0.751667E+03  0.534333E+01  0.372139E+00  0.709114E+05
  0.309379E+00  0.694562E+05  0.675327E+05  0.000000E+00  0.000000E+00  0.703031E+03  0.477655E+01  0.372127E+00  0.684359E+05
  0.315107E+00  0.671479E+05  0.652435E+05  0.000000E+00  0.000000E+00  0.658902E+03  0.428588E+01  0.372121E+00  0.661492E+05
  0.320835E+00  0.651130E+05  0.632498E+05  0.000000E+00  0.000000E+00  0.619775E+03  0.386507E+01  0.372122E+00  0.641400E+05
  0.326562E+00  0.633557E+05  0.615551E+05  0.000000E+00  0.000000E+00  0.585303E+03  0.350874E+01  0.372128E+00  0.624121E+05
  0.332290E+00  0.618151E+05  0.600896E+05  0.000000E+00  0.000000E+00  0.554571E+03  0.321028E+01  0.372133E+00  0.609029E+05
  0.338018E+00  0.603989E+05  0.587491E+05  0.000000E+00  0.000000E+00  0.526442E+03  0.295456E+01  0.372124E+00  0.595172E+05
  0.343746E+00  0.590059E+05  0.574220E+05  0.000000E+00  0.000000E+00  0.499873E+03  0.270948E+01  0.372092E+00  0.581519E+05
  0.349473E+00  0.575700E+05  0.560365E+05  0.000000E+00  0.000000E+00  0.474180E+03  0.244766E+01  0.372066E+00  0.567399E+05
  0.355201E+00  0.560836E+05  0.545848E+05  0.000000E+00  0.000000E+00  0.449264E+03  0.220267E+01  0.372088E+00  0.552735E+05
  0.360929E+00  0.545736E+05  0.530988E+05  0.000000E+00  0.000000E+00  0.425315E+03  0.203439E+01  0.372121E+00  0.537809E+05
  0.366657E+00  0.530849E+05  0.516299E+05  0.000000E+00  0.000000E+00  0.402634E+03  0.188134E+01  0.372078E+00  0.523081E+05
  0.372384E+00  0.516655E+05  0.502327E+05  0.000000E+00  0.000000E+00  0.381526E+03  0.167848E+01  0.372067E+00  0.509050E+05
  0.378112E+00  0.503495E+05  0.489450E+05  0.000000E+00  0.000000E+00  0.362141E+03  0.155729E+01  0.372115E+00  0.496060E+05
  0.383840E+00  0.491470E+05  0.477776E+05  0.000000E+00  0.000000E+00  0.344437E+03  0.144002E+01  0.372055E+00  0.484216E+05
  0.389568E+00  0.480410E+05  0.467112E+05  0.000000E+00  0.000000E+00  0.328186E+03  0.129808E+01  0.372099E+00  0.473343E+05
  0.395295E+00  0.470005E+05  0.457114E+05  0.000000E+00  0.000000E+00  0.313078E+03  0.123214E+01  0.372067E+00  0.463123E+05
  0.401023E+00  0.459959E+05  0.447447E+05  0.000000E+00  0.000000E+00  0.298843E+03  0.110198E+01  0.372089E+00  0.453251E+05
  0.406751E+00  0.450018E+05  0.437833E+05  0.000000E+00  0.000000E+00  0.285273E+03  0.105127E+01  0.372061E+00  0.443470E+05
  0.412479E+00  0.440061E+05  0.428148E+05  0.000000E+00  0.000000E+00  0.272250E+03  0.944527E+00  0.372100E+00  0.433658E+05
  0.418206E+00  0.430137E+05  0.418449E+05  0.000000E+00  0.000000E+00  0.259776E+03  0.887410E+00  0.372042E+00  0.423866E+05
  0.423934E+00  0.420373E+05  0.408887E+05  0.000000E+00  0.000000E+00  0.247903E+03  0.825495E+00  0.372102E+00  0.414227E+05
  0.429662E+00  0.410937E+05  0.399649E+05  0.000000E+00  0.000000E+00  0.236700E+03  0.741361E+00  0.372066E+00  0.404912E+05
  0.435390E+00  0.401952E+05  0.390875E+05  0.000000E+00  0.000000E+00  0.226204E+03  0.711349E+00  0.372045E+00  0.396049E+05
  0.441118E+00  0.393448E+05  0.382599E+05  0.000000E+00  0.000000E+00  0.216393E+03  0.658648E+00  0.372099E+00  0.387667E+05
  0.446845E+00  0.385401E+05  0.374795E+05  0.000000E+00  0.000000E+00  0.207216E+03  0.592404E+00  0.372082E+00  0.379745E+05
  0.452573E+00  0.377734E+05  0.367375E+05  0.000000E+00  0.000000E+00  0.198596E+03  0.558672E+00  0.372037E+00  0.372199E+05
  0.458301E+00  0.370332E+05  0.360212E+05  0.000000E+00  0.000000E+00  0.190435E+03  0.536049E+00  0.372050E+00  0.364914E+05
  0.464029E+00  0.363106E+05  0.353208E+05  0.000000E+00  0.000000E+00  0.182670E+03  0.498960E+00  0.372089E+00  0.357801E+05
  0.469756E+00  0.355998E+05  0.346301E+05  0.000000E+00  0.000000E+00  0.175251E+03  0.454189E+00  0.372101E+00  0.350798E+05
  0.475484E+00  0.349001E+05  0.339487E+05  0.000000E+00  0.000000E+00  0.168155E+03  0.415715E+00  0.372082E+00  0.343901E+05
  0.481212E+00  0.342147E+05  0.332802E+05  0.000000E+00  0.000000E+00  0.161390E+03  0.387086E+00  0.372055E+00  0.337142E+05
  0.486940E+00  0.335469E+05  0.326286E+05  0.000000E+00  0.000000E+00  0.154944E+03  0.364770E+00  0.372037E+00  0.330556E+05
  0.492667E+00  0.329015E+05  0.319994E+05  0.000000E+00  0.000000E+00  0.148836E+03  0.344862E+00  0.372029E+00  0.324193E+05
  0.498395E+00  0.322814E+05  0.313957E+05  0.000000E+00  0.000000E+00  0.143053E+03  0.325466E+00  0.372027E+00  0.318080E+05
  0.504123E+00  0.316849E+05  0.308160E+05  0.000000E+00  0.000000E+00  0.137577E+03  0.306149E+00  0.372027E+00  0.312204E+05
  0.509851E+00  0.311101E+05  0.302579E+05  0.000000E+00  0.000000E+00  0.132389E+03  0.286891E+00  0.372026E+00  0.306543E+05
  0.515578E+00  0.305536E+05  0.297179E+05  0.000000E+00  0.000000E+00  0.127450E+03  0.267714E+00  0.372025E+00  0.301062E+05
  0.521306E+00  0.300118E+05  0.291918E+05  0.000000E+00  0.000000E+00  0.122743E+03  0.248670E+00  0.372027E+00  0.295726E+05
  0.527034E+00  0.294828E+05  0.286777E+05  0.000000E+00  0.000000E+00  0.118241E+03  0.230378E+00  0.372036E+00  0.290514E+05
  0.532762E+00  0.289648E+05  0.281739E+05  0.000000E+00  0.000000E+00  0.113933E+03  0.214365E+00  0.372056E+00  0.285410E+05
  0.538489E+00  0.284580E+05  0.276805E+05  0.000000E+00  0.000000E+00  0.109812E+03  0.202820E+00  0.372082E+00  0.280415E+05
  0.544217E+00  0.279639E+05  0.271993E+05  0.000000E+00  0.000000E+00  0.105870E+03  0.196415E+00  0.372098E+00  0.275544E+05
  0.549945E+00  0.274829E+05  0.267309E+05  0.000000E+00  0.000000E+00  0.102109E+03  0.191397E+00  0.372081E+00  0.270803E+05
  0.555673E+00  0.270159E+05  0.262765E+05  0.000000E+00  0.000000E+00  0.985178E+02  0.180559E+00  0.372039E+00  0.266201E+05
  0.561400E+00  0.265633E+05  0.258362E+05  0.000000E+00  0.000000E+00  0.950913E+02  0.162531E+00  0.372023E+00  0.261741E+05
  0.567128E+00  0.261238E+05  0.254090E+05  0.000000E+00  0.000000E+00  0.918222E+02  0.148770E+00  0.372066E+00  0.257411E+05
  0.572856E+00  0.256969E+05  0.249941E+05  0.000000E+00  0.000000E+00  0.886942E+02  0.147771E+00  0.372097E+00  0.253205E+05
  0.578584E+00  0.252809E+05  0.245899E+05  0.000000E+00  0.000000E+00  0.857051E+02  0.144406E+00  0.372046E+00  0.249107E+05
  0.584312E+00  0.248747E+05  0.241949E+05  0.000000E+00  0.000000E+00  0.828372E+02  0.127529E+00  0.372025E+00  0.245105E+05
  0.590039E+00  0.244779E+05  0.238091E+05  0.000000E+00  0.000000E+00  0.800872E+02  0.120410E+00  0.372090E+00  0.241196E+05
  0.595767E+00  0.240901E+05  0.234318E+05  0.000000E+00  0.000000E+00  0.774512E+02  0.122695E+00  0.372060E+00  0.237374E+05
  0.601495E+00  0.237111E+05  0.230630E+05  0.000000E+00  0.000000E+00  0.749176E+02  0.107737E+00  0.372024E+00  0.233638E+05
  0.607223E+00  0.233413E+05  0.227032E+05  0.000000E+00  0.000000E+00  0.724913E+02  0.103633E+00  0.372096E+00  0.229994E+05
  0.612950E+00  0.229805E+05  0.223522E+05  0.000000E+00  0.000000E+00  0.701613E+02  0.103390E+00  0.372032E+00  0.226439E+05
  0.618678E+00  0.226289E+05  0.220101E+05  0.000000E+00  0.000000E+00  0.679286E+02  0.890926E-01  0.372061E+00  0.222974E+05
  0.624406E+00  0.222863E+05  0.216769E+05  0.000000E+00  0.000000E+00  0.657872E+02  0.939168E-01  0.372069E+00  0.219598E+05
  0.671676E+00  0.197441E+05  0.192045E+05  0.000000E+00  0.000000E+00  0.510011E+02  0.582059E-01  0.372097E+00  0.194549E+05
  0.722524E+00  0.174827E+05  0.170051E+05  0.000000E+00  0.000000E+00  0.394838E+02  0.410734E-01  0.372072E+00  0.172267E+05
  0.777222E+00  0.154727E+05  0.150501E+05  0.000000E+00  0.000000E+00  0.305270E+02  0.273889E-01  0.372047E+00  0.152461E+05
  0.836060E+00  0.136873E+05  0.133135E+05  0.000000E+00  0.000000E+00  0.235719E+02  0.143604E-01  0.372063E+00  0.134868E+05
  0.899353E+00  0.121027E+05  0.117723E+05  0.000000E+00  0.000000E+00  0.181805E+02  0.120055E-01  0.372038E+00  0.119255E+05
  0.967438E+00  0.106970E+05  0.104050E+05  0.000000E+00  0.000000E+00  0.140058E+02  0.746570E-02  0.372010E+00  0.105403E+05
  0.104068E+01  0.945032E+04  0.919239E+04  0.000000E+00  0.000000E+00  0.107774E+02  0.341061E-02  0.372063E+00  0.931189E+04
  0.104118E+01  0.944263E+04  0.918491E+04  0.000000E+00  0.000000E+00  0.107588E+02  0.469285E-02  0.372001E+00  0.930432E+04
  0.105164E+01  0.928335E+04  0.902998E+04  0.000000E+00  0.000000E+00  0.103787E+02  0.453482E-02  0.372099E+00  0.914737E+04
  0.106221E+01  0.912670E+04  0.887762E+04  0.000000E+00  0.000000E+00  0.100116E+02  0.315765E-02  0.372087E+00  0.899302E+04
  0.107288E+01  0.897259E+04  0.872772E+04  0.000000E+00  0.000000E+00  0.965740E+01  0.283124E-02  0.372078E+00  0.884117E+04
  0.108367E+01  0.882105E+04  0.858032E+04  0.000000E+00  0.000000E+00  0.931553E+01  0.327380E-02  0.372106E+00  0.869185E+04
  0.109456E+01  0.867202E+04  0.843536E+04  0.000000E+00  0.000000E+00  0.898549E+01  0.409155E-02  0.372036E+00  0.854500E+04
  0.110556E+01  0.852543E+04  0.829277E+04  0.000000E+00  0.000000E+00  0.866716E+01  0.216669E-02  0.372064E+00  0.840055E+04
  0.111667E+01  0.838127E+04  0.815255E+04  0.000000E+00  0.000000E+00  0.835990E+01  0.305586E-02  0.371992E+00  0.825850E+04
  0.112789E+01  0.823951E+04  0.801466E+04  0.000000E+00  0.000000E+00  0.806345E+01  0.346711E-02  0.372024E+00  0.811882E+04
  0.113923E+01  0.810006E+04  0.787903E+04  0.000000E+00  0.000000E+00  0.777744E+01  0.317429E-02  0.372008E+00  0.798141E+04
  0.115068E+01  0.796291E+04  0.774562E+04  0.000000E+00  0.000000E+00  0.750117E+01  0.188207E-02  0.371995E+00  0.784627E+04
  0.116224E+01  0.782806E+04  0.761445E+04  0.000000E+00  0.000000E+00  0.723470E+01  0.229061E-02  0.372120E+00  0.771339E+04
  0.117392E+01  0.769542E+04  0.748545E+04  0.000000E+00  0.000000E+00  0.697773E+01  0.148275E-02  0.371998E+00  0.758270E+04
  0.118572E+01  0.756496E+04  0.735855E+04  0.000000E+00  0.000000E+00  0.672953E+01  0.238223E-02  0.371982E+00  0.745415E+04
  0.119764E+01  0.743665E+04  0.723374E+04  0.000000E+00  0.000000E+00  0.648996E+01  0.228444E-02  0.371979E+00  0.732772E+04
  0.120967E+01  0.731048E+04  0.711101E+04  0.000000E+00  0.000000E+00  0.625914E+01  0.110702E-02  0.371985E+00  0.720340E+04
  0.122183E+01  0.718638E+04  0.699031E+04  0.000000E+00  0.000000E+00  0.603637E+01  0.169606E-02  0.372144E+00  0.708112E+04
  0.123411E+01  0.706433E+04  0.687159E+04  0.000000E+00  0.000000E+00  0.582104E+01  0.880675E-03  0.371970E+00  0.696085E+04
  0.124651E+01  0.694428E+04  0.675482E+04  0.000000E+00  0.000000E+00  0.561371E+01  0.203167E-02  0.371955E+00  0.684257E+04
  0.125904E+01  0.682624E+04  0.664000E+04  0.000000E+00  0.000000E+00  0.541325E+01  0.194376E-02  0.371941E+00  0.672625E+04
  0.127170E+01  0.671015E+04  0.652708E+04  0.000000E+00  0.000000E+00  0.522032E+01  0.302018E-03  0.371956E+00  0.661186E+04
  0.128448E+01  0.659599E+04  0.641604E+04  0.000000E+00  0.000000E+00  0.503385E+01  0.174963E-02  0.372200E+00  0.649938E+04
  0.129739E+01  0.648372E+04  0.630683E+04  0.000000E+00  0.000000E+00  0.485405E+01 -0.432374E-03  0.372001E+00  0.638875E+04
  0.131042E+01  0.637332E+04  0.619945E+04  0.000000E+00  0.000000E+00  0.468076E+01  0.301016E-03  0.371844E+00  0.627997E+04
  0.132359E+01  0.626476E+04  0.609385E+04  0.000000E+00  0.000000E+00  0.451326E+01 -0.717839E-03  0.371884E+00  0.617299E+04
  0.133690E+01  0.615800E+04  0.599001E+04  0.000000E+00  0.000000E+00  0.435180E+01  0.730048E-04  0.372368E+00  0.606781E+04
  0.135033E+01  0.605304E+04  0.588791E+04  0.000000E+00  0.000000E+00  0.419624E+01  0.146023E-02  0.371632E+00  0.596438E+04
  0.136390E+01  0.594984E+04  0.578753E+04  0.000000E+00  0.000000E+00  0.404608E+01  0.408861E-02  0.372233E+00  0.586269E+04
  0.137761E+01  0.584835E+04  0.568881E+04  0.000000E+00  0.000000E+00  0.390113E+01  0.310260E-02  0.372480E+00  0.576269E+04
  0.139146E+01  0.574856E+04  0.559175E+04  0.000000E+00  0.000000E+00  0.376130E+01  0.454391E-02  0.371946E+00  0.566436E+04
  0.140544E+01  0.565043E+04  0.549629E+04  0.000000E+00  0.000000E+00  0.362653E+01 -0.235874E-02  0.371636E+00  0.556767E+04
  0.141957E+01  0.555394E+04  0.540243E+04  0.000000E+00  0.000000E+00  0.349652E+01  0.468856E-02  0.372110E+00  0.547258E+04
  0.143383E+01  0.545906E+04  0.531015E+04  0.000000E+00  0.000000E+00  0.337107E+01  0.208882E-02  0.372709E+00  0.537910E+04
  0.144824E+01  0.536576E+04  0.521940E+04  0.000000E+00  0.000000E+00  0.325018E+01  0.351623E-02  0.372578E+00  0.528717E+04
  0.146280E+01  0.527403E+04  0.513017E+04  0.000000E+00  0.000000E+00  0.313343E+01  0.206788E-02  0.371322E+00  0.519678E+04
  0.147750E+01  0.518382E+04  0.504242E+04  0.000000E+00  0.000000E+00  0.302096E+01 -0.305953E-03  0.372856E+00  0.510789E+04
  0.149235E+01  0.509513E+04  0.495615E+04  0.000000E+00  0.000000E+00  0.291240E+01 -0.390149E-02  0.372020E+00  0.502050E+04
