  0.104587E-04  0.199365E+08  0.199365E+08  0.265681E+08  0.265677E+08  0.199389E+08  0.199363E+08  0.525916E+00  0.199365E+08
  0.115483E-04  0.199365E+08  0.199365E+08  0.265651E+08  0.265646E+08  0.199389E+08  0.199363E+08  0.525916E+00  0.199365E+08
  0.127515E-04  0.199365E+08  0.199365E+08  0.265614E+08  0.265608E+08  0.199389E+08  0.199363E+08  0.525916E+00  0.199365E+08
  0.140800E-04  0.199365E+08  0.199365E+08  0.265568E+08  0.265562E+08  0.199389E+08  0.199363E+08  0.525916E+00  0.199365E+08
  0.155469E-04  0.199365E+08  0.199364E+08  0.265513E+08  0.265505E+08  0.199389E+08  0.199363E+08  0.525915E+00  0.199365E+08
  0.171666E-04  0.199364E+08  0.199364E+08  0.265446E+08  0.265436E+08  0.199388E+08  0.199363E+08  0.525915E+00  0.199365E+08
  0.189551E-04  0.199364E+08  0.199364E+08  0.265364E+08  0.265352E+08  0.199388E+08  0.199363E+08  0.525915E+00  0.199365E+08
  0.209299E-04  0.199364E+08  0.199364E+08  0.265264E+08  0.265249E+08  0.199387E+08  0.199363E+08  0.525915E+00  0.199365E+08
  0.231104E-04  0.199364E+08  0.199364E+08  0.265142E+08  0.265124E+08  0.199387E+08  0.199362E+08  0.525915E+00  0.199364E+08
  0.255182E-04  0.199364E+08  0.199364E+08  0.264994E+08  0.264972E+08  0.199386E+08  0.199362E+08  0.525915E+00  0.199364E+08
  0.281767E-04  0.199363E+08  0.199363E+08  0.264813E+08  0.264786E+08  0.199385E+08  0.199362E+08  0.525915E+00  0.199364E+08
  0.311123E-04  0.199363E+08  0.199363E+08  0.264593E+08  0.264560E+08  0.199384E+08  0.199361E+08  0.525915E+00  0.199363E+08
  0.343537E-04  0.199362E+08  0.199362E+08  0.264324E+08  0.264284E+08  0.199383E+08  0.199361E+08  0.525914E+00  0.199363E+08
  0.379328E-04  0.199362E+08  0.199362E+08  0.263998E+08  0.263949E+08  0.199381E+08  0.199360E+08  0.525914E+00  0.199362E+08
  0.418848E-04  0.199361E+08  0.199361E+08  0.263600E+08  0.263540E+08  0.199379E+08  0.199360E+08  0.525914E+00  0.199361E+08
  0.462485E-04  0.199360E+08  0.199360E+08  0.263115E+08  0.263043E+08  0.199377E+08  0.199359E+08  0.525913E+00  0.199360E+08
  0.510669E-04  0.199359E+08  0.199359E+08  0.262526E+08  0.262438E+08  0.199374E+08  0.199358E+08  0.525913E+00  0.199359E+08
  0.563872E-04  0.199358E+08  0.199357E+08  0.261808E+08  0.261701E+08  0.199370E+08  0.199356E+08  0.525912E+00  0.199358E+08
  0.622618E-04  0.199356E+08  0.199356E+08  0.260936E+08  0.260806E+08  0.199366E+08  0.199355E+08  0.525911E+00  0.199356E+08
  0.687485E-04  0.199354E+08  0.199354E+08  0.259877E+08  0.259719E+08  0.199360E+08  0.199353E+08  0.525910E+00  0.199354E+08
  0.759110E-04  0.199352E+08  0.199351E+08  0.258590E+08  0.258398E+08  0.199354E+08  0.199350E+08  0.525909E+00  0.199351E+08
  0.838197E-04  0.199349E+08  0.199348E+08  0.257030E+08  0.256797E+08  0.199346E+08  0.199347E+08  0.525908E+00  0.199348E+08
  0.925523E-04  0.199345E+08  0.199345E+08  0.255139E+08  0.254856E+08  0.199336E+08  0.199344E+08  0.525906E+00  0.199344E+08
  0.102195E-03  0.199341E+08  0.199340E+08  0.252851E+08  0.252508E+08  0.199324E+08  0.199339E+08  0.525904E+00  0.199340E+08
  0.112842E-03  0.199335E+08  0.199335E+08  0.250087E+08  0.249673E+08  0.199310E+08  0.199334E+08  0.525901E+00  0.199334E+08
  0.124598E-03  0.199329E+08  0.199328E+08  0.246754E+08  0.246255E+08  0.199292E+08  0.199327E+08  0.525898E+00  0.199327E+08
  0.137579E-03  0.199321E+08  0.199320E+08  0.242747E+08  0.242146E+08  0.199271E+08  0.199319E+08  0.525894E+00  0.199319E+08
  0.151913E-03  0.199311E+08  0.199310E+08  0.237942E+08  0.237220E+08  0.199244E+08  0.199310E+08  0.525890E+00  0.199308E+08
  0.167740E-03  0.199299E+08  0.199298E+08  0.232203E+08  0.231339E+08  0.199213E+08  0.199298E+08  0.525884E+00  0.199296E+08
  0.185215E-03  0.199285E+08  0.199283E+08  0.225379E+08  0.224350E+08  0.199174E+08  0.199284E+08  0.525877E+00  0.199280E+08
  0.204512E-03  0.199268E+08  0.199266E+08  0.217310E+08  0.216090E+08  0.199127E+08  0.199266E+08  0.525870E+00  0.199262E+08
  0.225819E-03  0.199247E+08  0.199244E+08  0.207835E+08  0.206398E+08  0.199070E+08  0.199245E+08  0.525860E+00  0.199240E+08
  0.249345E-03  0.199221E+08  0.199218E+08  0.196803E+08  0.195124E+08  0.199000E+08  0.199220E+08  0.525849E+00  0.199212E+08
  0.275323E-03  0.199190E+08  0.199187E+08  0.184091E+08  0.182146E+08  0.198915E+08  0.199189E+08  0.525836E+00  0.199179E+08
  0.304007E-03  0.199153E+08  0.199148E+08  0.169631E+08  0.167406E+08  0.198812E+08  0.199152E+08  0.525821E+00  0.199140E+08
  0.335680E-03  0.199108E+08  0.199102E+08  0.153446E+08  0.150937E+08  0.198688E+08  0.199106E+08  0.525803E+00  0.199091E+08
  0.370652E-03  0.199053E+08  0.199047E+08  0.135689E+08  0.132909E+08  0.198537E+08  0.199052E+08  0.525783E+00  0.199033E+08
  0.409268E-03  0.198988E+08  0.198980E+08  0.116691E+08  0.113679E+08  0.198354E+08  0.198986E+08  0.525761E+00  0.198964E+08
  0.451907E-03  0.198909E+08  0.198900E+08  0.969998E+07  0.938274E+07  0.198133E+08  0.198908E+08  0.525736E+00  0.198880E+08
  0.498989E-03  0.198815E+08  0.198804E+08  0.773994E+07  0.741741E+07  0.197866E+08  0.198814E+08  0.525709E+00  0.198779E+08
  0.550975E-03  0.198703E+08  0.198690E+08  0.588824E+07  0.557476E+07  0.197545E+08  0.198701E+08  0.525681E+00  0.198660E+08
  0.608378E-03  0.198569E+08  0.198554E+08  0.425462E+07  0.396712E+07  0.197160E+08  0.198568E+08  0.525652E+00  0.198517E+08
  0.671761E-03  0.198411E+08  0.198394E+08  0.293925E+07  0.269485E+07  0.196697E+08  0.198410E+08  0.525624E+00  0.198349E+08
  0.741748E-03  0.198224E+08  0.198204E+08  0.200392E+07  0.181615E+07  0.196144E+08  0.198223E+08  0.525596E+00  0.198150E+08
  0.819026E-03  0.198005E+08  0.197982E+08  0.144183E+07  0.131602E+07  0.195485E+08  0.198003E+08  0.525572E+00  0.197917E+08
  0.904355E-03  0.197748E+08  0.197723E+08  0.116232E+07  0.109199E+07  0.194703E+08  0.197746E+08  0.525549E+00  0.197643E+08
  0.998574E-03  0.197448E+08  0.197420E+08  0.101209E+07  0.978917E+06  0.193777E+08  0.197446E+08  0.525530E+00  0.197324E+08
  0.110261E-02  0.197099E+08  0.197069E+08  0.843420E+06  0.823017E+06  0.192687E+08  0.197098E+08  0.525512E+00  0.196954E+08
  0.121748E-02  0.196695E+08  0.196663E+08  0.602964E+06  0.575328E+06  0.191409E+08  0.196693E+08  0.525494E+00  0.196525E+08
  0.134433E-02  0.196227E+08  0.196194E+08  0.365347E+06  0.323848E+06  0.189922E+08  0.196226E+08  0.525477E+00  0.196029E+08
  0.148438E-02  0.195688E+08  0.195654E+08  0.241527E+06  0.192457E+06  0.188210E+08  0.195687E+08  0.525459E+00  0.195458E+08
  0.163903E-02  0.195069E+08  0.195034E+08  0.222959E+06  0.000000E+00  0.186252E+08  0.195067E+08  0.525442E+00  0.194803E+08
  0.180979E-02  0.194359E+08  0.194324E+08  0.180691E+06  0.000000E+00  0.184032E+08  0.194357E+08  0.525423E+00  0.194053E+08
  0.199834E-02  0.193547E+08  0.193512E+08  0.839702E+05  0.000000E+00  0.181541E+08  0.193546E+08  0.525404E+00  0.193197E+08
  0.220654E-02  0.192623E+08  0.192588E+08  0.505079E+05  0.000000E+00  0.178771E+08  0.192622E+08  0.525383E+00  0.192225E+08
  0.243642E-02  0.191574E+08  0.191538E+08  0.608073E+05  0.000000E+00  0.175721E+08  0.191573E+08  0.525362E+00  0.191122E+08
  0.269026E-02  0.190388E+08  0.190351E+08  0.232405E+05  0.000000E+00  0.172391E+08  0.190386E+08  0.525340E+00  0.189879E+08
  0.297054E-02  0.189051E+08  0.189012E+08  0.210566E+05  0.000000E+00  0.168782E+08  0.189050E+08  0.525316E+00  0.188481E+08
  0.328002E-02  0.187552E+08  0.187511E+08  0.959899E+04  0.000000E+00  0.164888E+08  0.187550E+08  0.525292E+00  0.186916E+08
  0.362175E-02  0.185876E+08  0.185832E+08  0.316618E+04  0.000000E+00  0.160700E+08  0.185874E+08  0.525267E+00  0.185171E+08
  0.399908E-02  0.184010E+08  0.183963E+08 -0.530809E+04  0.000000E+00  0.156210E+08  0.184008E+08  0.525241E+00  0.183234E+08
  0.441571E-02  0.181940E+08  0.181891E+08  0.152233E+04  0.000000E+00  0.151401E+08  0.181939E+08  0.525214E+00  0.181089E+08
  0.487576E-02  0.179654E+08  0.179600E+08 -0.116854E+04  0.000000E+00  0.146286E+08  0.179653E+08  0.525185E+00  0.178724E+08
  0.538374E-02  0.177137E+08  0.177078E+08 -0.387446E+04  0.000000E+00  0.140863E+08  0.177136E+08  0.525155E+00  0.176126E+08
  0.594463E-02  0.174380E+08  0.174315E+08 -0.235147E+04  0.000000E+00  0.134866E+08  0.174378E+08  0.525121E+00  0.173278E+08
  0.656397E-02  0.171359E+08  0.171287E+08 -0.260384E+04  0.000000E+00  0.128679E+08  0.171358E+08  0.525087E+00  0.170167E+08
  0.724783E-02  0.168065E+08  0.167984E+08 -0.225114E+04  0.000000E+00  0.122171E+08  0.168063E+08  0.525051E+00  0.166779E+08
  0.800293E-02  0.164483E+08  0.164392E+08 -0.282260E+04  0.000000E+00  0.115438E+08  0.164482E+08  0.525013E+00  0.163105E+08
  0.883671E-02  0.160600E+08  0.160497E+08 -0.239383E+04  0.000000E+00  0.108551E+08  0.160599E+08  0.524974E+00  0.159131E+08
  0.975735E-02  0.156403E+08  0.156284E+08 -0.162793E+04  0.000000E+00  0.101493E+08  0.156401E+08  0.524935E+00  0.154844E+08
  0.107739E-01  0.151878E+08  0.151742E+08 -0.181521E+04  0.000000E+00  0.942791E+07  0.151876E+08  0.524895E+00  0.150231E+08
  0.118964E-01  0.147011E+08  0.146855E+08 -0.144255E+04  0.000000E+00  0.869830E+07  0.147009E+08  0.524853E+00  0.145281E+08
  0.131358E-01  0.141790E+08  0.141612E+08 -0.106379E+04  0.000000E+00  0.796934E+07  0.141789E+08  0.524811E+00  0.139984E+08
  0.145043E-01  0.136207E+08  0.136002E+08 -0.102983E+04  0.000000E+00  0.724409E+07  0.136205E+08  0.524770E+00  0.134330E+08
  0.160154E-01  0.130258E+08  0.130023E+08 -0.872570E+03  0.000000E+00  0.652798E+07  0.130256E+08  0.524728E+00  0.128321E+08
  0.176840E-01  0.124068E+08  0.123800E+08 -0.616158E+03  0.000000E+00  0.583602E+07  0.124066E+08  0.524686E+00  0.122079E+08
  0.195264E-01  0.117420E+08  0.117116E+08 -0.571704E+03  0.000000E+00  0.516174E+07  0.117418E+08  0.524645E+00  0.115394E+08
  0.215607E-01  0.110442E+08  0.110101E+08 -0.326094E+03  0.000000E+00  0.451805E+07  0.110440E+08  0.524605E+00  0.108394E+08
  0.238070E-01  0.103046E+08  0.102668E+08 -0.313814E+03  0.000000E+00  0.390570E+07  0.103044E+08  0.524566E+00  0.100996E+08
  0.262873E-01  0.955396E+07  0.951267E+07 -0.240394E+03  0.000000E+00  0.334055E+07  0.955370E+07  0.524529E+00  0.935038E+07
  0.290260E-01  0.879877E+07  0.875458E+07 -0.162671E+03  0.000000E+00  0.282564E+07  0.879848E+07  0.524493E+00  0.859869E+07
  0.320500E-01  0.804152E+07  0.799540E+07 -0.153029E+03  0.000000E+00  0.236141E+07  0.804117E+07  0.524458E+00  0.784726E+07
  0.353891E-01  0.730213E+07  0.725551E+07 -0.979881E+02  0.000000E+00  0.195213E+07  0.730172E+07  0.524426E+00  0.711606E+07
  0.390761E-01  0.660525E+07  0.655994E+07 -0.741953E+02  0.000000E+00  0.160061E+07  0.660474E+07  0.524395E+00  0.642954E+07
  0.431472E-01  0.595994E+07  0.591806E+07 -0.726025E+02  0.000000E+00  0.130348E+07  0.595930E+07  0.524366E+00  0.579673E+07
  0.474619E-01  0.540684E+07  0.537016E+07  0.000000E+00  0.000000E+00  0.106719E+07  0.540602E+07  0.524340E+00  0.525702E+07
  0.517766E-01  0.496345E+07  0.493279E+07  0.000000E+00  0.000000E+00  0.964899E+06  0.496243E+07  0.524338E+00  0.482845E+07
  0.560914E-01  0.459296E+07  0.456828E+07  0.000000E+00  0.000000E+00  0.819782E+06  0.459171E+07  0.524318E+00  0.446972E+07
  0.604061E-01  0.426897E+07  0.424951E+07  0.000000E+00  0.000000E+00  0.702456E+06  0.426744E+07  0.524300E+00  0.415624E+07
  0.647208E-01  0.397203E+07  0.395653E+07  0.000000E+00  0.000000E+00  0.604795E+06  0.397018E+07  0.524284E+00  0.386840E+07
  0.690355E-01  0.368680E+07  0.367381E+07  0.000000E+00  0.000000E+00  0.521161E+06  0.368461E+07  0.524269E+00  0.359091E+07
  0.733503E-01  0.339785E+07  0.338597E+07  0.000000E+00  0.000000E+00  0.447269E+06  0.339529E+07  0.524255E+00  0.330870E+07
  0.776650E-01  0.311227E+07  0.310033E+07  0.000000E+00  0.000000E+00  0.382519E+06  0.310931E+07  0.524241E+00  0.302886E+07
  0.819797E-01  0.282074E+07  0.280802E+07  0.000000E+00  0.000000E+00  0.324517E+06  0.281738E+07  0.524228E+00  0.274272E+07
  0.862944E-01  0.253424E+07  0.252045E+07  0.000000E+00  0.000000E+00  0.273538E+06  0.253048E+07  0.524216E+00  0.246137E+07
  0.906091E-01  0.225902E+07  0.224431E+07  0.000000E+00  0.000000E+00  0.229251E+06  0.225486E+07  0.524203E+00  0.219133E+07
  0.970780E-01  0.188237E+07  0.186722E+07  0.000000E+00  0.000000E+00  0.174804E+06  0.187764E+07  0.524183E+00  0.182272E+07
  0.103547E+00  0.155809E+07  0.154399E+07  0.000000E+00  0.000000E+00  0.132941E+06  0.155283E+07  0.524163E+00  0.150689E+07
  0.110016E+00  0.128942E+07  0.127767E+07  0.000000E+00  0.000000E+00  0.101462E+06  0.128370E+07  0.524141E+00  0.124674E+07
  0.116484E+00  0.106219E+07  0.105338E+07  0.000000E+00  0.000000E+00  0.773411E+05  0.105611E+07  0.524117E+00  0.102772E+07
  0.122953E+00  0.862170E+06  0.856062E+06  0.000000E+00  0.000000E+00  0.582601E+05  0.855859E+06  0.524091E+00  0.835085E+06
  0.129422E+00  0.674685E+06  0.670445E+06  0.000000E+00  0.000000E+00  0.424116E+05  0.668344E+06  0.524062E+00  0.653931E+06
  0.135891E+00  0.495492E+06  0.492082E+06  0.000000E+00  0.000000E+00  0.290235E+05  0.489367E+06  0.524029E+00  0.479906E+06
  0.142360E+00  0.327395E+06  0.323954E+06  0.000000E+00  0.000000E+00  0.178753E+05  0.321754E+06  0.523993E+00  0.315906E+06
  0.148828E+00  0.179081E+06  0.175187E+06  0.000000E+00  0.000000E+00  0.908097E+04  0.174166E+06  0.523952E+00  0.170819E+06
  0.155297E+00  0.609119E+05  0.566287E+05  0.000000E+00  0.000000E+00  0.278603E+04  0.569002E+05  0.523905E+00  0.552129E+05
  0.161766E+00 -0.201521E+05 -0.244248E+05  0.000000E+00  0.000000E+00 -0.108040E+04 -0.232029E+05  0.523862E+00 -0.238110E+05
  0.168235E+00 -0.638536E+05 -0.676111E+05  0.000000E+00  0.000000E+00 -0.288928E+04 -0.660065E+05  0.523801E+00 -0.659093E+05
  0.174704E+00 -0.752927E+05 -0.781559E+05  0.000000E+00  0.000000E+00 -0.317377E+04 -0.767230E+05  0.523737E+00 -0.761844E+05
  0.181173E+00 -0.637424E+05 -0.655953E+05  0.000000E+00  0.000000E+00 -0.253370E+04 -0.646991E+05  0.523666E+00 -0.639372E+05
  0.187641E+00 -0.409885E+05 -0.419939E+05  0.000000E+00  0.000000E+00 -0.154862E+04 -0.417260E+05  0.523586E+00 -0.409304E+05
  0.194110E+00 -0.170740E+05 -0.175841E+05  0.000000E+00  0.000000E+00 -0.625979E+03 -0.178033E+05  0.523493E+00 -0.171382E+05
  0.200579E+00  0.127354E+04  0.858357E+03  0.000000E+00  0.000000E+00  0.163185E+02  0.416791E+03  0.523754E+00  0.836216E+03
  0.207048E+00  0.113421E+05  0.107101E+05  0.000000E+00  0.000000E+00  0.331201E+03  0.103084E+05  0.523315E+00  0.104372E+05
  0.213517E+00  0.138339E+05  0.128411E+05  0.000000E+00  0.000000E+00  0.385980E+03  0.126383E+05  0.523191E+00  0.125136E+05
  0.219985E+00  0.113229E+05  0.100038E+05  0.000000E+00  0.000000E+00  0.291549E+03  0.100238E+05  0.523055E+00  0.974845E+04
  0.226454E+00  0.661539E+04  0.512768E+04  0.000000E+00  0.000000E+00  0.146441E+03  0.529052E+04  0.522898E+00  0.499670E+04
  0.232923E+00  0.218480E+04  0.727144E+03  0.000000E+00  0.000000E+00  0.233280E+02  0.905262E+03  0.522607E+00  0.708637E+03
  0.239392E+00 -0.546029E+03 -0.181418E+04  0.000000E+00  0.000000E+00 -0.444742E+02 -0.173132E+04  0.522658E+00 -0.176764E+04
  0.245861E+00 -0.136797E+04 -0.237545E+04  0.000000E+00  0.000000E+00 -0.592699E+02 -0.243277E+04  0.522420E+00 -0.231455E+04
  0.252330E+00 -0.821178E+03 -0.159245E+04  0.000000E+00  0.000000E+00 -0.406980E+02 -0.176098E+04  0.522156E+00 -0.155165E+04
  0.258798E+00  0.371888E+03 -0.254965E+03  0.000000E+00  0.000000E+00 -0.968985E+01 -0.461543E+03  0.521525E+00 -0.248516E+03
  0.265267E+00  0.149429E+04  0.898960E+03  0.000000E+00  0.000000E+00  0.164615E+02  0.733766E+03  0.522082E+00  0.875755E+03
  0.271736E+00  0.199151E+04  0.133797E+04  0.000000E+00  0.000000E+00  0.267656E+02  0.127314E+04  0.521653E+00  0.130350E+04
  0.278205E+00  0.176062E+04  0.101007E+04  0.000000E+00  0.000000E+00  0.211536E+02  0.106124E+04  0.521265E+00  0.984068E+03
  0.284674E+00  0.104002E+04  0.208183E+03  0.000000E+00  0.000000E+00  0.627179E+01  0.346077E+03  0.520424E+00  0.202874E+03
  0.291142E+00  0.200003E+03 -0.659628E+03  0.000000E+00  0.000000E+00 -0.959201E+01 -0.487268E+03  0.521289E+00 -0.642536E+03
  0.297611E+00 -0.437321E+03 -0.125994E+04  0.000000E+00  0.000000E+00 -0.203278E+02 -0.110443E+04  0.520665E+00 -0.122735E+04
  0.304080E+00 -0.618927E+03 -0.135477E+04  0.000000E+00  0.000000E+00 -0.220523E+02 -0.125319E+04  0.520223E+00 -0.131972E+04
  0.310549E+00 -0.266214E+03 -0.895848E+03  0.000000E+00  0.000000E+00 -0.146843E+02 -0.869883E+03  0.519744E+00 -0.872679E+03
  0.317018E+00  0.435834E+03 -0.100363E+03  0.000000E+00  0.000000E+00 -0.235377E+01 -0.152609E+03  0.518296E+00 -0.977864E+02
  0.323487E+00  0.118000E+04  0.701509E+03  0.000000E+00  0.000000E+00  0.948099E+01  0.585769E+03  0.519388E+00  0.683313E+03
  0.329955E+00  0.163604E+04  0.117300E+04  0.000000E+00  0.000000E+00  0.159389E+02  0.102474E+04  0.518801E+00  0.114258E+04
  0.336424E+00  0.161333E+04  0.113235E+04  0.000000E+00  0.000000E+00  0.149539E+02  0.994780E+03  0.518295E+00  0.110297E+04
  0.342893E+00  0.114789E+04  0.633937E+03  0.000000E+00  0.000000E+00  0.806180E+01  0.552555E+03  0.517759E+00  0.617480E+03
  0.349362E+00  0.471677E+03 -0.702974E+02  0.000000E+00  0.000000E+00 -0.896996E+00 -0.642688E+02  0.518134E+00 -0.684726E+02
  0.355831E+00 -0.100459E+03 -0.651178E+03  0.000000E+00  0.000000E+00 -0.765998E+01 -0.556538E+03  0.516925E+00 -0.634257E+03
  0.362300E+00 -0.329486E+03 -0.864851E+03  0.000000E+00  0.000000E+00 -0.964018E+01 -0.717768E+03  0.516383E+00 -0.842364E+03
  0.368768E+00 -0.168469E+03 -0.668830E+03  0.000000E+00  0.000000E+00 -0.697007E+01 -0.530117E+03  0.515891E+00 -0.651427E+03
  0.375237E+00  0.231471E+03 -0.224764E+03  0.000000E+00  0.000000E+00 -0.200300E+01 -0.151316E+03  0.515752E+00 -0.218906E+03
  0.381706E+00  0.634264E+03  0.219296E+03  0.000000E+00  0.000000E+00  0.242215E+01  0.200139E+03  0.514197E+00  0.213593E+03
  0.388175E+00  0.843983E+03  0.458512E+03  0.000000E+00  0.000000E+00  0.438153E+01  0.362997E+03  0.513945E+00  0.446571E+03
  0.394644E+00  0.805614E+03  0.434452E+03  0.000000E+00  0.000000E+00  0.373612E+01  0.313073E+03  0.513624E+00  0.423126E+03
  0.401112E+00  0.600859E+03  0.230883E+03  0.000000E+00  0.000000E+00  0.169794E+01  0.140749E+03  0.513835E+00  0.224857E+03
  0.407581E+00  0.375229E+03 -0.804927E+00  0.000000E+00  0.000000E+00 -0.226907E+00 -0.253756E+02  0.504016E+00 -0.789729E+00
  0.414050E+00  0.238089E+03 -0.144121E+03  0.000000E+00  0.000000E+00 -0.116711E+01 -0.106800E+03  0.510758E+00 -0.140362E+03
  0.420519E+00  0.216019E+03 -0.166920E+03  0.000000E+00  0.000000E+00 -0.111868E+01 -0.100029E+03  0.511461E+00 -0.162560E+03
  0.426988E+00  0.257271E+03 -0.118386E+03  0.000000E+00  0.000000E+00 -0.675142E+00 -0.593585E+02  0.512617E+00 -0.115291E+03
  0.433457E+00  0.300760E+03 -0.604089E+02  0.000000E+00  0.000000E+00 -0.333576E+00 -0.300818E+02  0.513465E+00 -0.588293E+02
  0.439925E+00  0.317119E+03 -0.254990E+02  0.000000E+00  0.000000E+00 -0.221538E+00 -0.235160E+02  0.508519E+00 -0.248344E+02
  0.446394E+00  0.320082E+03 -0.396051E+01  0.000000E+00  0.000000E+00 -0.144713E+00 -0.176554E+02  0.499021E+00 -0.386018E+01
  0.452863E+00  0.332428E+03  0.235707E+02  0.000000E+00  0.000000E+00  0.749672E-01  0.573763E+01  0.523526E+00  0.229529E+02
  0.459332E+00  0.356760E+03  0.580400E+02  0.000000E+00  0.000000E+00  0.368390E+00  0.394412E+02  0.506505E+00  0.565236E+02
  0.465801E+00  0.371480E+03  0.780768E+02  0.000000E+00  0.000000E+00  0.521720E+00  0.581530E+02  0.503248E+00  0.760376E+02
  0.472269E+00  0.353615E+03  0.624099E+02  0.000000E+00  0.000000E+00  0.388904E+00  0.441230E+02  0.501294E+00  0.607791E+02
  0.478738E+00  0.304743E+03  0.149402E+02  0.000000E+00  0.000000E+00  0.628502E-01  0.613623E+01  0.499534E+00  0.145491E+02
  0.485207E+00  0.250536E+03 -0.366499E+02  0.000000E+00  0.000000E+00 -0.241260E+00 -0.292952E+02  0.498793E+00 -0.356926E+02
  0.491676E+00  0.221569E+03 -0.606570E+02  0.000000E+00  0.000000E+00 -0.327111E+00 -0.393160E+02  0.498149E+00 -0.590707E+02
  0.498145E+00  0.227577E+03 -0.473121E+02  0.000000E+00  0.000000E+00 -0.206667E+00 -0.237212E+02  0.499142E+00 -0.460736E+02
  0.504614E+00  0.251414E+03 -0.146032E+02  0.000000E+00  0.000000E+00 -0.280948E-01 -0.155955E+01  0.524465E+00 -0.142200E+02
  0.511082E+00  0.269661E+03  0.128189E+02  0.000000E+00  0.000000E+00  0.762953E-01  0.103539E+02  0.487631E+00  0.124838E+02
  0.517551E+00  0.269989E+03  0.214283E+02  0.000000E+00  0.000000E+00  0.784567E-01  0.873920E+01  0.495616E+00  0.208669E+02
  0.524020E+00  0.258236E+03  0.163554E+02  0.000000E+00  0.000000E+00  0.354959E-01  0.337273E+01  0.512381E+00  0.159263E+02
  0.530489E+00  0.246991E+03  0.101001E+02  0.000000E+00  0.000000E+00  0.269859E-01  0.298417E+01  0.515671E+00  0.983523E+01
  0.536958E+00  0.241256E+03  0.811625E+01  0.000000E+00  0.000000E+00  0.447615E-01  0.639073E+01  0.491413E+00  0.790402E+01
  0.543426E+00  0.236813E+03  0.687034E+01  0.000000E+00  0.000000E+00  0.464480E-01  0.696241E+01  0.478094E+00  0.669092E+01
  0.549895E+00  0.227359E+03  0.739537E+00  0.000000E+00  0.000000E+00  0.687497E-02  0.114828E+01  0.425826E+00  0.720273E+00
  0.556364E+00  0.213963E+03 -0.875532E+01  0.000000E+00  0.000000E+00 -0.422433E-01 -0.649276E+01  0.484383E+00 -0.852622E+01
  0.562833E+00  0.203843E+03 -0.142811E+02  0.000000E+00  0.000000E+00 -0.597948E-01 -0.895494E+01  0.478149E+00 -0.139072E+02
  0.569302E+00  0.202230E+03 -0.108028E+02  0.000000E+00  0.000000E+00 -0.334197E-01 -0.454448E+01  0.477920E+00 -0.105196E+02
  0.575770E+00  0.206548E+03 -0.122994E+01  0.000000E+00  0.000000E+00  0.874121E-02  0.186891E+01  0.446308E+00 -0.119737E+01
  0.582239E+00  0.209210E+03  0.640877E+01  0.000000E+00  0.000000E+00  0.251249E-01  0.418411E+01  0.465051E+00  0.624092E+01
  0.588708E+00  0.205817E+03  0.748123E+01  0.000000E+00  0.000000E+00  0.155944E-01  0.220476E+01  0.476713E+00  0.728492E+01
  0.595177E+00  0.198466E+03  0.405917E+01  0.000000E+00  0.000000E+00  0.237506E-02 -0.286187E+00  0.647168E+00  0.395250E+01
  0.601646E+00  0.192029E+03  0.104004E+01  0.000000E+00  0.000000E+00  0.144572E-02 -0.664654E-01  0.104683E+01  0.101273E+01
  0.608115E+00  0.188581E+03  0.712283E+00  0.000000E+00  0.000000E+00  0.683095E-02  0.162809E+01  0.462803E+00  0.693734E+00
  0.614583E+00  0.185940E+03  0.114242E+01  0.000000E+00  0.000000E+00  0.881901E-02  0.173821E+01  0.428003E+00  0.111262E+01
  0.621052E+00  0.181133E+03 -0.549191E+00  0.000000E+00  0.000000E+00 -0.258411E-02 -0.590270E+00  0.523854E+00 -0.534819E+00
  0.627521E+00  0.175205E+03 -0.319196E+01  0.000000E+00  0.000000E+00 -0.124042E-01 -0.251950E+01  0.452039E+00 -0.310835E+01
  0.675027E+00  0.156514E+03  0.670283E+00  0.000000E+00  0.000000E+00  0.418683E-02  0.106033E+01  0.413858E+00  0.652768E+00
  0.726129E+00  0.136531E+03 -0.109991E+00  0.000000E+00  0.000000E+00 -0.699584E-03 -0.764902E-01 -0.294148E-01 -0.107117E+00
  0.781099E+00  0.119747E+03 -0.125382E+00  0.000000E+00  0.000000E+00 -0.508317E-03 -0.211468E-01 -0.152370E+00 -0.122099E+00
  0.840232E+00  0.105200E+03  0.117906E+00  0.000000E+00  0.000000E+00  0.268324E-03  0.104789E+00  0.125128E+00  0.114813E+00
  0.903840E+00  0.919948E+02 -0.102904E+00  0.000000E+00  0.000000E+00 -0.921378E-04 -0.290777E-01 -0.780623E+00 -0.100201E+00
  0.972264E+00  0.807080E+02  0.409154E-02  0.000000E+00  0.000000E+00 -0.435232E-04 -0.138008E+00 -0.942890E-01  0.398281E-02
  0.104587E+01  0.707112E+02  0.214423E-02  0.000000E+00  0.000000E+00 -0.784184E-04  0.879595E-01  0.488807E+00  0.208579E-02
  0.105164E+01  0.700708E+02  0.642060E-01  0.000000E+00  0.000000E+00  0.606229E-04  0.544802E-01 -0.427538E+00  0.625194E-01
  0.106221E+01  0.687602E+02  0.121844E-01  0.000000E+00  0.000000E+00 -0.195125E-03 -0.470986E-01 -0.760242E+00  0.118589E-01
  0.107288E+01  0.675675E+02  0.560982E-01  0.000000E+00  0.000000E+00  0.160399E-03  0.480720E-01 -0.494171E+00  0.546274E-01
  0.108367E+01  0.663070E+02  0.813870E-02  0.000000E+00  0.000000E+00 -0.845120E-04 -0.352881E-01 -0.108006E+01  0.792248E-02
  0.109456E+01  0.651532E+02  0.470703E-01  0.000000E+00  0.000000E+00  0.363434E-03  0.282043E-01 -0.971587E+00  0.458422E-01
  0.110556E+01  0.639380E+02  0.120303E-02  0.000000E+00  0.000000E+00  0.199502E-03 -0.106370E-01 -0.412247E+01  0.117665E-02
  0.111667E+01  0.628345E+02  0.492466E-01  0.000000E+00  0.000000E+00  0.119743E-03 -0.332863E-02 -0.726153E+01  0.479549E-01
  0.112789E+01  0.616514E+02 -0.493464E-02  0.000000E+00  0.000000E+00  0.117386E-04  0.253890E-01  0.188978E+01 -0.480458E-02
  0.113923E+01  0.605942E+02  0.441626E-01  0.000000E+00  0.000000E+00 -0.170216E-03 -0.392212E-01  0.123815E+01  0.429969E-01
  0.115068E+01  0.594574E+02 -0.517321E-03  0.000000E+00  0.000000E+00  0.209913E-03  0.607128E-01  0.535706E+00 -0.498199E-03
  0.116224E+01  0.584184E+02  0.329110E-01  0.000000E+00  0.000000E+00 -0.125849E-03 -0.679468E-01  0.206888E+00  0.320423E-01
  0.117392E+01  0.573482E+02  0.120052E-01  0.000000E+00  0.000000E+00  0.175004E-03  0.638605E-01 -0.695257E-01  0.116941E-01
  0.118572E+01  0.563151E+02  0.140681E-01  0.000000E+00  0.000000E+00 -0.714035E-04 -0.410517E-01 -0.770447E+00  0.136963E-01
  0.119764E+01  0.553229E+02  0.329730E-01  0.000000E+00  0.000000E+00  0.258167E-04  0.110910E-01 -0.216887E+01  0.321067E-01
  0.120967E+01  0.543009E+02  0.676243E-02  0.000000E+00  0.000000E+00 -0.149344E-04  0.261525E-01  0.139654E+01  0.658423E-02
  0.122183E+01  0.533480E+02  0.319771E-01  0.000000E+00  0.000000E+00 -0.195182E-03 -0.457613E-01  0.403427E+00  0.311312E-01
  0.123411E+01  0.523758E+02  0.188410E-01  0.000000E+00  0.000000E+00  0.481655E-04  0.433640E-01 -0.184876E+00  0.183468E-01
  0.124651E+01  0.514322E+02  0.174456E-01  0.000000E+00  0.000000E+00  0.152072E-04 -0.123475E-01 -0.351232E+01  0.169873E-01
  0.125904E+01  0.505190E+02  0.335423E-01  0.000000E+00  0.000000E+00  0.155913E-05 -0.237621E-01  0.154081E+01  0.326604E-01
  0.127170E+01  0.495938E+02  0.181485E-01  0.000000E+00  0.000000E+00  0.128416E-03  0.396432E-01  0.443067E-01  0.176747E-01
  0.128448E+01  0.487001E+02  0.187188E-01  0.000000E+00  0.000000E+00  0.577691E-04 -0.136842E-01 -0.291005E+01  0.182281E-01
  0.129739E+01  0.478307E+02  0.305613E-01  0.000000E+00  0.000000E+00 -0.716469E-04 -0.255152E-01  0.117489E+01  0.297558E-01
  0.131042E+01  0.469590E+02  0.205623E-01  0.000000E+00  0.000000E+00  0.174204E-03  0.337046E-01 -0.259952E+00  0.200262E-01
  0.132359E+01  0.461116E+02  0.173443E-01  0.000000E+00  0.000000E+00  0.359081E-05  0.365921E-02  0.474589E+01  0.168883E-01
  0.133690E+01  0.452887E+02  0.271307E-01  0.000000E+00  0.000000E+00  0.109287E-03 -0.316407E-01  0.173464E+00  0.264202E-01
  0.135033E+01  0.444675E+02  0.246840E-01  0.000000E+00  0.000000E+00 -0.530976E-05  0.798691E-02 -0.235265E+01  0.240348E-01
  0.136390E+01  0.436563E+02  0.147910E-01  0.000000E+00  0.000000E+00 -0.267504E-04  0.304993E-01  0.385529E+00  0.144014E-01
  0.137761E+01  0.428696E+02  0.161031E-01  0.000000E+00  0.000000E+00  0.159810E-03 -0.835659E-02 -0.574736E+01  0.156839E-01
  0.139146E+01  0.421025E+02  0.219474E-01  0.000000E+00  0.000000E+00 -0.256958E-04 -0.276280E-01  0.324631E+00  0.213696E-01
  0.140544E+01  0.413411E+02  0.200885E-01  0.000000E+00  0.000000E+00  0.405567E-04  0.209078E-02 -0.505598E+01  0.195613E-01
  0.141957E+01  0.405886E+02  0.140647E-01  0.000000E+00  0.000000E+00 -0.663989E-04  0.269328E-01 -0.139753E+00  0.136931E-01
  0.143383E+01  0.398556E+02  0.119619E-01  0.000000E+00  0.000000E+00 -0.192059E-04  0.130779E-01  0.177516E+01  0.116468E-01
  0.144824E+01  0.391371E+02  0.143797E-01  0.000000E+00  0.000000E+00 -0.643972E-04 -0.135106E-01 -0.231106E+01  0.139999E-01
  0.146280E+01  0.384322E+02  0.169425E-01  0.000000E+00  0.000000E+00 -0.120187E-03 -0.243226E-01  0.898680E-01  0.164939E-01
  0.147750E+01  0.377371E+02  0.164517E-01  0.000000E+00  0.000000E+00 -0.550978E-04 -0.128870E-01  0.257644E+01  0.160177E-01
  0.149235E+01  0.370538E+02  0.134822E-01  0.000000E+00  0.000000E+00 -0.778944E-04  0.791211E-02 -0.260539E+01  0.131256E-01
  0.150735E+01  0.363808E+02  0.103763E-01  0.000000E+00  0.000000E+00 -0.641432E-06  0.207572E-01 -0.527579E+00  0.101035E-01
  0.152250E+01  0.357218E+02  0.845013E-02  0.000000E+00  0.000000E+00 -0.302910E-04  0.217620E-01  0.367920E+00  0.822715E-02
  0.153780E+01  0.350757E+02  0.807854E-02  0.000000E+00  0.000000E+00  0.111167E-03  0.145769E-01  0.144456E+01  0.786904E-02
  0.155325E+01  0.344421E+02  0.877930E-02  0.000000E+00  0.000000E+00  0.870703E-04  0.492037E-02  0.450622E+01  0.855075E-02
  0.156886E+01  0.338191E+02  0.985930E-02  0.000000E+00  0.000000E+00 -0.310446E-04 -0.284699E-02 -0.299114E+02  0.959925E-02
  0.158463E+01  0.332092E+02  0.110616E-01  0.000000E+00  0.000000E+00 -0.120011E-03 -0.901423E-02 -0.379151E+01  0.107676E-01
  0.160056E+01  0.326096E+02  0.122639E-01  0.000000E+00  0.000000E+00  0.764656E-04 -0.122251E-01 -0.229127E+01  0.119434E-01
  0.161664E+01  0.320207E+02  0.133080E-01  0.000000E+00  0.000000E+00 -0.390041E-04 -0.133920E-01 -0.187853E+01  0.129570E-01
  0.163289E+01  0.314410E+02  0.138274E-01  0.000000E+00  0.000000E+00 -0.591495E-05 -0.129606E-01 -0.204859E+01  0.134636E-01
  0.164930E+01  0.308733E+02  0.142587E-01  0.000000E+00  0.000000E+00  0.199068E-04 -0.113732E-01 -0.255660E+01  0.138843E-01
  0.166588E+01  0.303149E+02  0.141862E-01  0.000000E+00  0.000000E+00 -0.265346E-04 -0.836199E-02 -0.446365E+01  0.138125E-01
  0.168262E+01  0.297657E+02  0.136112E-01  0.000000E+00  0.000000E+00  0.116420E-06 -0.313714E-02 -0.482122E+02  0.132533E-01
  0.169953E+01  0.292273E+02  0.126346E-01  0.000000E+00  0.000000E+00 -0.396607E-04  0.306277E-02  0.520432E+01  0.123013E-01
  0.171661E+01  0.286958E+02  0.114403E-01  0.000000E+00  0.000000E+00 -0.108014E-03  0.112415E-01  0.159759E+01  0.111367E-01
  0.173386E+01  0.281753E+02  0.105450E-01  0.000000E+00  0.000000E+00  0.684678E-05  0.154523E-01  0.297928E+00  0.102680E-01
  0.175129E+01  0.276651E+02  0.101676E-01  0.000000E+00  0.000000E+00  0.122693E-03  0.123057E-01 -0.103489E+01  0.990347E-02
  0.176889E+01  0.271627E+02  0.103426E-01  0.000000E+00  0.000000E+00  0.364133E-04  0.439604E-03 -0.115585E+02  0.100716E-01
  0.178667E+01  0.266711E+02  0.999731E-02  0.000000E+00  0.000000E+00 -0.850875E-04 -0.111000E-01  0.168397E+01  0.973220E-02
  0.180462E+01  0.261863E+02  0.870344E-02  0.000000E+00  0.000000E+00 -0.884061E-05 -0.114089E-01 -0.134406E+01  0.847436E-02
  0.182276E+01  0.257104E+02  0.687343E-02  0.000000E+00  0.000000E+00 -0.577304E-04  0.226313E-02  0.714692E+01  0.669118E-02
  0.184108E+01  0.252432E+02  0.596899E-02  0.000000E+00  0.000000E+00  0.229401E-04  0.120036E-01  0.699755E-01  0.581264E-02
  0.185958E+01  0.247860E+02  0.660657E-02  0.000000E+00  0.000000E+00 -0.218179E-04  0.991023E-03 -0.106686E+02  0.643228E-02
  0.187827E+01  0.243371E+02  0.715852E-02  0.000000E+00  0.000000E+00 -0.341867E-04 -0.106732E-01  0.716225E-01  0.696939E-02
  0.189715E+01  0.238955E+02  0.679969E-02  0.000000E+00  0.000000E+00  0.120610E-04  0.157011E-02  0.793390E+01  0.662121E-02
  0.191621E+01  0.234615E+02  0.708107E-02  0.000000E+00  0.000000E+00  0.624877E-04  0.869574E-02 -0.102242E+01  0.689653E-02
  0.193547E+01  0.230373E+02  0.776422E-02  0.000000E+00  0.000000E+00  0.264028E-04 -0.706105E-02  0.230746E+01  0.756077E-02
  0.195492E+01  0.226187E+02  0.742820E-02  0.000000E+00  0.000000E+00  0.928459E-05 -0.516985E-03  0.239513E+02  0.723312E-02
  0.197457E+01  0.222087E+02  0.810705E-02  0.000000E+00  0.000000E+00  0.686676E-04  0.668990E-02 -0.145271E+01  0.789569E-02
  0.199441E+01  0.218065E+02  0.868250E-02  0.000000E+00  0.000000E+00  0.967284E-04 -0.781200E-02  0.205401E+00  0.845674E-02
  0.201446E+01  0.214098E+02  0.773479E-02  0.000000E+00  0.000000E+00 -0.294484E-04  0.604908E-02  0.161439E+01  0.753064E-02
  0.203471E+01  0.210220E+02  0.856288E-02  0.000000E+00  0.000000E+00 -0.240980E-04 -0.327363E-02  0.978749E+01  0.833710E-02
  0.205515E+01  0.206400E+02  0.822216E-02  0.000000E+00  0.000000E+00 -0.228377E-04  0.146052E-02  0.618066E+01  0.800536E-02
  0.207581E+01  0.202647E+02  0.788447E-02  0.000000E+00  0.000000E+00 -0.967842E-05 -0.541087E-03 -0.195253E+02  0.767690E-02
  0.209667E+01  0.198962E+02  0.740404E-02  0.000000E+00  0.000000E+00  0.478739E-04  0.881083E-03  0.822545E+01  0.721061E-02
  0.211774E+01  0.195343E+02  0.753535E-02  0.000000E+00  0.000000E+00 -0.400900E-04 -0.230876E-02  0.191667E+02  0.733616E-02
  0.213903E+01  0.191788E+02  0.617065E-02  0.000000E+00  0.000000E+00 -0.266975E-04  0.397765E-02  0.288021E+01  0.600770E-02
  0.216052E+01  0.188300E+02  0.639294E-02  0.000000E+00  0.000000E+00 -0.415917E-04 -0.589813E-02  0.124898E+01  0.622375E-02
  0.218224E+01  0.184872E+02  0.540965E-02  0.000000E+00  0.000000E+00  0.162937E-05  0.591541E-02 -0.800255E+00  0.526745E-02
  0.220417E+01  0.181509E+02  0.496640E-02  0.000000E+00  0.000000E+00 -0.133318E-04 -0.234299E-02 -0.119801E+02  0.483546E-02
  0.222632E+01  0.178210E+02  0.519503E-02  0.000000E+00  0.000000E+00 -0.240651E-04 -0.343113E-02  0.597530E+01  0.505780E-02
  0.224870E+01  0.174958E+02  0.436812E-02  0.000000E+00  0.000000E+00 -0.119046E-05  0.562149E-02 -0.791788E+00  0.425324E-02
  0.227130E+01  0.171788E+02  0.494816E-02  0.000000E+00  0.000000E+00  0.980568E-05  0.227904E-03  0.157564E+02  0.481831E-02
  0.229412E+01  0.168663E+02  0.508465E-02  0.000000E+00  0.000000E+00 -0.580453E-04 -0.537352E-02 -0.128234E+00  0.494943E-02
  0.231718E+01  0.165602E+02  0.573417E-02  0.000000E+00  0.000000E+00  0.770672E-04 -0.854062E-03 -0.799126E+02  0.558542E-02
  0.234047E+01  0.162588E+02  0.556762E-02  0.000000E+00  0.000000E+00 -0.319511E-04  0.445616E-02 -0.148009E+01  0.542038E-02
  0.236399E+01  0.159634E+02  0.612657E-02  0.000000E+00  0.000000E+00 -0.104093E-04  0.426789E-02  0.167865E+01  0.596521E-02
  0.238775E+01  0.156729E+02  0.600576E-02  0.000000E+00  0.000000E+00  0.333374E-04  0.811907E-03  0.881409E+01  0.584872E-02
  0.241175E+01  0.153880E+02  0.631835E-02  0.000000E+00  0.000000E+00  0.533200E-04 -0.217161E-02 -0.150758E+02  0.615361E-02
  0.243599E+01  0.151069E+02  0.574159E-02  0.000000E+00  0.000000E+00  0.127017E-04 -0.350180E-02 -0.428297E+01  0.559095E-02
  0.246047E+01  0.148323E+02  0.566734E-02  0.000000E+00  0.000000E+00  0.422409E-04 -0.401669E-02 -0.185440E+01  0.551944E-02
  0.248519E+01  0.145618E+02  0.501202E-02  0.000000E+00  0.000000E+00  0.112197E-04 -0.393192E-02 -0.134304E+01  0.488053E-02
  0.251017E+01  0.142960E+02  0.453700E-02  0.000000E+00  0.000000E+00 -0.448072E-04 -0.360103E-02 -0.225197E+01  0.441653E-02
  0.253540E+01  0.140355E+02  0.431024E-02  0.000000E+00  0.000000E+00 -0.203486E-04 -0.275755E-02 -0.530119E+01  0.419637E-02
  0.256088E+01  0.137790E+02  0.371055E-02  0.000000E+00  0.000000E+00  0.223733E-04 -0.856757E-03 -0.902892E+02  0.361357E-02
  0.258662E+01  0.135283E+02  0.369922E-02  0.000000E+00  0.000000E+00 -0.771620E-05  0.161076E-02  0.560372E+01  0.360175E-02
  0.261261E+01  0.132819E+02  0.371683E-02  0.000000E+00  0.000000E+00 -0.394886E-04  0.315478E-02  0.465775E+00  0.361806E-02
  0.263887E+01  0.130395E+02  0.358064E-02  0.000000E+00  0.000000E+00 -0.267145E-04  0.132680E-02 -0.604691E+01  0.348579E-02
  0.266539E+01  0.128022E+02  0.386600E-02  0.000000E+00  0.000000E+00  0.259065E-04 -0.236645E-02  0.457088E+01  0.376503E-02
  0.269218E+01  0.125691E+02  0.411295E-02  0.000000E+00  0.000000E+00 -0.129003E-04 -0.139915E-02 -0.177004E+02  0.400446E-02
  0.271924E+01  0.123397E+02  0.398253E-02  0.000000E+00  0.000000E+00 -0.336967E-04  0.262129E-02  0.756462E+00  0.387692E-02
  0.274657E+01  0.121147E+02  0.407570E-02  0.000000E+00  0.000000E+00  0.161213E-05 -0.902475E-03  0.828409E+02  0.396858E-02
  0.277417E+01  0.118942E+02  0.428391E-02  0.000000E+00  0.000000E+00  0.224183E-04 -0.114636E-02 -0.321038E+02  0.417186E-02
  0.280205E+01  0.116772E+02  0.439956E-02  0.000000E+00  0.000000E+00 -0.306327E-04  0.207813E-02 -0.234336E+01  0.428307E-02
  0.283021E+01  0.114647E+02  0.432571E-02  0.000000E+00  0.000000E+00 -0.101132E-04 -0.232505E-02 -0.173499E+01  0.421170E-02
  0.285865E+01  0.112545E+02  0.397568E-02  0.000000E+00  0.000000E+00 -0.354952E-06  0.229861E-02 -0.119972E+01  0.387113E-02
  0.288738E+01  0.110491E+02  0.371955E-02  0.000000E+00  0.000000E+00 -0.255985E-04 -0.206150E-02 -0.453836E+01  0.362108E-02
  0.291640E+01  0.108474E+02  0.341566E-02  0.000000E+00  0.000000E+00  0.265251E-05  0.133971E-02 -0.509392E+01  0.332592E-02
  0.294571E+01  0.106494E+02  0.317442E-02  0.000000E+00  0.000000E+00 -0.257512E-05  0.243992E-03  0.147692E+02  0.309089E-02
  0.297532E+01  0.104548E+02  0.301688E-02  0.000000E+00  0.000000E+00  0.451627E-04 -0.197956E-02  0.342586E+01  0.293874E-02
  0.300522E+01  0.102637E+02  0.281428E-02  0.000000E+00  0.000000E+00  0.277493E-04  0.133367E-02 -0.505881E+01  0.274101E-02
  0.303542E+01  0.100764E+02  0.270525E-02  0.000000E+00  0.000000E+00 -0.375736E-04  0.154183E-02  0.381705E+01  0.263313E-02
  0.306593E+01  0.989239E+01  0.269206E-02  0.000000E+00  0.000000E+00  0.400184E-04 -0.798522E-03 -0.358097E+02  0.262233E-02
  0.309674E+01  0.971172E+01  0.274621E-02  0.000000E+00  0.000000E+00  0.287120E-04 -0.184426E-02 -0.132064E+01  0.267475E-02
  0.312787E+01  0.953408E+01  0.283930E-02  0.000000E+00  0.000000E+00 -0.340424E-04 -0.162416E-02  0.494653E+01  0.276375E-02
  0.315930E+01  0.936040E+01  0.290747E-02  0.000000E+00  0.000000E+00 -0.222234E-04 -0.899917E-03  0.258573E+02  0.283043E-02
  0.319105E+01  0.918943E+01  0.301474E-02  0.000000E+00  0.000000E+00 -0.160704E-04 -0.695405E-03  0.727909E+02  0.293505E-02
  0.322312E+01  0.902160E+01  0.308386E-02  0.000000E+00  0.000000E+00  0.152766E-04 -0.903126E-03  0.258502E+02  0.300317E-02
  0.325552E+01  0.885696E+01  0.305938E-02  0.000000E+00  0.000000E+00 -0.337323E-05 -0.127060E-02  0.728025E+01  0.297885E-02
  0.328823E+01  0.869499E+01  0.297441E-02  0.000000E+00  0.000000E+00 -0.355727E-04 -0.137426E-02 -0.334225E+01  0.289526E-02
  0.332128E+01  0.853575E+01  0.280618E-02  0.000000E+00  0.000000E+00  0.123735E-04 -0.185652E-03  0.288631E+02  0.273272E-02
  0.335466E+01  0.837965E+01  0.262133E-02  0.000000E+00  0.000000E+00  0.201856E-04  0.124145E-02  0.166744E+01  0.255293E-02
  0.338838E+01  0.822621E+01  0.248366E-02  0.000000E+00  0.000000E+00  0.531598E-06  0.970602E-04 -0.164070E+02  0.241837E-02
  0.342243E+01  0.807555E+01  0.237998E-02  0.000000E+00  0.000000E+00  0.180118E-04 -0.106334E-02 -0.732609E+01  0.231788E-02
  0.345683E+01  0.792780E+01  0.217805E-02  0.000000E+00  0.000000E+00  0.405282E-04  0.115031E-02  0.146579E+01  0.212185E-02
  0.349157E+01  0.778247E+01  0.194840E-02  0.000000E+00  0.000000E+00 -0.725234E-05 -0.969967E-03  0.790497E+01  0.189698E-02
  0.352666E+01  0.764002E+01  0.181351E-02  0.000000E+00  0.000000E+00 -0.578845E-05  0.948270E-03  0.399161E+01  0.176567E-02
  0.356210E+01  0.750048E+01  0.192555E-02  0.000000E+00  0.000000E+00 -0.572501E-05 -0.105198E-02  0.347134E+01  0.187477E-02
  0.359790E+01  0.736314E+01  0.192653E-02  0.000000E+00  0.000000E+00  0.899715E-05  0.983632E-03 -0.309663E+01  0.187611E-02
  0.363406E+01  0.722854E+01  0.188172E-02  0.000000E+00  0.000000E+00  0.222636E-04 -0.730010E-04  0.323009E+02  0.183282E-02
  0.367058E+01  0.709642E+01  0.205279E-02  0.000000E+00  0.000000E+00  0.246868E-04 -0.102078E-02  0.244718E+01  0.199946E-02
  0.370747E+01  0.696647E+01  0.212349E-02  0.000000E+00  0.000000E+00  0.131052E-04 -0.146655E-03 -0.348132E+02  0.206800E-02
  0.374473E+01  0.683907E+01  0.208008E-02  0.000000E+00  0.000000E+00 -0.374972E-04  0.709811E-03 -0.522633E+01  0.202440E-02
  0.378237E+01  0.671405E+01  0.219740E-02  0.000000E+00  0.000000E+00  0.254115E-04  0.904914E-03 -0.107129E+01  0.214029E-02
  0.382038E+01  0.659096E+01  0.200770E-02  0.000000E+00  0.000000E+00  0.667465E-05  0.868278E-03 -0.127401E+00  0.195508E-02
  0.385878E+01  0.647022E+01  0.202585E-02  0.000000E+00  0.000000E+00 -0.132218E-04  0.795236E-03 -0.209952E+01  0.197224E-02
  0.389756E+01  0.635143E+01  0.177907E-02  0.000000E+00  0.000000E+00 -0.199607E-04  0.419183E-03 -0.880440E+01  0.173177E-02
  0.393673E+01  0.623516E+01  0.173702E-02  0.000000E+00  0.000000E+00 -0.187125E-04 -0.353738E-03  0.229217E+03  0.169085E-02
  0.397630E+01  0.612061E+01  0.149236E-02  0.000000E+00  0.000000E+00  0.167777E-05 -0.667538E-03 -0.902289E+01  0.145317E-02
  0.401626E+01  0.600853E+01  0.150569E-02  0.000000E+00  0.000000E+00 -0.178236E-04  0.524655E-03  0.625860E+01  0.146563E-02
  0.405662E+01  0.589797E+01  0.134007E-02  0.000000E+00  0.000000E+00  0.793086E-05 -0.158725E-03 -0.806147E+02  0.130504E-02
  0.409739E+01  0.579009E+01  0.137917E-02  0.000000E+00  0.000000E+00 -0.341088E-04 -0.121863E-03  0.533091E+02  0.134201E-02
  0.413857E+01  0.568424E+01  0.142959E-02  0.000000E+00  0.000000E+00 -0.117441E-04  0.115481E-03 -0.180394E+02  0.139169E-02
  0.418017E+01  0.558005E+01  0.138632E-02  0.000000E+00  0.000000E+00  0.102675E-04  0.229868E-03  0.134241E+02  0.135014E-02
  0.422218E+01  0.547783E+01  0.151300E-02  0.000000E+00  0.000000E+00  0.184946E-04 -0.608824E-03  0.232869E+01  0.147371E-02
  0.426461E+01  0.537725E+01  0.159629E-02  0.000000E+00  0.000000E+00 -0.176980E-04  0.179851E-04 -0.227390E+02  0.155385E-02
  0.430747E+01  0.527879E+01  0.154827E-02  0.000000E+00  0.000000E+00  0.184056E-04  0.560099E-03 -0.231274E+01  0.150804E-02
  0.435076E+01  0.518198E+01  0.147129E-02  0.000000E+00  0.000000E+00  0.230348E-04  0.526166E-03  0.345408E+01  0.143321E-02
  0.439448E+01  0.508695E+01  0.143854E-02  0.000000E+00  0.000000E+00  0.200551E-04  0.469056E-03  0.511283E+01  0.140124E-02
  0.443865E+01  0.499356E+01  0.140189E-02  0.000000E+00  0.000000E+00  0.225198E-04  0.529175E-03  0.160463E+01  0.136562E-02
  0.448326E+01  0.490175E+01  0.131280E-02  0.000000E+00  0.000000E+00 -0.232905E-04  0.371988E-03 -0.742935E+01  0.127767E-02
