  0.930839E-05  0.244110E+08  0.244110E+08  0.325305E+08  0.325299E+08  0.244148E+08  0.128369E+08  0.545609E+00  0.244110E+08
  0.102773E-04  0.244110E+08  0.244110E+08  0.325266E+08  0.325260E+08  0.244147E+08  0.128368E+08  0.545609E+00  0.244110E+08
  0.113471E-04  0.244109E+08  0.244109E+08  0.325219E+08  0.325211E+08  0.244147E+08  0.128366E+08  0.545609E+00  0.244109E+08
  0.125283E-04  0.244109E+08  0.244109E+08  0.325162E+08  0.325152E+08  0.244146E+08  0.128363E+08  0.545608E+00  0.244109E+08
  0.138324E-04  0.244108E+08  0.244108E+08  0.325092E+08  0.325080E+08  0.244145E+08  0.128360E+08  0.545608E+00  0.244109E+08
  0.152722E-04  0.244108E+08  0.244108E+08  0.325007E+08  0.324992E+08  0.244144E+08  0.128356E+08  0.545607E+00  0.244108E+08
  0.168619E-04  0.244107E+08  0.244107E+08  0.324903E+08  0.324885E+08  0.244143E+08  0.128352E+08  0.545607E+00  0.244107E+08
  0.186171E-04  0.244106E+08  0.244106E+08  0.324776E+08  0.324754E+08  0.244141E+08  0.128346E+08  0.545606E+00  0.244106E+08
  0.205550E-04  0.244105E+08  0.244105E+08  0.324622E+08  0.324595E+08  0.244140E+08  0.128339E+08  0.545605E+00  0.244105E+08
  0.226947E-04  0.244104E+08  0.244104E+08  0.324434E+08  0.324401E+08  0.244137E+08  0.128331E+08  0.545604E+00  0.244104E+08
  0.250570E-04  0.244102E+08  0.244102E+08  0.324205E+08  0.324165E+08  0.244135E+08  0.128321E+08  0.545602E+00  0.244102E+08
  0.276652E-04  0.244100E+08  0.244100E+08  0.323927E+08  0.323878E+08  0.244132E+08  0.128308E+08  0.545601E+00  0.244100E+08
  0.305450E-04  0.244098E+08  0.244097E+08  0.323587E+08  0.323528E+08  0.244128E+08  0.128293E+08  0.545599E+00  0.244098E+08
  0.337245E-04  0.244095E+08  0.244094E+08  0.323173E+08  0.323101E+08  0.244123E+08  0.128275E+08  0.545596E+00  0.244095E+08
  0.372349E-04  0.244091E+08  0.244091E+08  0.322670E+08  0.322582E+08  0.244117E+08  0.128253E+08  0.545593E+00  0.244091E+08
  0.411108E-04  0.244087E+08  0.244086E+08  0.322057E+08  0.321950E+08  0.244110E+08  0.128225E+08  0.545589E+00  0.244087E+08
  0.453901E-04  0.244081E+08  0.244081E+08  0.321311E+08  0.321181E+08  0.244101E+08  0.128192E+08  0.545584E+00  0.244081E+08
  0.501149E-04  0.244075E+08  0.244074E+08  0.320404E+08  0.320246E+08  0.244090E+08  0.128151E+08  0.545578E+00  0.244075E+08
  0.553315E-04  0.244067E+08  0.244066E+08  0.319302E+08  0.319109E+08  0.244077E+08  0.128102E+08  0.545571E+00  0.244067E+08
  0.610911E-04  0.244057E+08  0.244057E+08  0.317963E+08  0.317728E+08  0.244061E+08  0.128042E+08  0.545563E+00  0.244057E+08
  0.674502E-04  0.244045E+08  0.244045E+08  0.316337E+08  0.316052E+08  0.244042E+08  0.127968E+08  0.545552E+00  0.244045E+08
  0.744712E-04  0.244031E+08  0.244030E+08  0.314366E+08  0.314020E+08  0.244018E+08  0.127879E+08  0.545538E+00  0.244031E+08
  0.822231E-04  0.244013E+08  0.244013E+08  0.311978E+08  0.311558E+08  0.243990E+08  0.127770E+08  0.545522E+00  0.244013E+08
  0.907819E-04  0.243992E+08  0.243991E+08  0.309088E+08  0.308580E+08  0.243955E+08  0.127636E+08  0.545502E+00  0.243991E+08
  0.100232E-03  0.243966E+08  0.243965E+08  0.305599E+08  0.304985E+08  0.243912E+08  0.127474E+08  0.545476E+00  0.243965E+08
  0.110665E-03  0.243934E+08  0.243933E+08  0.301394E+08  0.300652E+08  0.243860E+08  0.127276E+08  0.545444E+00  0.243933E+08
  0.122184E-03  0.243895E+08  0.243894E+08  0.296339E+08  0.295445E+08  0.243797E+08  0.127035E+08  0.545404E+00  0.243894E+08
  0.134903E-03  0.243848E+08  0.243846E+08  0.290281E+08  0.289206E+08  0.243719E+08  0.126741E+08  0.545353E+00  0.243846E+08
  0.148945E-03  0.243790E+08  0.243788E+08  0.283048E+08  0.281760E+08  0.243625E+08  0.126382E+08  0.545289E+00  0.243789E+08
  0.164449E-03  0.243720E+08  0.243717E+08  0.274451E+08  0.272915E+08  0.243510E+08  0.125945E+08  0.545206E+00  0.243718E+08
  0.181567E-03  0.243635E+08  0.243631E+08  0.264294E+08  0.262469E+08  0.243371E+08  0.125412E+08  0.545100E+00  0.243632E+08
  0.200467E-03  0.243530E+08  0.243526E+08  0.252374E+08  0.250218E+08  0.243201E+08  0.124762E+08  0.544961E+00  0.243527E+08
  0.221334E-03  0.243403E+08  0.243398E+08  0.238506E+08  0.235978E+08  0.242993E+08  0.123970E+08  0.544780E+00  0.243399E+08
  0.244373E-03  0.243248E+08  0.243242E+08  0.222543E+08  0.219603E+08  0.242741E+08  0.123005E+08  0.544540E+00  0.243243E+08
  0.269811E-03  0.243060E+08  0.243052E+08  0.204408E+08  0.201025E+08  0.242434E+08  0.121829E+08  0.544221E+00  0.243053E+08
  0.297896E-03  0.242830E+08  0.242821E+08  0.184139E+08  0.180296E+08  0.242060E+08  0.120396E+08  0.543793E+00  0.242822E+08
  0.328905E-03  0.242551E+08  0.242540E+08  0.161945E+08  0.157646E+08  0.241606E+08  0.118653E+08  0.543214E+00  0.242541E+08
  0.363141E-03  0.242210E+08  0.242197E+08  0.138259E+08  0.133542E+08  0.241054E+08  0.116533E+08  0.542428E+00  0.242198E+08
  0.400941E-03  0.241797E+08  0.241781E+08  0.113789E+08  0.108734E+08  0.240384E+08  0.113960E+08  0.541356E+00  0.241782E+08
  0.442676E-03  0.241294E+08  0.241276E+08  0.895448E+07  0.842800E+07  0.239572E+08  0.110845E+08  0.539887E+00  0.241277E+08
  0.488755E-03  0.240685E+08  0.240664E+08  0.667912E+07  0.614954E+07  0.238589E+08  0.107086E+08  0.537874E+00  0.240664E+08
  0.539631E-03  0.239949E+08  0.239925E+08  0.469181E+07  0.418080E+07  0.237402E+08  0.102572E+08  0.535121E+00  0.239924E+08
  0.595802E-03  0.239060E+08  0.239033E+08  0.311776E+07  0.264790E+07  0.235972E+08  0.971887E+07  0.531373E+00  0.239030E+08
  0.657821E-03  0.237994E+08  0.237963E+08  0.203126E+07  0.162121E+07  0.234258E+08  0.908307E+07  0.526314E+00  0.237958E+08
  0.726295E-03  0.236721E+08  0.236686E+08  0.141700E+07  0.107557E+07  0.232212E+08  0.834207E+07  0.519575E+00  0.236678E+08
  0.801897E-03  0.235213E+08  0.235175E+08  0.115115E+07  0.872383E+06  0.229787E+08  0.749387E+07  0.510772E+00  0.235163E+08
  0.885368E-03  0.233446E+08  0.233405E+08  0.103008E+07  0.792734E+06  0.226937E+08  0.654606E+07  0.499584E+00  0.233388E+08
  0.977529E-03  0.231403E+08  0.231360E+08  0.860561E+06  0.634801E+06  0.223623E+08  0.552000E+07  0.485889E+00  0.231334E+08
  0.107928E-02  0.229079E+08  0.229035E+08  0.576803E+06  0.336907E+06  0.219822E+08  0.445407E+07  0.469963E+00  0.229000E+08
  0.119163E-02  0.226490E+08  0.226445E+08  0.284991E+06  0.208813E+05  0.215528E+08  0.340354E+07  0.452675E+00  0.226398E+08
  0.131567E-02  0.223669E+08  0.223624E+08  0.141486E+06 -0.139948E+06  0.210776E+08  0.243457E+07  0.435538E+00  0.223563E+08
  0.145262E-02  0.220670E+08  0.220626E+08  0.141622E+06  0.000000E+00  0.205633E+08  0.161109E+07  0.420421E+00  0.220549E+08
  0.160382E-02  0.217558E+08  0.217514E+08  0.110072E+06  0.000000E+00  0.200167E+08  0.977032E+06  0.408822E+00  0.217419E+08
  0.177077E-02  0.214392E+08  0.214347E+08 -0.606133E+04  0.000000E+00  0.194457E+08  0.541358E+06  0.401030E+00  0.214234E+08
  0.195509E-02  0.211212E+08  0.211167E+08 -0.474028E+05  0.000000E+00  0.188570E+08  0.274576E+06  0.395829E+00  0.211035E+08
  0.215860E-02  0.208033E+08  0.207986E+08 -0.201937E+05  0.000000E+00  0.182557E+08  0.121383E+06  0.391391E+00  0.207834E+08
  0.238330E-02  0.204840E+08  0.204791E+08 -0.476489E+05  0.000000E+00  0.176439E+08  0.264965E+05  0.387116E+00  0.204620E+08
  0.263138E-02  0.201601E+08  0.201549E+08 -0.317360E+05  0.000000E+00  0.170206E+08 -0.374192E+05  0.384672E+00  0.201358E+08
  0.290529E-02  0.198272E+08  0.198217E+08 -0.366564E+05  0.000000E+00  0.163844E+08 -0.640711E+05  0.385303E+00  0.198006E+08
  0.320770E-02  0.194817E+08  0.194758E+08 -0.388075E+05  0.000000E+00  0.157327E+08 -0.506307E+05  0.384768E+00  0.194528E+08
  0.354160E-02  0.191207E+08  0.191144E+08 -0.363413E+05  0.000000E+00  0.150649E+08 -0.372611E+05  0.376940E+00  0.190894E+08
  0.391026E-02  0.187416E+08  0.187348E+08 -0.234777E+05  0.000000E+00  0.143809E+08 -0.634061E+05  0.369382E+00  0.187080E+08
  0.431728E-02  0.183415E+08  0.183341E+08 -0.219585E+05  0.000000E+00  0.136802E+08 -0.825353E+05  0.377666E+00  0.183056E+08
  0.476668E-02  0.179190E+08  0.179109E+08 -0.140750E+05  0.000000E+00  0.129253E+08 -0.436281E+05  0.384094E+00  0.178804E+08
  0.526286E-02  0.174707E+08  0.174616E+08 -0.738858E+04  0.000000E+00  0.121685E+08 -0.310495E+05  0.367620E+00  0.174296E+08
  0.581068E-02  0.169960E+08  0.169858E+08 -0.878488E+04  0.000000E+00  0.113918E+08 -0.554929E+05  0.374773E+00  0.169524E+08
  0.641553E-02  0.164933E+08  0.164818E+08 -0.632779E+04  0.000000E+00  0.106098E+08 -0.197909E+05  0.381703E+00  0.164473E+08
  0.708333E-02  0.159619E+08  0.159488E+08 -0.650058E+04  0.000000E+00  0.983265E+07 -0.312386E+05  0.364334E+00  0.159137E+08
  0.782066E-02  0.154009E+08  0.153859E+08 -0.588160E+04  0.000000E+00  0.905788E+07 -0.182452E+05  0.385581E+00  0.153506E+08
  0.863473E-02  0.148096E+08  0.147924E+08 -0.333091E+04  0.000000E+00  0.828489E+07 -0.207770E+05  0.363313E+00  0.147574E+08
  0.953354E-02  0.141873E+08  0.141674E+08 -0.453537E+04  0.000000E+00  0.752327E+07 -0.691540E+04  0.382213E+00  0.141334E+08
  0.105259E-01  0.135335E+08  0.135106E+08 -0.320542E+04  0.000000E+00  0.678228E+07 -0.187254E+05  0.375107E+00  0.134781E+08
  0.116216E-01  0.128478E+08  0.128214E+08 -0.238085E+04  0.000000E+00  0.606343E+07 -0.640829E+04  0.362037E+00  0.127912E+08
  0.128313E-01  0.121302E+08  0.120998E+08 -0.216477E+04  0.000000E+00  0.536922E+07 -0.102964E+04  0.376819E+00  0.120727E+08
  0.141669E-01  0.113812E+08  0.113464E+08 -0.181378E+04  0.000000E+00  0.470902E+07 -0.374576E+04  0.386039E+00  0.113232E+08
  0.156416E-01  0.106023E+08  0.105626E+08 -0.149475E+04  0.000000E+00  0.408371E+07 -0.482050E+04  0.386477E+00  0.105441E+08
  0.172698E-01  0.979646E+07  0.975139E+07 -0.115124E+04  0.000000E+00  0.349968E+07 -0.342987E+04  0.386665E+00  0.973840E+07
  0.190674E-01  0.900423E+07  0.895368E+07 -0.784446E+03  0.000000E+00  0.297100E+07 -0.609220E+03  0.384199E+00  0.894661E+07
  0.210522E-01  0.816708E+07  0.811113E+07 -0.581268E+03  0.000000E+00  0.247929E+07  0.368174E+03  0.367213E+00  0.811052E+07
  0.232436E-01  0.730562E+07  0.724474E+07 -0.471778E+03  0.000000E+00  0.203236E+07 -0.303316E+04  0.368773E+00  0.725075E+07
  0.256630E-01  0.647688E+07  0.641201E+07 -0.301409E+03  0.000000E+00  0.164458E+07  0.495363E+03  0.378735E+00  0.642415E+07
  0.283344E-01  0.569472E+07  0.562745E+07 -0.244454E+03  0.000000E+00  0.131449E+07 -0.171692E+04  0.380407E+00  0.564463E+07
  0.312838E-01  0.496051E+07  0.489308E+07 -0.139378E+03  0.000000E+00  0.103684E+07 -0.127725E+04  0.366275E+00  0.491371E+07
  0.345402E-01  0.430599E+07  0.424125E+07 -0.126583E+03  0.000000E+00  0.811786E+06 -0.992061E+03  0.366862E+00  0.426305E+07
  0.381355E-01  0.376560E+07  0.370674E+07 -0.757267E+02  0.000000E+00  0.637896E+06 -0.648544E+03  0.383322E+00  0.372692E+07
  0.419491E-01  0.335927E+07  0.330896E+07 -0.620674E+02  0.000000E+00  0.511632E+06  0.306194E+03  0.374829E+00  0.332494E+07
  0.457626E-01  0.308365E+07  0.304296E+07  0.000000E+00  0.000000E+00  0.424956E+06 -0.339353E+03  0.361862E+00  0.305329E+07
  0.495762E-01  0.289173E+07  0.286042E+07  0.000000E+00  0.000000E+00  0.399779E+06 -0.262033E+03  0.385499E+00  0.286511E+07
  0.533898E-01  0.274911E+07  0.272587E+07  0.000000E+00  0.000000E+00  0.349560E+06  0.219042E+03  0.371000E+00  0.272535E+07
  0.572033E-01  0.262336E+07  0.260615E+07  0.000000E+00  0.000000E+00  0.307976E+06 -0.274339E+03  0.364042E+00  0.260183E+07
  0.610169E-01  0.248923E+07  0.247572E+07  0.000000E+00  0.000000E+00  0.270753E+06 -0.105417E+03  0.386535E+00  0.246942E+07
  0.648304E-01  0.233599E+07  0.232394E+07  0.000000E+00  0.000000E+00  0.236139E+06  0.147378E+03  0.367652E+00  0.231743E+07
  0.686440E-01  0.216481E+07  0.215239E+07  0.000000E+00  0.000000E+00  0.203938E+06 -0.210233E+03  0.366704E+00  0.214716E+07
  0.724575E-01  0.198240E+07  0.196845E+07  0.000000E+00  0.000000E+00  0.174500E+06 -0.220154E+02  0.386667E+00  0.196546E+07
  0.762711E-01  0.180789E+07  0.179191E+07  0.000000E+00  0.000000E+00  0.149045E+06  0.830071E+02  0.364827E+00  0.179149E+07
  0.800846E-01  0.163302E+07  0.161518E+07  0.000000E+00  0.000000E+00  0.126376E+06 -0.143861E+03  0.369679E+00  0.161722E+07
  0.857801E-01  0.141241E+07  0.139312E+07  0.000000E+00  0.000000E+00  0.998574E+05  0.794182E+02  0.376675E+00  0.139763E+07
  0.914756E-01  0.126028E+07  0.124171E+07  0.000000E+00  0.000000E+00  0.817905E+05 -0.961870E+02  0.370257E+00  0.124668E+07
  0.971710E-01  0.117158E+07  0.115564E+07  0.000000E+00  0.000000E+00  0.701085E+05  0.605438E+02  0.376084E+00  0.115925E+07
  0.102866E+00  0.112454E+07  0.111215E+07  0.000000E+00  0.000000E+00  0.622928E+05 -0.758265E+02  0.370808E+00  0.111345E+07
  0.108562E+00  0.109477E+07  0.108572E+07  0.000000E+00  0.000000E+00  0.563204E+05  0.522765E+02  0.375517E+00  0.108476E+07
  0.114257E+00  0.105916E+07  0.105232E+07  0.000000E+00  0.000000E+00  0.507401E+05 -0.639621E+02  0.371350E+00  0.104996E+07
  0.119953E+00  0.100332E+07  0.997274E+06  0.000000E+00  0.000000E+00  0.448634E+05  0.444031E+02  0.374955E+00  0.994701E+06
  0.125648E+00  0.928105E+06  0.921650E+06  0.000000E+00  0.000000E+00  0.388189E+05 -0.506429E+02  0.371900E+00  0.919880E+06
  0.131344E+00  0.843826E+06  0.836355E+06  0.000000E+00  0.000000E+00  0.330819E+05  0.346687E+02  0.374383E+00  0.835900E+06
  0.137039E+00  0.762782E+06  0.754361E+06  0.000000E+00  0.000000E+00  0.280893E+05 -0.378553E+02  0.372469E+00  0.755154E+06
  0.142735E+00  0.696156E+06  0.687347E+06  0.000000E+00  0.000000E+00  0.241324E+05  0.265916E+02  0.373788E+00  0.688880E+06
  0.148430E+00  0.649979E+06  0.641526E+06  0.000000E+00  0.000000E+00  0.212581E+05 -0.295026E+02  0.373067E+00  0.643114E+06
  0.154126E+00  0.622848E+06  0.615362E+06  0.000000E+00  0.000000E+00  0.192606E+05  0.221490E+02  0.373165E+00  0.616428E+06
  0.159821E+00  0.607755E+06  0.601511E+06  0.000000E+00  0.000000E+00  0.178032E+05 -0.253294E+02  0.373697E+00  0.601769E+06
  0.165517E+00  0.595686E+06  0.590583E+06  0.000000E+00  0.000000E+00  0.165556E+05  0.197028E+02  0.372511E+00  0.590088E+06
  0.171212E+00  0.579495E+06  0.575152E+06  0.000000E+00  0.000000E+00  0.153005E+05 -0.221826E+02  0.374358E+00  0.574210E+06
  0.176908E+00  0.555941E+06  0.551881E+06  0.000000E+00  0.000000E+00  0.139609E+05  0.170280E+02  0.371830E+00  0.550895E+06
  0.182603E+00  0.525518E+06  0.521346E+06  0.000000E+00  0.000000E+00  0.125654E+05 -0.184188E+02  0.375042E+00  0.520653E+06
  0.188298E+00  0.491586E+06  0.487104E+06  0.000000E+00  0.000000E+00  0.112038E+05  0.138435E+02  0.371135E+00  0.486874E+06
  0.193994E+00  0.458912E+06  0.454145E+06  0.000000E+00  0.000000E+00  0.998104E+04 -0.146457E+02  0.375729E+00  0.454353E+06
  0.199689E+00  0.431474E+06  0.426610E+06  0.000000E+00  0.000000E+00  0.896621E+04  0.110687E+02  0.370453E+00  0.427081E+06
  0.205385E+00  0.410901E+06  0.406192E+06  0.000000E+00  0.000000E+00  0.816852E+04 -0.118532E+02  0.376387E+00  0.406694E+06
  0.211080E+00  0.396722E+06  0.392377E+06  0.000000E+00  0.000000E+00  0.755383E+04  0.916771E+01  0.369820E+00  0.392713E+06
  0.216776E+00  0.386998E+06  0.383118E+06  0.000000E+00  0.000000E+00  0.706531E+04 -0.999653E+01  0.376974E+00  0.383181E+06
  0.222471E+00  0.378654E+06  0.375211E+06  0.000000E+00  0.000000E+00  0.663451E+04  0.777605E+01  0.369283E+00  0.375013E+06
  0.228167E+00  0.368986E+06  0.365859E+06  0.000000E+00  0.000000E+00  0.620960E+04 -0.843792E+01  0.377443E+00  0.365498E+06
  0.233862E+00  0.356895E+06  0.353923E+06  0.000000E+00  0.000000E+00  0.577287E+04  0.641534E+01  0.368886E+00  0.353533E+06
  0.239558E+00  0.342514E+06  0.339558E+06  0.000000E+00  0.000000E+00  0.532873E+04 -0.685253E+01  0.377752E+00  0.339259E+06
  0.245253E+00  0.326888E+06  0.323871E+06  0.000000E+00  0.000000E+00  0.489483E+04  0.507005E+01  0.368666E+00  0.323727E+06
  0.250949E+00  0.311616E+06  0.308536E+06  0.000000E+00  0.000000E+00  0.449436E+04 -0.540171E+01  0.377874E+00  0.308546E+06
  0.256644E+00  0.298047E+06  0.294960E+06  0.000000E+00  0.000000E+00  0.414353E+04  0.394609E+01  0.368636E+00  0.295072E+06
  0.262340E+00  0.286905E+06  0.283893E+06  0.000000E+00  0.000000E+00  0.384766E+04 -0.428637E+01  0.377810E+00  0.284029E+06
  0.268035E+00  0.278154E+06  0.275291E+06  0.000000E+00  0.000000E+00  0.360113E+04  0.312800E+01  0.368784E+00  0.275380E+06
  0.273730E+00  0.271091E+06  0.268415E+06  0.000000E+00  0.000000E+00  0.339049E+04 -0.349138E+01  0.377583E+00  0.268417E+06
  0.279426E+00  0.264791E+06  0.262300E+06  0.000000E+00  0.000000E+00  0.320118E+04  0.253333E+01  0.369075E+00  0.262212E+06
  0.285121E+00  0.258376E+06  0.256033E+06  0.000000E+00  0.000000E+00  0.302107E+04 -0.288468E+01  0.377235E+00  0.255882E+06
  0.290817E+00  0.251263E+06  0.249014E+06  0.000000E+00  0.000000E+00  0.284286E+04  0.206172E+01  0.369463E+00  0.248845E+06
  0.296512E+00  0.243407E+06  0.241202E+06  0.000000E+00  0.000000E+00  0.266618E+04 -0.237988E+01  0.376813E+00  0.241057E+06
  0.302208E+00  0.235175E+06  0.232982E+06  0.000000E+00  0.000000E+00  0.249511E+04  0.167737E+01  0.369905E+00  0.232887E+06
  0.307903E+00  0.227054E+06  0.224867E+06  0.000000E+00  0.000000E+00  0.233446E+04 -0.197022E+01  0.376358E+00  0.224826E+06
  0.313599E+00  0.219488E+06  0.217320E+06  0.000000E+00  0.000000E+00  0.218802E+04  0.138387E+01  0.370362E+00  0.217319E+06
  0.319294E+00  0.212784E+06  0.210661E+06  0.000000E+00  0.000000E+00  0.205773E+04 -0.166288E+01  0.375902E+00  0.210675E+06
  0.324990E+00  0.207003E+06  0.204950E+06  0.000000E+00  0.000000E+00  0.194295E+04  0.117454E+01  0.370809E+00  0.204954E+06
  0.330685E+00  0.201937E+06  0.199969E+06  0.000000E+00  0.000000E+00  0.184054E+04 -0.144167E+01  0.375466E+00  0.199947E+06
  0.336381E+00  0.197286E+06  0.195405E+06  0.000000E+00  0.000000E+00  0.174689E+04  0.102439E+01  0.371228E+00  0.195353E+06
  0.342076E+00  0.192759E+06  0.190954E+06  0.000000E+00  0.000000E+00  0.165882E+04 -0.127301E+01  0.375063E+00  0.190879E+06
  0.347771E+00  0.188125E+06  0.186378E+06  0.000000E+00  0.000000E+00  0.157403E+04  0.906797E+00  0.371612E+00  0.186293E+06
  0.353467E+00  0.183314E+06  0.181609E+06  0.000000E+00  0.000000E+00  0.149178E+04 -0.113148E+01  0.374696E+00  0.181528E+06
  0.359162E+00  0.178405E+06  0.176727E+06  0.000000E+00  0.000000E+00  0.141259E+04  0.807515E+00  0.371959E+00  0.176662E+06
  0.364858E+00  0.173550E+06  0.171894E+06  0.000000E+00  0.000000E+00  0.133749E+04 -0.100935E+01  0.374367E+00  0.171848E+06
  0.370553E+00  0.168915E+06  0.167284E+06  0.000000E+00  0.000000E+00  0.126751E+04  0.734629E+00  0.372216E+00  0.167252E+06
  0.376249E+00  0.164599E+06  0.163000E+06  0.000000E+00  0.000000E+00  0.120306E+04 -0.917968E+00  0.374128E+00  0.162976E+06
  0.381944E+00  0.160640E+06  0.159079E+06  0.000000E+00  0.000000E+00  0.114404E+04  0.667094E+00  0.372489E+00  0.159056E+06
  0.387640E+00  0.157008E+06  0.155492E+06  0.000000E+00  0.000000E+00  0.108992E+04 -0.835075E+00  0.373870E+00  0.155463E+06
  0.393335E+00  0.153606E+06  0.152136E+06  0.000000E+00  0.000000E+00  0.103971E+04  0.611949E+00  0.372731E+00  0.152097E+06
  0.399031E+00  0.150326E+06  0.148900E+06  0.000000E+00  0.000000E+00  0.992441E+03 -0.765095E+00  0.373642E+00  0.148853E+06
  0.404726E+00  0.147091E+06  0.145703E+06  0.000000E+00  0.000000E+00  0.947459E+03  0.563890E+00  0.372946E+00  0.145651E+06
  0.410422E+00  0.143859E+06  0.142502E+06  0.000000E+00  0.000000E+00  0.904346E+03 -0.702228E+00  0.373438E+00  0.142450E+06
  0.416117E+00  0.140632E+06  0.139301E+06  0.000000E+00  0.000000E+00  0.863050E+03  0.519740E+00  0.373138E+00  0.139254E+06
  0.421813E+00  0.137450E+06  0.136142E+06  0.000000E+00  0.000000E+00  0.823695E+03 -0.644451E+00  0.373256E+00  0.136101E+06
  0.427508E+00  0.134368E+06  0.133083E+06  0.000000E+00  0.000000E+00  0.786524E+03  0.479236E+00  0.373310E+00  0.133048E+06
  0.433203E+00  0.131427E+06  0.130165E+06  0.000000E+00  0.000000E+00  0.751639E+03 -0.592470E+00  0.373092E+00  0.130134E+06
  0.438899E+00  0.128637E+06  0.127401E+06  0.000000E+00  0.000000E+00  0.718987E+03  0.443016E+00  0.373465E+00  0.127371E+06
  0.444594E+00  0.126000E+06  0.124791E+06  0.000000E+00  0.000000E+00  0.688442E+03 -0.546488E+00  0.372944E+00  0.124760E+06
  0.450290E+00  0.123490E+06  0.122309E+06  0.000000E+00  0.000000E+00  0.659750E+03  0.410749E+00  0.373605E+00  0.122276E+06
  0.455985E+00  0.121071E+06  0.119918E+06  0.000000E+00  0.000000E+00  0.632624E+03 -0.496350E+00  0.372757E+00  0.119882E+06
  0.461681E+00  0.118715E+06  0.117587E+06  0.000000E+00  0.000000E+00  0.606834E+03  0.372401E+00  0.373785E+00  0.117550E+06
  0.467376E+00  0.116399E+06  0.115295E+06  0.000000E+00  0.000000E+00  0.582208E+03 -0.458924E+00  0.372634E+00  0.115257E+06
  0.473072E+00  0.114120E+06  0.113036E+06  0.000000E+00  0.000000E+00  0.558664E+03  0.345195E+00  0.373903E+00  0.112999E+06
  0.478767E+00  0.111884E+06  0.110820E+06  0.000000E+00  0.000000E+00  0.536197E+03 -0.424185E+00  0.372519E+00  0.110785E+06
  0.484463E+00  0.109703E+06  0.108657E+06  0.000000E+00  0.000000E+00  0.514800E+03  0.319806E+00  0.374013E+00  0.108625E+06
  0.490158E+00  0.107595E+06  0.106567E+06  0.000000E+00  0.000000E+00  0.494503E+03 -0.392189E+00  0.372413E+00  0.106537E+06
  0.495854E+00  0.105565E+06  0.104556E+06  0.000000E+00  0.000000E+00  0.475284E+03  0.296416E+00  0.374115E+00  0.104526E+06
  0.501549E+00  0.103611E+06  0.102621E+06  0.000000E+00  0.000000E+00  0.457076E+03 -0.363030E+00  0.372313E+00  0.102592E+06
  0.507244E+00  0.101730E+06  0.100759E+06  0.000000E+00  0.000000E+00  0.439823E+03  0.274979E+00  0.374212E+00  0.100730E+06
  0.512940E+00  0.999106E+05  0.989582E+05  0.000000E+00  0.000000E+00  0.423418E+03 -0.336420E+00  0.372219E+00  0.989284E+05
  0.518635E+00  0.981417E+05  0.972073E+05  0.000000E+00  0.000000E+00  0.407781E+03  0.255217E+00  0.374303E+00  0.971771E+05
  0.524331E+00  0.964149E+05  0.954977E+05  0.000000E+00  0.000000E+00  0.392839E+03 -0.311910E+00  0.372130E+00  0.954674E+05
  0.530026E+00  0.947240E+05  0.938229E+05  0.000000E+00  0.000000E+00  0.378537E+03  0.236838E+00  0.374390E+00  0.937931E+05
  0.535722E+00  0.930708E+05  0.921850E+05  0.000000E+00  0.000000E+00  0.364853E+03 -0.289267E+00  0.372045E+00  0.921559E+05
  0.541417E+00  0.914564E+05  0.905853E+05  0.000000E+00  0.000000E+00  0.351765E+03  0.219808E+00  0.374473E+00  0.905572E+05
  0.547113E+00  0.898840E+05  0.890273E+05  0.000000E+00  0.000000E+00  0.339264E+03 -0.268279E+00  0.371962E+00  0.890001E+05
  0.552808E+00  0.883581E+05  0.875156E+05  0.000000E+00  0.000000E+00  0.327337E+03  0.203974E+00  0.374554E+00  0.874891E+05
  0.558504E+00  0.868770E+05  0.860486E+05  0.000000E+00  0.000000E+00  0.315954E+03 -0.248972E+00  0.371882E+00  0.860225E+05
  0.600784E+00  0.770405E+05  0.763070E+05  0.000000E+00  0.000000E+00  0.245514E+03 -0.178287E+00  0.371292E+00  0.762828E+05
  0.646266E+00  0.682672E+05  0.676174E+05  0.000000E+00  0.000000E+00  0.190426E+03 -0.938276E-01  0.370375E+00  0.675955E+05
  0.695191E+00  0.604606E+05  0.598852E+05  0.000000E+00  0.000000E+00  0.147504E+03 -0.109826E+00  0.370981E+00  0.598657E+05
  0.747819E+00  0.535226E+05  0.530133E+05  0.000000E+00  0.000000E+00  0.114114E+03 -0.321611E-01  0.376568E+00  0.529958E+05
  0.804432E+00  0.473583E+05  0.469077E+05  0.000000E+00  0.000000E+00  0.881752E+02 -0.919762E-01  0.373010E+00  0.468921E+05
  0.865331E+00  0.418852E+05  0.414868E+05  0.000000E+00  0.000000E+00  0.680380E+02  0.525850E-01  0.374861E+00  0.414728E+05
  0.930839E+00  0.370286E+05  0.366765E+05  0.000000E+00  0.000000E+00  0.524439E+02  0.212798E-01  0.370509E+00  0.366641E+05
