  0.102633E-04  0.205638E+08  0.205638E+08  0.274040E+08  0.274036E+08  0.205664E+08  0.123690E+08  0.528765E+00  0.205638E+08
  0.113325E-04  0.205638E+08  0.205638E+08  0.274009E+08  0.274004E+08  0.205664E+08  0.123689E+08  0.528765E+00  0.205638E+08
  0.125129E-04  0.205638E+08  0.205638E+08  0.273970E+08  0.273964E+08  0.205664E+08  0.123687E+08  0.528764E+00  0.205638E+08
  0.138164E-04  0.205638E+08  0.205638E+08  0.273923E+08  0.273916E+08  0.205664E+08  0.123685E+08  0.528764E+00  0.205638E+08
  0.152556E-04  0.205638E+08  0.205638E+08  0.273866E+08  0.273857E+08  0.205663E+08  0.123683E+08  0.528764E+00  0.205638E+08
  0.168447E-04  0.205637E+08  0.205637E+08  0.273796E+08  0.273786E+08  0.205663E+08  0.123680E+08  0.528764E+00  0.205638E+08
  0.185994E-04  0.205637E+08  0.205637E+08  0.273711E+08  0.273698E+08  0.205662E+08  0.123676E+08  0.528764E+00  0.205637E+08
  0.205369E-04  0.205637E+08  0.205637E+08  0.273608E+08  0.273592E+08  0.205662E+08  0.123671E+08  0.528764E+00  0.205637E+08
  0.226762E-04  0.205637E+08  0.205637E+08  0.273481E+08  0.273462E+08  0.205661E+08  0.123666E+08  0.528763E+00  0.205637E+08
  0.250383E-04  0.205636E+08  0.205636E+08  0.273327E+08  0.273304E+08  0.205660E+08  0.123659E+08  0.528763E+00  0.205636E+08
  0.276465E-04  0.205636E+08  0.205636E+08  0.273140E+08  0.273111E+08  0.205659E+08  0.123650E+08  0.528763E+00  0.205636E+08
  0.305263E-04  0.205635E+08  0.205635E+08  0.272911E+08  0.272876E+08  0.205658E+08  0.123640E+08  0.528762E+00  0.205635E+08
  0.337062E-04  0.205635E+08  0.205635E+08  0.272633E+08  0.272590E+08  0.205656E+08  0.123628E+08  0.528762E+00  0.205635E+08
  0.372173E-04  0.205634E+08  0.205634E+08  0.272294E+08  0.272242E+08  0.205654E+08  0.123613E+08  0.528761E+00  0.205634E+08
  0.410942E-04  0.205633E+08  0.205633E+08  0.271881E+08  0.271818E+08  0.205652E+08  0.123594E+08  0.528760E+00  0.205633E+08
  0.453748E-04  0.205632E+08  0.205632E+08  0.271379E+08  0.271302E+08  0.205649E+08  0.123572E+08  0.528759E+00  0.205632E+08
  0.501014E-04  0.205630E+08  0.205630E+08  0.270768E+08  0.270674E+08  0.205646E+08  0.123544E+08  0.528757E+00  0.205630E+08
  0.553204E-04  0.205629E+08  0.205628E+08  0.270024E+08  0.269909E+08  0.205641E+08  0.123511E+08  0.528756E+00  0.205629E+08
  0.610830E-04  0.205626E+08  0.205626E+08  0.269120E+08  0.268981E+08  0.205636E+08  0.123470E+08  0.528754E+00  0.205626E+08
  0.674459E-04  0.205624E+08  0.205623E+08  0.268021E+08  0.267852E+08  0.205630E+08  0.123420E+08  0.528751E+00  0.205624E+08
  0.744716E-04  0.205621E+08  0.205620E+08  0.266687E+08  0.266482E+08  0.205622E+08  0.123359E+08  0.528748E+00  0.205621E+08
  0.822291E-04  0.205617E+08  0.205616E+08  0.265069E+08  0.264820E+08  0.205613E+08  0.123285E+08  0.528744E+00  0.205617E+08
  0.907947E-04  0.205612E+08  0.205611E+08  0.263109E+08  0.262807E+08  0.205601E+08  0.123195E+08  0.528739E+00  0.205612E+08
  0.100253E-03  0.205606E+08  0.205606E+08  0.260737E+08  0.260371E+08  0.205587E+08  0.123084E+08  0.528733E+00  0.205606E+08
  0.110696E-03  0.205599E+08  0.205598E+08  0.257872E+08  0.257429E+08  0.205570E+08  0.122950E+08  0.528726E+00  0.205599E+08
  0.122227E-03  0.205590E+08  0.205590E+08  0.254417E+08  0.253884E+08  0.205549E+08  0.122785E+08  0.528717E+00  0.205590E+08
  0.134959E-03  0.205580E+08  0.205579E+08  0.250264E+08  0.249621E+08  0.205524E+08  0.122585E+08  0.528705E+00  0.205579E+08
  0.149017E-03  0.205567E+08  0.205566E+08  0.245284E+08  0.244512E+08  0.205493E+08  0.122339E+08  0.528691E+00  0.205567E+08
  0.164540E-03  0.205552E+08  0.205550E+08  0.239336E+08  0.238413E+08  0.205455E+08  0.122040E+08  0.528672E+00  0.205551E+08
  0.181680E-03  0.205532E+08  0.205531E+08  0.232265E+08  0.231164E+08  0.205409E+08  0.121673E+08  0.528649E+00  0.205532E+08
  0.200605E-03  0.205509E+08  0.205507E+08  0.223904E+08  0.222599E+08  0.205353E+08  0.121225E+08  0.528619E+00  0.205508E+08
  0.221501E-03  0.205481E+08  0.205478E+08  0.214088E+08  0.212550E+08  0.205285E+08  0.120677E+08  0.528581E+00  0.205480E+08
  0.244575E-03  0.205447E+08  0.205443E+08  0.202661E+08  0.200861E+08  0.205202E+08  0.120005E+08  0.528531E+00  0.205445E+08
  0.270051E-03  0.205405E+08  0.205401E+08  0.189495E+08  0.187410E+08  0.205101E+08  0.119182E+08  0.528466E+00  0.205403E+08
  0.298182E-03  0.205354E+08  0.205349E+08  0.174523E+08  0.172135E+08  0.204978E+08  0.118173E+08  0.528380E+00  0.205351E+08
  0.329243E-03  0.205292E+08  0.205286E+08  0.157769E+08  0.155072E+08  0.204829E+08  0.116934E+08  0.528265E+00  0.205289E+08
  0.363539E-03  0.205216E+08  0.205209E+08  0.139395E+08  0.136401E+08  0.204647E+08  0.115414E+08  0.528112E+00  0.205213E+08
  0.401408E-03  0.205125E+08  0.205116E+08  0.119744E+08  0.116494E+08  0.204426E+08  0.113548E+08  0.527907E+00  0.205120E+08
  0.443222E-03  0.205013E+08  0.205003E+08  0.993889E+07  0.959539E+07  0.204158E+08  0.111257E+08  0.527629E+00  0.205007E+08
  0.489392E-03  0.204878E+08  0.204866E+08  0.791443E+07  0.756356E+07  0.203833E+08  0.108447E+08  0.527254E+00  0.204871E+08
  0.540371E-03  0.204714E+08  0.204699E+08  0.600410E+07  0.566077E+07  0.203440E+08  0.105008E+08  0.526745E+00  0.204705E+08
  0.596660E-03  0.204515E+08  0.204498E+08  0.432170E+07  0.400355E+07  0.202964E+08  0.100813E+08  0.526061E+00  0.204505E+08
  0.658813E-03  0.204274E+08  0.204255E+08  0.297089E+07  0.269584E+07  0.202390E+08  0.957265E+07  0.525144E+00  0.204262E+08
  0.727440E-03  0.203985E+08  0.203963E+08  0.201513E+07  0.179742E+07  0.201699E+08  0.896132E+07  0.523931E+00  0.203970E+08
  0.803215E-03  0.203637E+08  0.203612E+08  0.144630E+07  0.129172E+07  0.200870E+08  0.823598E+07  0.522355E+00  0.203620E+08
  0.886885E-03  0.203221E+08  0.203194E+08  0.116898E+07  0.107095E+07  0.199879E+08  0.739095E+07  0.520361E+00  0.203201E+08
  0.979269E-03  0.202727E+08  0.202697E+08  0.102267E+07  0.962183E+06  0.198702E+08  0.643098E+07  0.517924E+00  0.202703E+08
  0.108128E-02  0.202145E+08  0.202113E+08  0.853178E+06  0.804666E+06  0.197311E+08  0.537691E+07  0.515088E+00  0.202117E+08
  0.119391E-02  0.201467E+08  0.201433E+08  0.605356E+06  0.547600E+06  0.195681E+08  0.427065E+07  0.512002E+00  0.201434E+08
  0.131828E-02  0.200687E+08  0.200652E+08  0.358279E+06  0.283956E+06  0.193793E+08  0.317637E+07  0.508935E+00  0.200649E+08
  0.145560E-02  0.199804E+08  0.199768E+08  0.229355E+06  0.145090E+06  0.191637E+08  0.217417E+07  0.506251E+00  0.199760E+08
  0.160723E-02  0.198818E+08  0.198781E+08  0.210755E+06  0.000000E+00  0.189207E+08  0.134385E+07  0.504302E+00  0.198767E+08
  0.177465E-02  0.197734E+08  0.197697E+08  0.167443E+06  0.000000E+00  0.186498E+08  0.741275E+06  0.503251E+00  0.197676E+08
  0.195951E-02  0.196555E+08  0.196518E+08  0.663500E+05  0.000000E+00  0.183519E+08  0.376418E+06  0.502914E+00  0.196488E+08
  0.216363E-02  0.195281E+08  0.195244E+08  0.317945E+05  0.000000E+00  0.180277E+08  0.205350E+06  0.502737E+00  0.195205E+08
  0.238901E-02  0.193907E+08  0.193869E+08  0.458647E+05  0.000000E+00  0.176780E+08  0.143985E+06  0.502054E+00  0.193821E+08
  0.263787E-02  0.192421E+08  0.192382E+08  0.109612E+05  0.000000E+00  0.173033E+08  0.103436E+06  0.500604E+00  0.192325E+08
  0.291265E-02  0.190807E+08  0.190766E+08  0.114337E+05  0.000000E+00  0.169033E+08  0.361670E+05  0.498978E+00  0.190699E+08
  0.321605E-02  0.189046E+08  0.189003E+08  0.101922E+04  0.000000E+00  0.164774E+08 -0.393856E+05  0.498263E+00  0.188926E+08
  0.355106E-02  0.187119E+08  0.187073E+08 -0.411221E+04  0.000000E+00  0.160240E+08 -0.744902E+05  0.498680E+00  0.186987E+08
  0.392097E-02  0.185009E+08  0.184961E+08 -0.113903E+05  0.000000E+00  0.155420E+08 -0.628548E+05  0.498941E+00  0.184864E+08
  0.432940E-02  0.182702E+08  0.182650E+08 -0.342856E+04  0.000000E+00  0.150307E+08 -0.513228E+05  0.498198E+00  0.182543E+08
  0.478039E-02  0.180181E+08  0.180124E+08 -0.455630E+04  0.000000E+00  0.144899E+08 -0.589986E+05  0.497767E+00  0.180008E+08
  0.527835E-02  0.177430E+08  0.177368E+08 -0.582360E+04  0.000000E+00  0.139203E+08 -0.544718E+05  0.498190E+00  0.177243E+08
  0.582818E-02  0.174441E+08  0.174372E+08 -0.404997E+04  0.000000E+00  0.132917E+08 -0.416524E+05  0.497892E+00  0.174237E+08
  0.643529E-02  0.171187E+08  0.171110E+08 -0.372693E+04  0.000000E+00  0.126479E+08 -0.398828E+05  0.497692E+00  0.170967E+08
  0.710564E-02  0.167660E+08  0.167574E+08 -0.344890E+04  0.000000E+00  0.119749E+08 -0.317518E+05  0.497866E+00  0.167424E+08
  0.784582E-02  0.163845E+08  0.163748E+08 -0.377089E+04  0.000000E+00  0.112841E+08 -0.271189E+05  0.497577E+00  0.163592E+08
  0.866310E-02  0.159730E+08  0.159619E+08 -0.206161E+04  0.000000E+00  0.105808E+08 -0.219350E+05  0.497698E+00  0.159462E+08
  0.956552E-02  0.155302E+08  0.155176E+08 -0.231649E+04  0.000000E+00  0.986284E+07 -0.183738E+05  0.497535E+00  0.155018E+08
  0.105619E-01  0.150550E+08  0.150406E+08 -0.247533E+04  0.000000E+00  0.913300E+07 -0.144510E+05  0.497519E+00  0.150252E+08
  0.116622E-01  0.145461E+08  0.145295E+08 -0.184008E+04  0.000000E+00  0.839977E+07 -0.118506E+05  0.497495E+00  0.145149E+08
  0.128770E-01  0.140025E+08  0.139834E+08 -0.141411E+04  0.000000E+00  0.767035E+07 -0.947828E+04  0.497419E+00  0.139700E+08
  0.142183E-01  0.134234E+08  0.134015E+08 -0.130675E+04  0.000000E+00  0.694811E+07 -0.747848E+04  0.497377E+00  0.133897E+08
  0.156994E-01  0.128084E+08  0.127833E+08 -0.114769E+04  0.000000E+00  0.623908E+07 -0.589791E+04  0.497342E+00  0.127737E+08
  0.173348E-01  0.121730E+08  0.121444E+08 -0.801835E+03  0.000000E+00  0.555830E+07 -0.462090E+04  0.497304E+00  0.121375E+08
  0.191405E-01  0.114913E+08  0.114589E+08 -0.726641E+03  0.000000E+00  0.489738E+07 -0.356499E+04  0.497254E+00  0.114553E+08
  0.211344E-01  0.107787E+08  0.107423E+08 -0.455986E+03  0.000000E+00  0.426968E+07 -0.276548E+04  0.497178E+00  0.107424E+08
  0.233359E-01  0.100293E+08  0.998887E+07 -0.390657E+03  0.000000E+00  0.367661E+07 -0.218905E+04  0.497169E+00  0.999301E+07
  0.257667E-01  0.927094E+07  0.922685E+07 -0.302912E+03  0.000000E+00  0.313178E+07 -0.157936E+04  0.497116E+00  0.923504E+07
  0.284508E-01  0.851277E+07  0.846558E+07 -0.201291E+03  0.000000E+00  0.263850E+07 -0.124259E+04  0.497123E+00  0.847757E+07
  0.314144E-01  0.775770E+07  0.770845E+07 -0.193695E+03  0.000000E+00  0.219657E+07 -0.955795E+03  0.497058E+00  0.772359E+07
  0.346868E-01  0.702675E+07  0.697696E+07 -0.123625E+03  0.000000E+00  0.180973E+07 -0.714525E+03  0.497031E+00  0.699414E+07
  0.383001E-01  0.634691E+07  0.629853E+07 -0.893146E+02  0.000000E+00  0.148049E+07 -0.503342E+03  0.497033E+00  0.631616E+07
  0.422897E-01  0.573491E+07  0.569016E+07 -0.797157E+02  0.000000E+00  0.120648E+07 -0.374005E+03  0.496914E+00  0.570634E+07
  0.465187E-01  0.522152E+07  0.518232E+07  0.000000E+00  0.000000E+00  0.990711E+06 -0.272758E+03  0.496974E+00  0.519528E+07
  0.507476E-01  0.482445E+07  0.479163E+07  0.000000E+00  0.000000E+00  0.830293E+06 -0.236192E+03  0.496898E+00  0.480039E+07
  0.549766E-01  0.450646E+07  0.447998E+07  0.000000E+00  0.000000E+00  0.707058E+06 -0.161468E+03  0.496877E+00  0.448438E+07
  0.592056E-01  0.424012E+07  0.421916E+07  0.000000E+00  0.000000E+00  0.609268E+06 -0.149227E+03  0.496922E+00  0.421977E+07
  0.634346E-01  0.400331E+07  0.398653E+07  0.000000E+00  0.000000E+00  0.528945E+06 -0.118487E+03  0.496814E+00  0.398439E+07
  0.676635E-01  0.377789E+07  0.376373E+07  0.000000E+00  0.000000E+00  0.460689E+06 -0.897383E+02  0.496890E+00  0.376014E+07
  0.718925E-01  0.355298E+07  0.353992E+07  0.000000E+00  0.000000E+00  0.401202E+06 -0.904003E+02  0.496836E+00  0.353619E+07
  0.761215E-01  0.333112E+07  0.331793E+07  0.000000E+00  0.000000E+00  0.393200E+06 -0.603735E+02  0.496822E+00  0.331530E+07
  0.803504E-01  0.310776E+07  0.309362E+07  0.000000E+00  0.000000E+00  0.343339E+06 -0.595417E+02  0.496892E+00  0.309258E+07
  0.845794E-01  0.289226E+07  0.287685E+07  0.000000E+00  0.000000E+00  0.299777E+06 -0.495294E+02  0.496780E+00  0.287765E+07
  0.888084E-01  0.269033E+07  0.267377E+07  0.000000E+00  0.000000E+00  0.262189E+06 -0.352229E+02  0.496859E+00  0.267628E+07
  0.951577E-01  0.242452E+07  0.240719E+07  0.000000E+00  0.000000E+00  0.216249E+06 -0.296005E+02  0.496869E+00  0.241136E+07
  0.101507E+00  0.221648E+07  0.219993E+07  0.000000E+00  0.000000E+00  0.181711E+06 -0.262004E+02  0.496866E+00  0.220425E+07
  0.107856E+00  0.206607E+07  0.205164E+07  0.000000E+00  0.000000E+00  0.156300E+06 -0.237536E+02  0.496845E+00  0.205478E+07
  0.114206E+00  0.195524E+07  0.194356E+07  0.000000E+00  0.000000E+00  0.136976E+06 -0.213322E+02  0.496810E+00  0.194485E+07
  0.120555E+00  0.186209E+07  0.185292E+07  0.000000E+00  0.000000E+00  0.121184E+06 -0.184355E+02  0.496770E+00  0.185248E+07
  0.126904E+00  0.177096E+07  0.176346E+07  0.000000E+00  0.000000E+00  0.107369E+06 -0.150447E+02  0.496735E+00  0.176200E+07
  0.133254E+00  0.167243E+07  0.166553E+07  0.000000E+00  0.000000E+00  0.947021E+05 -0.115071E+02  0.496715E+00  0.166397E+07
  0.139603E+00  0.156468E+07  0.155751E+07  0.000000E+00  0.000000E+00  0.829474E+05 -0.833991E+01  0.496715E+00  0.155661E+07
  0.145952E+00  0.145464E+07  0.144680E+07  0.000000E+00  0.000000E+00  0.723547E+05 -0.598639E+01  0.496734E+00  0.144692E+07
  0.152301E+00  0.135255E+07  0.134413E+07  0.000000E+00  0.000000E+00  0.632583E+05 -0.462637E+01  0.496767E+00  0.134515E+07
  0.158651E+00  0.126559E+07  0.125704E+07  0.000000E+00  0.000000E+00  0.557691E+05 -0.416167E+01  0.496802E+00  0.125854E+07
  0.165000E+00  0.119632E+07  0.118819E+07  0.000000E+00  0.000000E+00  0.497653E+05 -0.431934E+01  0.496828E+00  0.118963E+07
  0.171349E+00  0.114323E+07  0.113596E+07  0.000000E+00  0.000000E+00  0.449761E+05 -0.475915E+01  0.496835E+00  0.113692E+07
  0.177699E+00  0.110117E+07  0.109491E+07  0.000000E+00  0.000000E+00  0.410388E+05 -0.514699E+01  0.496819E+00  0.109520E+07
  0.184048E+00  0.106312E+07  0.105775E+07  0.000000E+00  0.000000E+00  0.375906E+05 -0.521600E+01  0.496784E+00  0.105746E+07
  0.190397E+00  0.102336E+07  0.101857E+07  0.000000E+00  0.000000E+00  0.343788E+05 -0.483349E+01  0.496739E+00  0.101797E+07
  0.196747E+00  0.979480E+06  0.974903E+06  0.000000E+00  0.000000E+00  0.313033E+05 -0.404085E+01  0.496698E+00  0.974318E+06
  0.203096E+00  0.932345E+06  0.927691E+06  0.000000E+00  0.000000E+00  0.283816E+05 -0.302520E+01  0.496673E+00  0.927374E+06
  0.209445E+00  0.884841E+06  0.879987E+06  0.000000E+00  0.000000E+00  0.256868E+05 -0.203250E+01  0.496671E+00  0.880043E+06
  0.215795E+00  0.840292E+06  0.835286E+06  0.000000E+00  0.000000E+00  0.232899E+05 -0.127231E+01  0.496693E+00  0.835663E+06
  0.222144E+00  0.801262E+06  0.796266E+06  0.000000E+00  0.000000E+00  0.212273E+05 -0.859179E+00  0.496731E+00  0.796805E+06
  0.228493E+00  0.768823E+06  0.764031E+06  0.000000E+00  0.000000E+00  0.194898E+05 -0.800608E+00  0.496774E+00  0.764542E+06
  0.234842E+00  0.742192E+06  0.737752E+06  0.000000E+00  0.000000E+00  0.180222E+05 -0.101561E+01  0.496809E+00  0.738088E+06
  0.241192E+00  0.719230E+06  0.715194E+06  0.000000E+00  0.000000E+00  0.167454E+05 -0.136617E+01  0.496824E+00  0.715296E+06
  0.247541E+00  0.697667E+06  0.693988E+06  0.000000E+00  0.000000E+00  0.155885E+05 -0.169613E+01  0.496814E+00  0.693888E+06
  0.253890E+00  0.675825E+06  0.672393E+06  0.000000E+00  0.000000E+00  0.145039E+05 -0.187513E+01  0.496784E+00  0.672184E+06
  0.260240E+00  0.652764E+06  0.649450E+06  0.000000E+00  0.000000E+00  0.134663E+05 -0.183568E+01  0.496741E+00  0.649245E+06
  0.266589E+00  0.628599E+06  0.625303E+06  0.000000E+00  0.000000E+00  0.124750E+05 -0.158973E+01  0.496700E+00  0.625190E+06
  0.272938E+00  0.604450E+06  0.601127E+06  0.000000E+00  0.000000E+00  0.115485E+05 -0.121545E+01  0.496673E+00  0.601143E+06
  0.279288E+00  0.581602E+06  0.578265E+06  0.000000E+00  0.000000E+00  0.107056E+05 -0.820573E+00  0.496668E+00  0.578395E+06
  0.285637E+00  0.560881E+06  0.557584E+06  0.000000E+00  0.000000E+00  0.995375E+04 -0.503434E+00  0.496684E+00  0.557773E+06
  0.291986E+00  0.542617E+06  0.539424E+06  0.000000E+00  0.000000E+00  0.929065E+04 -0.326035E+00  0.496716E+00  0.539608E+06
  0.298336E+00  0.526609E+06  0.523572E+06  0.000000E+00  0.000000E+00  0.870502E+04 -0.302319E+00  0.496753E+00  0.523698E+06
  0.304685E+00  0.512166E+06  0.509303E+06  0.000000E+00  0.000000E+00  0.817897E+04 -0.400873E+00  0.496782E+00  0.509349E+06
  0.311034E+00  0.498463E+06  0.495760E+06  0.000000E+00  0.000000E+00  0.769462E+04 -0.559093E+00  0.496794E+00  0.495734E+06
  0.317383E+00  0.484874E+06  0.482294E+06  0.000000E+00  0.000000E+00  0.723935E+04 -0.705080E+00  0.496786E+00  0.482227E+06
  0.323733E+00  0.471090E+06  0.468587E+06  0.000000E+00  0.000000E+00  0.680654E+04 -0.781167E+00  0.496762E+00  0.468517E+06
  0.330082E+00  0.457139E+06  0.454678E+06  0.000000E+00  0.000000E+00  0.639521E+04 -0.761068E+00  0.496730E+00  0.454637E+06
  0.336431E+00  0.443321E+06  0.440882E+06  0.000000E+00  0.000000E+00  0.600803E+04 -0.654535E+00  0.496701E+00  0.440884E+06
  0.342781E+00  0.430036E+06  0.427621E+06  0.000000E+00  0.000000E+00  0.564867E+04 -0.498940E+00  0.496685E+00  0.427662E+06
  0.349130E+00  0.417626E+06  0.415251E+06  0.000000E+00  0.000000E+00  0.531954E+04 -0.342847E+00  0.496687E+00  0.415316E+06
  0.355479E+00  0.406244E+06  0.403930E+06  0.000000E+00  0.000000E+00  0.502028E+04 -0.228641E+00  0.496703E+00  0.403995E+06
  0.361829E+00  0.395802E+06  0.393565E+06  0.000000E+00  0.000000E+00  0.474764E+04 -0.179949E+00  0.496729E+00  0.393613E+06
  0.368178E+00  0.386073E+06  0.383921E+06  0.000000E+00  0.000000E+00  0.449703E+04 -0.196593E+00  0.496754E+00  0.383943E+06
  0.374527E+00  0.376800E+06  0.374729E+06  0.000000E+00  0.000000E+00  0.426392E+04 -0.257420E+00  0.496769E+00  0.374726E+06
  0.380877E+00  0.367747E+06  0.365744E+06  0.000000E+00  0.000000E+00  0.404454E+04 -0.329525E+00  0.496770E+00  0.365725E+06
  0.387226E+00  0.358773E+06  0.356824E+06  0.000000E+00  0.000000E+00  0.383651E+04 -0.380551E+00  0.496757E+00  0.356801E+06
  0.393575E+00  0.349877E+06  0.347967E+06  0.000000E+00  0.000000E+00  0.363913E+04 -0.389697E+00  0.496734E+00  0.347951E+06
  0.399924E+00  0.341142E+06  0.339263E+06  0.000000E+00  0.000000E+00  0.345261E+04 -0.353541E+00  0.496712E+00  0.339261E+06
  0.406274E+00  0.332685E+06  0.330835E+06  0.000000E+00  0.000000E+00  0.327745E+04 -0.285117E+00  0.496696E+00  0.330847E+06
  0.412623E+00  0.324615E+06  0.322799E+06  0.000000E+00  0.000000E+00  0.311402E+04 -0.207417E+00  0.496694E+00  0.322820E+06
  0.418972E+00  0.317000E+06  0.315223E+06  0.000000E+00  0.000000E+00  0.296222E+04 -0.144277E+00  0.496704E+00  0.315245E+06
  0.425322E+00  0.309823E+06  0.308091E+06  0.000000E+00  0.000000E+00  0.282116E+04 -0.112096E+00  0.496723E+00  0.308109E+06
  0.431671E+00  0.303012E+06  0.301327E+06  0.000000E+00  0.000000E+00  0.268952E+04 -0.115018E+00  0.496744E+00  0.301336E+06
  0.438020E+00  0.296475E+06  0.294837E+06  0.000000E+00  0.000000E+00  0.256594E+04 -0.144740E+00  0.496758E+00  0.294838E+06
  0.444370E+00  0.290131E+06  0.288535E+06  0.000000E+00  0.000000E+00  0.244924E+04 -0.184576E+00  0.496760E+00  0.288530E+06
  0.450719E+00  0.283920E+06  0.282361E+06  0.000000E+00  0.000000E+00  0.233854E+04 -0.216092E+00  0.496751E+00  0.282353E+06
  0.457068E+00  0.277827E+06  0.276300E+06  0.000000E+00  0.000000E+00  0.223340E+04 -0.225781E+00  0.496733E+00  0.276293E+06
  0.463418E+00  0.271874E+06  0.270374E+06  0.000000E+00  0.000000E+00  0.213367E+04 -0.209395E+00  0.496714E+00  0.270372E+06
  0.469767E+00  0.266091E+06  0.264618E+06  0.000000E+00  0.000000E+00  0.203931E+04 -0.172562E+00  0.496700E+00  0.264620E+06
  0.476116E+00  0.260509E+06  0.259062E+06  0.000000E+00  0.000000E+00  0.195025E+04 -0.127844E+00  0.496696E+00  0.259068E+06
  0.482465E+00  0.255151E+06  0.253732E+06  0.000000E+00  0.000000E+00  0.186637E+04 -0.896304E-01  0.496705E+00  0.253739E+06
  0.488815E+00  0.250019E+06  0.248629E+06  0.000000E+00  0.000000E+00  0.178740E+04 -0.688536E-01  0.496721E+00  0.248635E+06
  0.495164E+00  0.245090E+06  0.243730E+06  0.000000E+00  0.000000E+00  0.171293E+04 -0.694100E-01  0.496739E+00  0.243733E+06
  0.501513E+00  0.240331E+06  0.239001E+06  0.000000E+00  0.000000E+00  0.164246E+04 -0.873579E-01  0.496752E+00  0.239001E+06
  0.507863E+00  0.235712E+06  0.234410E+06  0.000000E+00  0.000000E+00  0.157561E+04 -0.112949E+00  0.496755E+00  0.234408E+06
  0.514212E+00  0.231212E+06  0.229936E+06  0.000000E+00  0.000000E+00  0.151205E+04 -0.134565E+00  0.496748E+00  0.229933E+06
  0.520561E+00  0.226818E+06  0.225566E+06  0.000000E+00  0.000000E+00  0.145152E+04 -0.143025E+00  0.496732E+00  0.225563E+06
  0.526911E+00  0.222528E+06  0.221299E+06  0.000000E+00  0.000000E+00  0.139386E+04 -0.134692E+00  0.496714E+00  0.221297E+06
  0.533260E+00  0.218354E+06  0.217146E+06  0.000000E+00  0.000000E+00  0.133901E+04 -0.112342E+00  0.496701E+00  0.217145E+06
  0.539609E+00  0.214304E+06  0.213117E+06  0.000000E+00  0.000000E+00  0.128688E+04 -0.836705E-01  0.496697E+00  0.213117E+06
  0.545959E+00  0.210380E+06  0.209214E+06  0.000000E+00  0.000000E+00  0.123735E+04 -0.581391E-01  0.496704E+00  0.209215E+06
  0.552308E+00  0.206582E+06  0.205438E+06  0.000000E+00  0.000000E+00  0.119029E+04 -0.434511E-01  0.496718E+00  0.205438E+06
  0.558657E+00  0.202908E+06  0.201784E+06  0.000000E+00  0.000000E+00  0.114558E+04 -0.429112E-01  0.496735E+00  0.201784E+06
  0.565006E+00  0.199346E+06  0.198243E+06  0.000000E+00  0.000000E+00  0.110302E+04 -0.545546E-01  0.496748E+00  0.198242E+06
  0.571356E+00  0.195880E+06  0.194798E+06  0.000000E+00  0.000000E+00  0.106245E+04 -0.722252E-01  0.496752E+00  0.194795E+06
  0.577705E+00  0.192503E+06  0.191440E+06  0.000000E+00  0.000000E+00  0.102372E+04 -0.880830E-01  0.496746E+00  0.191437E+06
  0.584054E+00  0.189211E+06  0.188166E+06  0.000000E+00  0.000000E+00  0.986723E+03 -0.955429E-01  0.496732E+00  0.188163E+06
  0.590404E+00  0.185998E+06  0.184971E+06  0.000000E+00  0.000000E+00  0.951367E+03 -0.915552E-01  0.496716E+00  0.184968E+06
  0.596753E+00  0.182864E+06  0.181853E+06  0.000000E+00  0.000000E+00  0.917566E+03 -0.774581E-01  0.496703E+00  0.181851E+06
  0.603102E+00  0.179812E+06  0.178817E+06  0.000000E+00  0.000000E+00  0.885269E+03 -0.581888E-01  0.496698E+00  0.178815E+06
  0.609452E+00  0.176843E+06  0.175864E+06  0.000000E+00  0.000000E+00  0.854419E+03 -0.402477E-01  0.496703E+00  0.175862E+06
  0.615801E+00  0.173954E+06  0.172991E+06  0.000000E+00  0.000000E+00  0.824936E+03 -0.292441E-01  0.496716E+00  0.172990E+06
  0.662419E+00  0.154879E+06  0.154023E+06  0.000000E+00  0.000000E+00  0.643747E+03 -0.484922E-01  0.496746E+00  0.154020E+06
  0.712567E+00  0.137792E+06  0.137031E+06  0.000000E+00  0.000000E+00  0.501493E+03 -0.472108E-01  0.496723E+00  0.137028E+06
  0.766511E+00  0.122511E+06  0.121833E+06  0.000000E+00  0.000000E+00  0.390061E+03 -0.331414E-01  0.496738E+00  0.121831E+06
  0.824539E+00  0.108857E+06  0.108255E+06  0.000000E+00  0.000000E+00  0.302933E+03 -0.213799E-01  0.496701E+00  0.108252E+06
  0.886959E+00  0.966661E+05  0.961318E+05  0.000000E+00  0.000000E+00  0.234928E+03 -0.193593E-01  0.496740E+00  0.961294E+05
  0.954106E+00  0.857929E+05  0.853187E+05  0.000000E+00  0.000000E+00  0.181942E+03 -0.453459E-02  0.496730E+00  0.853164E+05
  0.102633E+01  0.761000E+05  0.756793E+05  0.000000E+00  0.000000E+00  0.140720E+03 -0.126475E-01  0.496705E+00  0.756772E+05
