  0.104512E-04  0.199360E+08  0.199360E+08  0.265675E+08  0.265671E+08  0.199385E+08  0.198664E+08  0.525992E+00  0.199360E+08
  0.115511E-04  0.199360E+08  0.199360E+08  0.265644E+08  0.265640E+08  0.199385E+08  0.198664E+08  0.525992E+00  0.199360E+08
  0.127667E-04  0.199360E+08  0.199360E+08  0.265607E+08  0.265601E+08  0.199384E+08  0.198664E+08  0.525991E+00  0.199360E+08
  0.141103E-04  0.199360E+08  0.199360E+08  0.265561E+08  0.265554E+08  0.199384E+08  0.198664E+08  0.525991E+00  0.199360E+08
  0.155952E-04  0.199360E+08  0.199360E+08  0.265505E+08  0.265496E+08  0.199384E+08  0.198664E+08  0.525991E+00  0.199360E+08
  0.172365E-04  0.199360E+08  0.199360E+08  0.265436E+08  0.265426E+08  0.199383E+08  0.198664E+08  0.525991E+00  0.199360E+08
  0.190504E-04  0.199359E+08  0.199359E+08  0.265353E+08  0.265340E+08  0.199383E+08  0.198664E+08  0.525991E+00  0.199360E+08
  0.210553E-04  0.199359E+08  0.199359E+08  0.265251E+08  0.265236E+08  0.199383E+08  0.198664E+08  0.525991E+00  0.199359E+08
  0.232712E-04  0.199359E+08  0.199359E+08  0.265126E+08  0.265108E+08  0.199382E+08  0.198663E+08  0.525991E+00  0.199359E+08
  0.257202E-04  0.199359E+08  0.199359E+08  0.264974E+08  0.264951E+08  0.199381E+08  0.198663E+08  0.525991E+00  0.199359E+08
  0.284270E-04  0.199358E+08  0.199358E+08  0.264788E+08  0.264761E+08  0.199380E+08  0.198663E+08  0.525991E+00  0.199358E+08
  0.314187E-04  0.199358E+08  0.199358E+08  0.264562E+08  0.264528E+08  0.199379E+08  0.198662E+08  0.525991E+00  0.199358E+08
  0.347252E-04  0.199357E+08  0.199357E+08  0.264285E+08  0.264244E+08  0.199378E+08  0.198662E+08  0.525990E+00  0.199357E+08
  0.383797E-04  0.199357E+08  0.199357E+08  0.263947E+08  0.263897E+08  0.199376E+08  0.198661E+08  0.525990E+00  0.199357E+08
  0.424188E-04  0.199356E+08  0.199356E+08  0.263535E+08  0.263474E+08  0.199374E+08  0.198660E+08  0.525990E+00  0.199356E+08
  0.468830E-04  0.199355E+08  0.199355E+08  0.263033E+08  0.262959E+08  0.199371E+08  0.198659E+08  0.525989E+00  0.199355E+08
  0.518169E-04  0.199354E+08  0.199354E+08  0.262421E+08  0.262330E+08  0.199368E+08  0.198658E+08  0.525989E+00  0.199354E+08
  0.572701E-04  0.199352E+08  0.199352E+08  0.261674E+08  0.261563E+08  0.199364E+08  0.198657E+08  0.525988E+00  0.199352E+08
  0.632973E-04  0.199350E+08  0.199350E+08  0.260765E+08  0.260630E+08  0.199360E+08  0.198655E+08  0.525987E+00  0.199350E+08
  0.699587E-04  0.199348E+08  0.199348E+08  0.259659E+08  0.259494E+08  0.199354E+08  0.198653E+08  0.525986E+00  0.199348E+08
  0.773211E-04  0.199346E+08  0.199345E+08  0.258313E+08  0.258113E+08  0.199347E+08  0.198650E+08  0.525985E+00  0.199346E+08
  0.854584E-04  0.199342E+08  0.199342E+08  0.256678E+08  0.256435E+08  0.199338E+08  0.198647E+08  0.525983E+00  0.199342E+08
  0.944521E-04  0.199338E+08  0.199338E+08  0.254693E+08  0.254398E+08  0.199328E+08  0.198643E+08  0.525981E+00  0.199338E+08
  0.104392E-03  0.199334E+08  0.199333E+08  0.252288E+08  0.251930E+08  0.199315E+08  0.198638E+08  0.525979E+00  0.199334E+08
  0.115378E-03  0.199328E+08  0.199327E+08  0.249378E+08  0.248945E+08  0.199300E+08  0.198632E+08  0.525976E+00  0.199328E+08
  0.127521E-03  0.199321E+08  0.199320E+08  0.245866E+08  0.245343E+08  0.199281E+08  0.198625E+08  0.525973E+00  0.199320E+08
  0.140941E-03  0.199312E+08  0.199311E+08  0.241638E+08  0.241007E+08  0.199257E+08  0.198616E+08  0.525969E+00  0.199312E+08
  0.155774E-03  0.199301E+08  0.199300E+08  0.236564E+08  0.235806E+08  0.199229E+08  0.198605E+08  0.525964E+00  0.199301E+08
  0.172168E-03  0.199288E+08  0.199287E+08  0.230499E+08  0.229592E+08  0.199195E+08  0.198592E+08  0.525958E+00  0.199288E+08
  0.190286E-03  0.199273E+08  0.199271E+08  0.223286E+08  0.222205E+08  0.199153E+08  0.198576E+08  0.525951E+00  0.199272E+08
  0.210312E-03  0.199253E+08  0.199251E+08  0.214759E+08  0.213477E+08  0.199102E+08  0.198557E+08  0.525943E+00  0.199252E+08
  0.232446E-03  0.199230E+08  0.199227E+08  0.204753E+08  0.203244E+08  0.199039E+08  0.198534E+08  0.525933E+00  0.199229E+08
  0.256908E-03  0.199202E+08  0.199198E+08  0.193119E+08  0.191358E+08  0.198963E+08  0.198505E+08  0.525921E+00  0.199200E+08
  0.283945E-03  0.199167E+08  0.199163E+08  0.179745E+08  0.177711E+08  0.198871E+08  0.198470E+08  0.525907E+00  0.199165E+08
  0.313828E-03  0.199125E+08  0.199120E+08  0.164586E+08  0.162265E+08  0.198758E+08  0.198429E+08  0.525891E+00  0.199123E+08
  0.346855E-03  0.199075E+08  0.199069E+08  0.147703E+08  0.145097E+08  0.198622E+08  0.198378E+08  0.525873E+00  0.199072E+08
  0.383358E-03  0.199014E+08  0.199007E+08  0.129308E+08  0.126440E+08  0.198456E+08  0.198316E+08  0.525852E+00  0.199010E+08
  0.423703E-03  0.198940E+08  0.198932E+08  0.109813E+08  0.106735E+08  0.198255E+08  0.198242E+08  0.525828E+00  0.198936E+08
  0.468293E-03  0.198852E+08  0.198842E+08  0.898674E+07  0.866636E+07  0.198012E+08  0.198154E+08  0.525802E+00  0.198846E+08
  0.517576E-03  0.198746E+08  0.198734E+08  0.703601E+07  0.671552E+07  0.197718E+08  0.198047E+08  0.525775E+00  0.198739E+08
  0.572046E-03  0.198619E+08  0.198605E+08  0.523686E+07  0.493210E+07  0.197363E+08  0.197920E+08  0.525746E+00  0.198611E+08
  0.632248E-03  0.198469E+08  0.198453E+08  0.370132E+07  0.343000E+07  0.196937E+08  0.197768E+08  0.525717E+00  0.198459E+08
  0.698786E-03  0.198290E+08  0.198271E+08  0.252089E+07  0.229949E+07  0.196426E+08  0.197588E+08  0.525688E+00  0.198278E+08
  0.772326E-03  0.198079E+08  0.198057E+08  0.173435E+07  0.157372E+07  0.195814E+08  0.197376E+08  0.525662E+00  0.198065E+08
  0.853606E-03  0.197830E+08  0.197806E+08  0.129996E+07  0.120065E+07  0.195085E+08  0.197125E+08  0.525638E+00  0.197813E+08
  0.943440E-03  0.197538E+08  0.197512E+08  0.109251E+07  0.104228E+07  0.194219E+08  0.196831E+08  0.525616E+00  0.197518E+08
  0.104273E-02  0.197197E+08  0.197168E+08  0.946265E+06  0.922538E+06  0.193194E+08  0.196487E+08  0.525597E+00  0.197173E+08
  0.115246E-02  0.196799E+08  0.196768E+08  0.741982E+06  0.720458E+06  0.191988E+08  0.196085E+08  0.525579E+00  0.196772E+08
  0.127375E-02  0.196337E+08  0.196304E+08  0.485870E+06  0.451763E+06  0.190574E+08  0.195618E+08  0.525562E+00  0.196304E+08
  0.140780E-02  0.195800E+08  0.195766E+08  0.290210E+06  0.243797E+06  0.188936E+08  0.195075E+08  0.525544E+00  0.195763E+08
  0.155596E-02  0.195180E+08  0.195145E+08  0.227146E+06  0.177744E+06  0.187051E+08  0.194446E+08  0.525526E+00  0.195136E+08
  0.171971E-02  0.194464E+08  0.194429E+08  0.212118E+06  0.000000E+00  0.184900E+08  0.193720E+08  0.525508E+00  0.194414E+08
  0.190069E-02  0.193641E+08  0.193606E+08  0.132450E+06  0.000000E+00  0.182469E+08  0.192881E+08  0.525489E+00  0.193583E+08
  0.210072E-02  0.192696E+08  0.192660E+08  0.545113E+05  0.000000E+00  0.179747E+08  0.191916E+08  0.525468E+00  0.192630E+08
  0.232180E-02  0.191614E+08  0.191578E+08  0.600943E+05  0.000000E+00  0.176728E+08  0.190806E+08  0.525446E+00  0.191539E+08
  0.256614E-02  0.190378E+08  0.190342E+08  0.430553E+05  0.000000E+00  0.173408E+08  0.189533E+08  0.525424E+00  0.190294E+08
  0.283620E-02  0.188972E+08  0.188933E+08  0.159388E+05  0.000000E+00  0.169787E+08  0.188074E+08  0.525400E+00  0.188877E+08
  0.313468E-02  0.187374E+08  0.187334E+08  0.208083E+05  0.000000E+00  0.165855E+08  0.186403E+08  0.525374E+00  0.187268E+08
  0.346458E-02  0.185564E+08  0.185521E+08  0.529193E+03  0.000000E+00  0.161600E+08  0.184490E+08  0.525347E+00  0.185446E+08
  0.382919E-02  0.183517E+08  0.183471E+08  0.156614E+04  0.000000E+00  0.157004E+08  0.182299E+08  0.525318E+00  0.183387E+08
  0.423218E-02  0.181204E+08  0.181155E+08 -0.254563E+04  0.000000E+00  0.152047E+08  0.179785E+08  0.525287E+00  0.181061E+08
  0.467757E-02  0.178594E+08  0.178541E+08 -0.318620E+04  0.000000E+00  0.146714E+08  0.176892E+08  0.525252E+00  0.178438E+08
  0.516984E-02  0.175650E+08  0.175592E+08  0.608771E+03  0.000000E+00  0.140986E+08  0.173552E+08  0.525212E+00  0.175480E+08
  0.571391E-02  0.172334E+08  0.172269E+08 -0.203189E+03  0.000000E+00  0.134640E+08  0.169688E+08  0.525163E+00  0.172149E+08
  0.631525E-02  0.168587E+08  0.168516E+08 -0.109309E+04  0.000000E+00  0.127963E+08  0.165190E+08  0.525107E+00  0.168387E+08
  0.697987E-02  0.164365E+08  0.164285E+08 -0.208915E+04  0.000000E+00  0.120821E+08  0.159953E+08  0.525037E+00  0.164151E+08
  0.771443E-02  0.159622E+08  0.159531E+08 -0.203666E+04  0.000000E+00  0.113289E+08  0.153867E+08  0.524950E+00  0.159392E+08
  0.852629E-02  0.154323E+08  0.154220E+08 -0.102166E+04  0.000000E+00  0.105474E+08  0.146844E+08  0.524841E+00  0.154080E+08
  0.942360E-02  0.148468E+08  0.148350E+08 -0.281205E+04  0.000000E+00  0.974102E+07  0.138853E+08  0.524699E+00  0.148212E+08
  0.104153E-01  0.142103E+08  0.141968E+08 -0.140897E+04  0.000000E+00  0.891518E+07  0.129952E+08  0.524513E+00  0.141835E+08
  0.115115E-01  0.135329E+08  0.135173E+08 -0.157927E+04  0.000000E+00  0.808630E+07  0.120289E+08  0.524266E+00  0.135051E+08
  0.127229E-01  0.128287E+08  0.128107E+08 -0.140501E+04  0.000000E+00  0.727280E+07  0.110062E+08  0.523938E+00  0.128000E+08
  0.140619E-01  0.121107E+08  0.120899E+08 -0.116811E+04  0.000000E+00  0.648806E+07  0.994162E+07  0.523502E+00  0.120812E+08
  0.155418E-01  0.113855E+08  0.113617E+08 -0.664165E+03  0.000000E+00  0.573647E+07  0.884273E+07  0.522929E+00  0.113554E+08
  0.171774E-01  0.106541E+08  0.106269E+08 -0.688603E+03  0.000000E+00  0.502629E+07  0.772423E+07  0.522191E+00  0.106235E+08
  0.189851E-01  0.993401E+07  0.990302E+07 -0.504808E+03  0.000000E+00  0.436734E+07  0.662804E+07  0.521254E+00  0.990300E+07
  0.209831E-01  0.920305E+07  0.916814E+07 -0.288782E+03  0.000000E+00  0.375298E+07  0.555919E+07  0.520088E+00  0.917191E+07
  0.231914E-01  0.846867E+07  0.842982E+07 -0.261505E+03  0.000000E+00  0.318794E+07  0.454282E+07  0.518688E+00  0.843763E+07
  0.256320E-01  0.775164E+07  0.770909E+07 -0.195985E+03  0.000000E+00  0.268147E+07  0.362094E+07  0.517045E+00  0.772094E+07
  0.283296E-01  0.705687E+07  0.701120E+07 -0.109637E+03  0.000000E+00  0.223291E+07  0.280737E+07  0.515197E+00  0.702678E+07
  0.313110E-01  0.638396E+07  0.633617E+07 -0.172260E+03  0.000000E+00  0.183950E+07  0.211434E+07  0.513183E+00  0.635480E+07
  0.346061E-01  0.574660E+07  0.569818E+07 -0.107906E+03  0.000000E+00  0.150136E+07  0.154833E+07  0.511076E+00  0.571872E+07
  0.382481E-01  0.516343E+07  0.511630E+07 -0.657717E+02  0.000000E+00  0.121805E+07  0.110581E+07  0.508963E+00  0.513715E+07
  0.422733E-01  0.464525E+07  0.460162E+07 -0.473057E+02  0.000000E+00  0.985416E+06  0.773290E+06  0.506927E+00  0.462088E+07
  0.465007E-01  0.421847E+07  0.418018E+07  0.000000E+00  0.000000E+00  0.805851E+06  0.541650E+06  0.505119E+00  0.419616E+07
  0.507280E-01  0.389071E+07  0.385862E+07  0.000000E+00  0.000000E+00  0.673376E+06  0.387884E+06  0.503632E+00  0.387036E+07
  0.549553E-01  0.363001E+07  0.360409E+07  0.000000E+00  0.000000E+00  0.572254E+06  0.283441E+06  0.502411E+00  0.361145E+07
  0.591827E-01  0.341242E+07  0.339188E+07  0.000000E+00  0.000000E+00  0.492335E+06  0.210428E+06  0.501422E+00  0.339542E+07
  0.634100E-01  0.321950E+07  0.320307E+07  0.000000E+00  0.000000E+00  0.426927E+06  0.158192E+06  0.500611E+00  0.320380E+07
  0.676373E-01  0.303678E+07  0.302292E+07  0.000000E+00  0.000000E+00  0.371522E+06  0.119986E+06  0.499953E+00  0.302210E+07
  0.718647E-01  0.285544E+07  0.284269E+07  0.000000E+00  0.000000E+00  0.323394E+06  0.914714E+05  0.499418E+00  0.284156E+07
  0.760920E-01  0.267681E+07  0.266395E+07  0.000000E+00  0.000000E+00  0.316226E+06  0.700783E+05  0.498995E+00  0.266371E+07
  0.803193E-01  0.249690E+07  0.248315E+07  0.000000E+00  0.000000E+00  0.276020E+06  0.538353E+05  0.498633E+00  0.248429E+07
  0.845467E-01  0.232340E+07  0.230841E+07  0.000000E+00  0.000000E+00  0.240917E+06  0.415646E+05  0.498333E+00  0.231122E+07
  0.887740E-01  0.216114E+07  0.214503E+07  0.000000E+00  0.000000E+00  0.210672E+06  0.323065E+05  0.498084E+00  0.214938E+07
  0.951069E-01  0.194816E+07  0.193128E+07  0.000000E+00  0.000000E+00  0.173810E+06  0.225338E+05  0.497787E+00  0.193708E+07
  0.101440E+00  0.178050E+07  0.176434E+07  0.000000E+00  0.000000E+00  0.146018E+06  0.161573E+05  0.497555E+00  0.177019E+07
  0.107773E+00  0.165876E+07  0.164463E+07  0.000000E+00  0.000000E+00  0.125541E+06  0.119453E+05  0.497375E+00  0.164926E+07
  0.114106E+00  0.156971E+07  0.155824E+07  0.000000E+00  0.000000E+00  0.110030E+06  0.908512E+04  0.497241E+00  0.156101E+07
  0.120439E+00  0.149522E+07  0.148621E+07  0.000000E+00  0.000000E+00  0.973779E+05  0.702302E+04  0.497126E+00  0.148723E+07
  0.126771E+00  0.142216E+07  0.141480E+07  0.000000E+00  0.000000E+00  0.862957E+05  0.547985E+04  0.497041E+00  0.141473E+07
  0.133104E+00  0.134350E+07  0.133676E+07  0.000000E+00  0.000000E+00  0.761501E+05  0.427500E+04  0.496972E+00  0.133650E+07
  0.139437E+00  0.125773E+07  0.125077E+07  0.000000E+00  0.000000E+00  0.667465E+05  0.333412E+04  0.496911E+00  0.125104E+07
  0.145770E+00  0.116965E+07  0.116203E+07  0.000000E+00  0.000000E+00  0.582452E+05  0.260434E+04  0.496863E+00  0.116321E+07
  0.152103E+00  0.108746E+07  0.107927E+07  0.000000E+00  0.000000E+00  0.509214E+05  0.204761E+04  0.496823E+00  0.108127E+07
  0.158436E+00  0.101738E+07  0.100904E+07  0.000000E+00  0.000000E+00  0.448889E+05  0.162974E+04  0.496792E+00  0.101147E+07
  0.164769E+00  0.961480E+06  0.953521E+06  0.000000E+00  0.000000E+00  0.400504E+05  0.131807E+04  0.496767E+00  0.955863E+06
  0.171102E+00  0.918436E+06  0.911290E+06  0.000000E+00  0.000000E+00  0.361846E+05  0.108518E+04  0.496748E+00  0.913139E+06
  0.177435E+00  0.884371E+06  0.878212E+06  0.000000E+00  0.000000E+00  0.330101E+05  0.906626E+03  0.496726E+00  0.879386E+06
  0.183768E+00  0.853905E+06  0.848630E+06  0.000000E+00  0.000000E+00  0.302427E+05  0.759860E+03  0.496706E+00  0.849199E+06
  0.190100E+00  0.822342E+06  0.817650E+06  0.000000E+00  0.000000E+00  0.276736E+05  0.639741E+03  0.496699E+00  0.817870E+06
  0.196433E+00  0.787512E+06  0.783045E+06  0.000000E+00  0.000000E+00  0.252134E+05  0.538117E+03  0.496680E+00  0.783228E+06
  0.202766E+00  0.749929E+06  0.745401E+06  0.000000E+00  0.000000E+00  0.228709E+05  0.451323E+03  0.496676E+00  0.745797E+06
  0.209099E+00  0.711840E+06  0.707120E+06  0.000000E+00  0.000000E+00  0.207036E+05  0.378189E+03  0.496662E+00  0.707840E+06
  0.215432E+00  0.675977E+06  0.671102E+06  0.000000E+00  0.000000E+00  0.187717E+05  0.320125E+03  0.496655E+00  0.672108E+06
  0.221765E+00  0.644450E+06  0.639571E+06  0.000000E+00  0.000000E+00  0.171065E+05  0.271325E+03  0.496653E+00  0.640718E+06
  0.228098E+00  0.618117E+06  0.613422E+06  0.000000E+00  0.000000E+00  0.157008E+05  0.231762E+03  0.496645E+00  0.614532E+06
  0.234431E+00  0.596487E+06  0.592125E+06  0.000000E+00  0.000000E+00  0.145140E+05  0.200356E+03  0.496637E+00  0.593054E+06
  0.240764E+00  0.578004E+06  0.574033E+06  0.000000E+00  0.000000E+00  0.134858E+05  0.174659E+03  0.496630E+00  0.574717E+06
  0.247097E+00  0.560757E+06  0.557142E+06  0.000000E+00  0.000000E+00  0.125567E+05  0.152786E+03  0.496626E+00  0.557607E+06
  0.253430E+00  0.543304E+06  0.539940E+06  0.000000E+00  0.000000E+00  0.116859E+05  0.133675E+03  0.496622E+00  0.540274E+06
  0.259762E+00  0.524962E+06  0.521724E+06  0.000000E+00  0.000000E+00  0.108544E+05  0.116842E+03  0.496620E+00  0.522034E+06
  0.266095E+00  0.505760E+06  0.502547E+06  0.000000E+00  0.000000E+00  0.100604E+05  0.102216E+03  0.496620E+00  0.502921E+06
  0.272428E+00  0.486407E+06  0.483170E+06  0.000000E+00  0.000000E+00  0.931499E+04  0.898566E+02  0.496619E+00  0.483650E+06
  0.278761E+00  0.467958E+06  0.464703E+06  0.000000E+00  0.000000E+00  0.863418E+04  0.791767E+02  0.496613E+00  0.465280E+06
  0.285094E+00  0.451204E+06  0.447981E+06  0.000000E+00  0.000000E+00  0.802661E+04  0.692944E+02  0.496607E+00  0.448606E+06
  0.291427E+00  0.436418E+06  0.433290E+06  0.000000E+00  0.000000E+00  0.749056E+04  0.612472E+02  0.496612E+00  0.433902E+06
  0.297760E+00  0.423448E+06  0.420467E+06  0.000000E+00  0.000000E+00  0.701707E+04  0.550305E+02  0.496606E+00  0.421015E+06
  0.304093E+00  0.411800E+06  0.408988E+06  0.000000E+00  0.000000E+00  0.659273E+04  0.485979E+02  0.496604E+00  0.409447E+06
  0.310426E+00  0.400815E+06  0.398162E+06  0.000000E+00  0.000000E+00  0.620310E+04  0.440797E+02  0.496605E+00  0.398538E+06
  0.316759E+00  0.389959E+06  0.387430E+06  0.000000E+00  0.000000E+00  0.583735E+04  0.390342E+02  0.496601E+00  0.387752E+06
  0.323091E+00  0.378964E+06  0.376516E+06  0.000000E+00  0.000000E+00  0.548986E+04  0.355168E+02  0.496599E+00  0.376820E+06
  0.329424E+00  0.367819E+06  0.365415E+06  0.000000E+00  0.000000E+00  0.515934E+04  0.315366E+02  0.496603E+00  0.365733E+06
  0.335757E+00  0.356741E+06  0.354360E+06  0.000000E+00  0.000000E+00  0.484766E+04  0.283428E+02  0.496594E+00  0.354708E+06
  0.342090E+00  0.346057E+06  0.343698E+06  0.000000E+00  0.000000E+00  0.455790E+04  0.258046E+02  0.496596E+00  0.344077E+06
  0.348423E+00  0.336038E+06  0.333715E+06  0.000000E+00  0.000000E+00  0.429201E+04  0.231129E+02  0.496600E+00  0.334109E+06
  0.354756E+00  0.326817E+06  0.324550E+06  0.000000E+00  0.000000E+00  0.404989E+04  0.207010E+02  0.496597E+00  0.324938E+06
  0.361089E+00  0.318374E+06  0.316181E+06  0.000000E+00  0.000000E+00  0.382955E+04  0.187998E+02  0.496592E+00  0.316546E+06
  0.367422E+00  0.310546E+06  0.308435E+06  0.000000E+00  0.000000E+00  0.362745E+04  0.172146E+02  0.496589E+00  0.308767E+06
  0.373755E+00  0.303098E+06  0.301067E+06  0.000000E+00  0.000000E+00  0.343966E+04  0.157741E+02  0.496589E+00  0.301367E+06
  0.380088E+00  0.295838E+06  0.293876E+06  0.000000E+00  0.000000E+00  0.326303E+04  0.144311E+02  0.496589E+00  0.294151E+06
  0.386421E+00  0.288659E+06  0.286751E+06  0.000000E+00  0.000000E+00  0.309571E+04  0.131858E+02  0.496589E+00  0.287014E+06
  0.392753E+00  0.281540E+06  0.279672E+06  0.000000E+00  0.000000E+00  0.293690E+04  0.120346E+02  0.496588E+00  0.279934E+06
  0.399086E+00  0.274530E+06  0.272693E+06  0.000000E+00  0.000000E+00  0.278664E+04  0.109618E+02  0.496586E+00  0.272961E+06
  0.405419E+00  0.267727E+06  0.265919E+06  0.000000E+00  0.000000E+00  0.264535E+04  0.995585E+01  0.496585E+00  0.266194E+06
  0.411752E+00  0.261226E+06  0.259448E+06  0.000000E+00  0.000000E+00  0.251343E+04  0.904376E+01  0.496587E+00  0.259727E+06
  0.418085E+00  0.255079E+06  0.253339E+06  0.000000E+00  0.000000E+00  0.239078E+04  0.830384E+01  0.496591E+00  0.253615E+06
  0.424418E+00  0.249286E+06  0.247589E+06  0.000000E+00  0.000000E+00  0.227682E+04  0.775983E+01  0.496593E+00  0.247855E+06
  0.430751E+00  0.243796E+06  0.242145E+06  0.000000E+00  0.000000E+00  0.217055E+04  0.722188E+01  0.496587E+00  0.242398E+06
  0.437084E+00  0.238542E+06  0.236936E+06  0.000000E+00  0.000000E+00  0.207090E+04  0.652676E+01  0.496583E+00  0.237175E+06
  0.443417E+00  0.233451E+06  0.231888E+06  0.000000E+00  0.000000E+00  0.197688E+04  0.599099E+01  0.496590E+00  0.232115E+06
  0.449750E+00  0.228470E+06  0.226943E+06  0.000000E+00  0.000000E+00  0.188772E+04  0.569319E+01  0.496588E+00  0.227162E+06
  0.456082E+00  0.223580E+06  0.222085E+06  0.000000E+00  0.000000E+00  0.180300E+04  0.513426E+01  0.496582E+00  0.222300E+06
  0.462415E+00  0.218799E+06  0.217331E+06  0.000000E+00  0.000000E+00  0.172259E+04  0.479066E+01  0.496591E+00  0.217545E+06
  0.468748E+00  0.214151E+06  0.212709E+06  0.000000E+00  0.000000E+00  0.164650E+04  0.447542E+01  0.496581E+00  0.212923E+06
  0.475081E+00  0.209658E+06  0.208242E+06  0.000000E+00  0.000000E+00  0.157462E+04  0.407200E+01  0.496590E+00  0.208455E+06
  0.481414E+00  0.205339E+06  0.203950E+06  0.000000E+00  0.000000E+00  0.150688E+04  0.386555E+01  0.496581E+00  0.204160E+06
  0.487747E+00  0.201203E+06  0.199842E+06  0.000000E+00  0.000000E+00  0.144311E+04  0.352313E+01  0.496590E+00  0.200047E+06
  0.494080E+00  0.197234E+06  0.195902E+06  0.000000E+00  0.000000E+00  0.138299E+04  0.330513E+01  0.496579E+00  0.196102E+06
  0.500413E+00  0.193405E+06  0.192102E+06  0.000000E+00  0.000000E+00  0.132613E+04  0.311344E+01  0.496589E+00  0.192295E+06
  0.506746E+00  0.189691E+06  0.188416E+06  0.000000E+00  0.000000E+00  0.127221E+04  0.280439E+01  0.496583E+00  0.188603E+06
  0.513079E+00  0.186077E+06  0.184828E+06  0.000000E+00  0.000000E+00  0.122095E+04  0.272207E+01  0.496580E+00  0.185010E+06
  0.519412E+00  0.182549E+06  0.181323E+06  0.000000E+00  0.000000E+00  0.117215E+04  0.251277E+01  0.496589E+00  0.181502E+06
  0.525744E+00  0.179101E+06  0.177898E+06  0.000000E+00  0.000000E+00  0.112564E+04  0.227341E+01  0.496583E+00  0.178073E+06
  0.532077E+00  0.175743E+06  0.174561E+06  0.000000E+00  0.000000E+00  0.108138E+04  0.218320E+01  0.496578E+00  0.174734E+06
  0.538410E+00  0.172485E+06  0.171323E+06  0.000000E+00  0.000000E+00  0.103930E+04  0.209228E+01  0.496583E+00  0.171494E+06
  0.544743E+00  0.169327E+06  0.168185E+06  0.000000E+00  0.000000E+00  0.999322E+03  0.192225E+01  0.496588E+00  0.168354E+06
  0.551076E+00  0.166269E+06  0.165148E+06  0.000000E+00  0.000000E+00  0.961326E+03  0.174918E+01  0.496586E+00  0.165314E+06
  0.557409E+00  0.163310E+06  0.162209E+06  0.000000E+00  0.000000E+00  0.925215E+03  0.162880E+01  0.496581E+00  0.162372E+06
  0.563742E+00  0.160443E+06  0.159363E+06  0.000000E+00  0.000000E+00  0.890865E+03  0.154962E+01  0.496578E+00  0.159522E+06
  0.570075E+00  0.157657E+06  0.156596E+06  0.000000E+00  0.000000E+00  0.858124E+03  0.148243E+01  0.496577E+00  0.156752E+06
  0.576408E+00  0.154942E+06  0.153900E+06  0.000000E+00  0.000000E+00  0.826869E+03  0.141223E+01  0.496577E+00  0.154052E+06
  0.582741E+00  0.152294E+06  0.151270E+06  0.000000E+00  0.000000E+00  0.797012E+03  0.133786E+01  0.496579E+00  0.151419E+06
  0.589073E+00  0.149712E+06  0.148705E+06  0.000000E+00  0.000000E+00  0.768486E+03  0.126279E+01  0.496579E+00  0.148852E+06
  0.595406E+00  0.147192E+06  0.146201E+06  0.000000E+00  0.000000E+00  0.741206E+03  0.118953E+01  0.496579E+00  0.146346E+06
  0.601739E+00  0.144735E+06  0.143760E+06  0.000000E+00  0.000000E+00  0.715128E+03  0.111816E+01  0.496578E+00  0.143903E+06
  0.608072E+00  0.142345E+06  0.141386E+06  0.000000E+00  0.000000E+00  0.690214E+03  0.104666E+01  0.496577E+00  0.141527E+06
  0.614405E+00  0.140021E+06  0.139078E+06  0.000000E+00  0.000000E+00  0.666413E+03  0.972692E+00  0.496576E+00  0.139216E+06
  0.620738E+00  0.137758E+06  0.136830E+06  0.000000E+00  0.000000E+00  0.643651E+03  0.897248E+00  0.496576E+00  0.136966E+06
  0.627071E+00  0.135555E+06  0.134642E+06  0.000000E+00  0.000000E+00  0.621876E+03  0.829024E+00  0.496579E+00  0.134776E+06
  0.674542E+00  0.120664E+06  0.119851E+06  0.000000E+00  0.000000E+00  0.485071E+03  0.540788E+00  0.496581E+00  0.119970E+06
  0.725608E+00  0.107338E+06  0.106616E+06  0.000000E+00  0.000000E+00  0.377752E+03  0.394325E+00  0.496578E+00  0.106720E+06
  0.780539E+00  0.954203E+05  0.947784E+05  0.000000E+00  0.000000E+00  0.293712E+03  0.228589E+00  0.496579E+00  0.948712E+05
  0.839629E+00  0.847717E+05  0.842015E+05  0.000000E+00  0.000000E+00  0.228023E+03  0.150168E+00  0.496575E+00  0.842837E+05
  0.903192E+00  0.752680E+05  0.747617E+05  0.000000E+00  0.000000E+00  0.176777E+03  0.100038E+00  0.496572E+00  0.748346E+05
  0.971567E+00  0.667922E+05  0.663429E+05  0.000000E+00  0.000000E+00  0.136862E+03  0.757971E-01  0.496582E+00  0.664075E+05
  0.104512E+01  0.592376E+05  0.588392E+05  0.000000E+00  0.000000E+00  0.105821E+03  0.457425E-01  0.496585E+00  0.588964E+05
  0.105164E+01  0.586330E+05  0.582386E+05  0.000000E+00  0.000000E+00  0.103519E+03  0.415606E-01  0.496570E+00  0.582952E+05
  0.106221E+01  0.576736E+05  0.572857E+05  0.000000E+00  0.000000E+00  0.999226E+02  0.466161E-01  0.496574E+00  0.573413E+05
  0.107288E+01  0.567294E+05  0.563478E+05  0.000000E+00  0.000000E+00  0.964489E+02  0.446533E-01  0.496576E+00  0.564026E+05
  0.108367E+01  0.557997E+05  0.554244E+05  0.000000E+00  0.000000E+00  0.930928E+02  0.388961E-01  0.496570E+00  0.554783E+05
  0.109456E+01  0.548852E+05  0.545161E+05  0.000000E+00  0.000000E+00  0.898523E+02  0.275025E-01  0.496577E+00  0.545690E+05
  0.110556E+01  0.539847E+05  0.536216E+05  0.000000E+00  0.000000E+00  0.867219E+02  0.381418E-01  0.496578E+00  0.536737E+05
  0.111667E+01  0.530990E+05  0.527419E+05  0.000000E+00  0.000000E+00  0.836999E+02  0.264686E-01  0.496584E+00  0.527931E+05
  0.112789E+01  0.522268E+05  0.518755E+05  0.000000E+00  0.000000E+00  0.807803E+02  0.222537E-01  0.496577E+00  0.519259E+05
  0.113923E+01  0.513689E+05  0.510234E+05  0.000000E+00  0.000000E+00  0.779614E+02  0.208788E-01  0.496579E+00  0.510729E+05
  0.115068E+01  0.505242E+05  0.501844E+05  0.000000E+00  0.000000E+00  0.752391E+02  0.255615E-01  0.496586E+00  0.502331E+05
  0.116224E+01  0.496934E+05  0.493592E+05  0.000000E+00  0.000000E+00  0.726105E+02  0.264279E-01  0.496569E+00  0.494071E+05
  0.117392E+01  0.488754E+05  0.485467E+05  0.000000E+00  0.000000E+00  0.700718E+02  0.230230E-01  0.496586E+00  0.485938E+05
  0.118572E+01  0.480708E+05  0.477474E+05  0.000000E+00  0.000000E+00  0.676210E+02  0.156334E-01  0.496581E+00  0.477938E+05
  0.119764E+01  0.472786E+05  0.469607E+05  0.000000E+00  0.000000E+00  0.652538E+02  0.142395E-01  0.496580E+00  0.470062E+05
  0.120967E+01  0.464995E+05  0.461867E+05  0.000000E+00  0.000000E+00  0.629691E+02  0.175561E-01  0.496587E+00  0.462315E+05
  0.122183E+01  0.457324E+05  0.454248E+05  0.000000E+00  0.000000E+00  0.607624E+02  0.220782E-01  0.496571E+00  0.454689E+05
  0.123411E+01  0.449778E+05  0.446753E+05  0.000000E+00  0.000000E+00  0.586320E+02  0.138591E-01  0.496587E+00  0.447186E+05
  0.124651E+01  0.442350E+05  0.439375E+05  0.000000E+00  0.000000E+00  0.565748E+02  0.100937E-01  0.496574E+00  0.439801E+05
  0.125904E+01  0.435044E+05  0.432118E+05  0.000000E+00  0.000000E+00  0.545891E+02  0.942255E-02  0.496572E+00  0.432537E+05
  0.127170E+01  0.427850E+05  0.424973E+05  0.000000E+00  0.000000E+00  0.526718E+02  0.957873E-02  0.496585E+00  0.425385E+05
  0.128448E+01  0.420775E+05  0.417945E+05  0.000000E+00  0.000000E+00  0.508207E+02  0.185055E-01  0.496576E+00  0.418350E+05
  0.129739E+01  0.413809E+05  0.411026E+05  0.000000E+00  0.000000E+00  0.490335E+02  0.798867E-02  0.496586E+00  0.411424E+05
  0.131042E+01  0.406959E+05  0.404221E+05  0.000000E+00  0.000000E+00  0.473085E+02  0.611292E-02  0.496571E+00  0.404613E+05
  0.132359E+01  0.400214E+05  0.397522E+05  0.000000E+00  0.000000E+00  0.456432E+02  0.506535E-02  0.496574E+00  0.397908E+05
  0.133690E+01  0.393580E+05  0.390933E+05  0.000000E+00  0.000000E+00  0.440355E+02  0.880229E-02  0.496591E+00  0.391312E+05
  0.135033E+01  0.387052E+05  0.384448E+05  0.000000E+00  0.000000E+00  0.424835E+02  0.119065E-01  0.496563E+00  0.384821E+05
  0.136390E+01  0.380628E+05  0.378068E+05  0.000000E+00  0.000000E+00  0.409857E+02  0.125007E-01  0.496589E+00  0.378434E+05
  0.137761E+01  0.374309E+05  0.371791E+05  0.000000E+00  0.000000E+00  0.395398E+02  0.883536E-02  0.496593E+00  0.372151E+05
  0.139146E+01  0.368089E+05  0.365613E+05  0.000000E+00  0.000000E+00  0.381440E+02  0.122917E-01  0.496587E+00  0.365967E+05
  0.140544E+01  0.361972E+05  0.359537E+05  0.000000E+00  0.000000E+00  0.367969E+02  0.716946E-02  0.496559E+00  0.359886E+05
  0.141957E+01  0.355952E+05  0.353557E+05  0.000000E+00  0.000000E+00  0.354967E+02  0.100744E-01  0.496591E+00  0.353900E+05
  0.143383E+01  0.350030E+05  0.347676E+05  0.000000E+00  0.000000E+00  0.342419E+02  0.373543E-02  0.496592E+00  0.348012E+05
  0.144824E+01  0.344204E+05  0.341888E+05  0.000000E+00  0.000000E+00  0.330308E+02  0.515831E-02  0.496595E+00  0.342220E+05
  0.146280E+01  0.338470E+05  0.336193E+05  0.000000E+00  0.000000E+00  0.318618E+02  0.111742E-01  0.496575E+00  0.336519E+05
  0.147750E+01  0.332831E+05  0.330592E+05  0.000000E+00  0.000000E+00  0.307339E+02  0.233269E-03  0.496582E+00  0.330912E+05
  0.149235E+01  0.327282E+05  0.325080E+05  0.000000E+00  0.000000E+00  0.296452E+02  0.285770E-02  0.496558E+00  0.325396E+05
