  0.104603E-04  0.199304E+08  0.199304E+08  0.265601E+08  0.265597E+08  0.199329E+08  0.195902E+08  0.525991E+00  0.199305E+08
  0.115504E-04  0.199304E+08  0.199304E+08  0.265570E+08  0.265566E+08  0.199329E+08  0.195901E+08  0.525991E+00  0.199304E+08
  0.127540E-04  0.199304E+08  0.199304E+08  0.265533E+08  0.265528E+08  0.199329E+08  0.195901E+08  0.525991E+00  0.199304E+08
  0.140830E-04  0.199304E+08  0.199304E+08  0.265488E+08  0.265481E+08  0.199329E+08  0.195901E+08  0.525991E+00  0.199304E+08
  0.155505E-04  0.199304E+08  0.199304E+08  0.265433E+08  0.265424E+08  0.199328E+08  0.195901E+08  0.525991E+00  0.199304E+08
  0.171710E-04  0.199304E+08  0.199304E+08  0.265365E+08  0.265355E+08  0.199328E+08  0.195901E+08  0.525991E+00  0.199304E+08
  0.189603E-04  0.199304E+08  0.199304E+08  0.265283E+08  0.265271E+08  0.199328E+08  0.195901E+08  0.525990E+00  0.199304E+08
  0.209361E-04  0.199304E+08  0.199304E+08  0.265184E+08  0.265169E+08  0.199327E+08  0.195901E+08  0.525990E+00  0.199304E+08
  0.231177E-04  0.199303E+08  0.199303E+08  0.265062E+08  0.265044E+08  0.199326E+08  0.195900E+08  0.525990E+00  0.199304E+08
  0.255267E-04  0.199303E+08  0.199303E+08  0.264913E+08  0.264891E+08  0.199326E+08  0.195900E+08  0.525990E+00  0.199303E+08
  0.281867E-04  0.199303E+08  0.199303E+08  0.264732E+08  0.264706E+08  0.199325E+08  0.195900E+08  0.525990E+00  0.199303E+08
  0.311239E-04  0.199302E+08  0.199302E+08  0.264512E+08  0.264479E+08  0.199324E+08  0.195899E+08  0.525990E+00  0.199303E+08
  0.343672E-04  0.199302E+08  0.199302E+08  0.264244E+08  0.264204E+08  0.199322E+08  0.195899E+08  0.525990E+00  0.199302E+08
  0.379485E-04  0.199301E+08  0.199301E+08  0.263917E+08  0.263868E+08  0.199321E+08  0.195898E+08  0.525989E+00  0.199301E+08
  0.419029E-04  0.199301E+08  0.199300E+08  0.263519E+08  0.263459E+08  0.199319E+08  0.195897E+08  0.525989E+00  0.199301E+08
  0.462694E-04  0.199300E+08  0.199300E+08  0.263034E+08  0.262961E+08  0.199316E+08  0.195896E+08  0.525988E+00  0.199300E+08
  0.510910E-04  0.199299E+08  0.199298E+08  0.262444E+08  0.262356E+08  0.199313E+08  0.195895E+08  0.525988E+00  0.199299E+08
  0.564149E-04  0.199297E+08  0.199297E+08  0.261726E+08  0.261619E+08  0.199310E+08  0.195894E+08  0.525987E+00  0.199297E+08
  0.622937E-04  0.199296E+08  0.199295E+08  0.260854E+08  0.260724E+08  0.199305E+08  0.195892E+08  0.525986E+00  0.199296E+08
  0.687850E-04  0.199294E+08  0.199293E+08  0.259794E+08  0.259635E+08  0.199300E+08  0.195890E+08  0.525985E+00  0.199294E+08
  0.759528E-04  0.199291E+08  0.199291E+08  0.258506E+08  0.258314E+08  0.199293E+08  0.195887E+08  0.525984E+00  0.199291E+08
  0.838675E-04  0.199288E+08  0.199288E+08  0.256945E+08  0.256711E+08  0.199285E+08  0.195884E+08  0.525983E+00  0.199288E+08
  0.926069E-04  0.199285E+08  0.199284E+08  0.255052E+08  0.254769E+08  0.199276E+08  0.195880E+08  0.525981E+00  0.199284E+08
  0.102257E-03  0.199280E+08  0.199280E+08  0.252763E+08  0.252420E+08  0.199264E+08  0.195875E+08  0.525979E+00  0.199280E+08
  0.112913E-03  0.199275E+08  0.199274E+08  0.249996E+08  0.249582E+08  0.199249E+08  0.195869E+08  0.525976E+00  0.199275E+08
  0.124679E-03  0.199268E+08  0.199268E+08  0.246661E+08  0.246161E+08  0.199232E+08  0.195862E+08  0.525973E+00  0.199268E+08
  0.137671E-03  0.199260E+08  0.199259E+08  0.242650E+08  0.242049E+08  0.199210E+08  0.195853E+08  0.525969E+00  0.199260E+08
  0.152017E-03  0.199251E+08  0.199250E+08  0.237841E+08  0.237119E+08  0.199184E+08  0.195842E+08  0.525965E+00  0.199250E+08
  0.167858E-03  0.199239E+08  0.199238E+08  0.232097E+08  0.231233E+08  0.199152E+08  0.195829E+08  0.525959E+00  0.199238E+08
  0.185350E-03  0.199225E+08  0.199223E+08  0.225267E+08  0.224238E+08  0.199113E+08  0.195814E+08  0.525953E+00  0.199224E+08
  0.204664E-03  0.199207E+08  0.199205E+08  0.217192E+08  0.215971E+08  0.199066E+08  0.195794E+08  0.525945E+00  0.199206E+08
  0.225992E-03  0.199186E+08  0.199184E+08  0.207709E+08  0.206271E+08  0.199009E+08  0.195771E+08  0.525935E+00  0.199185E+08
  0.249541E-03  0.199161E+08  0.199158E+08  0.196667E+08  0.194987E+08  0.198939E+08  0.195743E+08  0.525924E+00  0.199159E+08
  0.275545E-03  0.199130E+08  0.199126E+08  0.183945E+08  0.182000E+08  0.198854E+08  0.195708E+08  0.525911E+00  0.199128E+08
  0.304258E-03  0.199093E+08  0.199088E+08  0.169476E+08  0.167249E+08  0.198752E+08  0.195667E+08  0.525896E+00  0.199090E+08
  0.335963E-03  0.199047E+08  0.199042E+08  0.153281E+08  0.150770E+08  0.198627E+08  0.195616E+08  0.525878E+00  0.199045E+08
  0.370973E-03  0.198993E+08  0.198986E+08  0.135516E+08  0.132735E+08  0.198476E+08  0.195555E+08  0.525858E+00  0.198990E+08
  0.409630E-03  0.198927E+08  0.198919E+08  0.116512E+08  0.113500E+08  0.198293E+08  0.195481E+08  0.525836E+00  0.198923E+08
  0.452316E-03  0.198849E+08  0.198839E+08  0.968207E+07  0.936487E+07  0.198071E+08  0.195392E+08  0.525811E+00  0.198844E+08
  0.499449E-03  0.198754E+08  0.198743E+08  0.772271E+07  0.740030E+07  0.197805E+08  0.195286E+08  0.525784E+00  0.198749E+08
  0.551495E-03  0.198642E+08  0.198629E+08  0.587254E+07  0.555930E+07  0.197483E+08  0.195157E+08  0.525756E+00  0.198635E+08
  0.608964E-03  0.198508E+08  0.198493E+08  0.424134E+07  0.395421E+07  0.197097E+08  0.195003E+08  0.525727E+00  0.198500E+08
  0.672421E-03  0.198350E+08  0.198333E+08  0.292913E+07  0.268522E+07  0.196634E+08  0.194818E+08  0.525699E+00  0.198340E+08
  0.742491E-03  0.198163E+08  0.198143E+08  0.199724E+07  0.181003E+07  0.196080E+08  0.194598E+08  0.525671E+00  0.198151E+08
  0.819862E-03  0.197944E+08  0.197921E+08  0.143817E+07  0.131292E+07  0.195420E+08  0.194334E+08  0.525647E+00  0.197929E+08
  0.905296E-03  0.197686E+08  0.197661E+08  0.116055E+07  0.109067E+07  0.194637E+08  0.194020E+08  0.525624E+00  0.197670E+08
  0.999633E-03  0.197386E+08  0.197359E+08  0.101070E+07  0.977796E+06  0.193710E+08  0.193645E+08  0.525605E+00  0.197366E+08
  0.110380E-02  0.197037E+08  0.197007E+08  0.841370E+06  0.821030E+06  0.192619E+08  0.193196E+08  0.525587E+00  0.197014E+08
  0.121882E-02  0.196633E+08  0.196601E+08  0.600409E+06  0.572713E+06  0.191339E+08  0.192657E+08  0.525569E+00  0.196605E+08
  0.134583E-02  0.196165E+08  0.196131E+08  0.363463E+06  0.321909E+06  0.189850E+08  0.192007E+08  0.525552E+00  0.196133E+08
  0.148607E-02  0.195625E+08  0.195591E+08  0.241042E+06  0.191992E+06  0.188136E+08  0.191220E+08  0.525534E+00  0.195588E+08
  0.164093E-02  0.195005E+08  0.194970E+08  0.222925E+06  0.000000E+00  0.186175E+08  0.190261E+08  0.525517E+00  0.194962E+08
  0.181192E-02  0.194294E+08  0.194259E+08  0.179852E+06  0.000000E+00  0.183954E+08  0.189084E+08  0.525498E+00  0.194245E+08
  0.200074E-02  0.193481E+08  0.193446E+08  0.831257E+05  0.000000E+00  0.181460E+08  0.187627E+08  0.525478E+00  0.193425E+08
  0.220922E-02  0.192556E+08  0.192520E+08  0.506983E+05  0.000000E+00  0.178686E+08  0.185810E+08  0.525458E+00  0.192491E+08
  0.243944E-02  0.191505E+08  0.191469E+08  0.606715E+05  0.000000E+00  0.175633E+08  0.183528E+08  0.525436E+00  0.191432E+08
  0.269364E-02  0.190316E+08  0.190279E+08  0.229021E+05  0.000000E+00  0.172299E+08  0.180648E+08  0.525413E+00  0.190233E+08
  0.297433E-02  0.188975E+08  0.188937E+08  0.212424E+05  0.000000E+00  0.168684E+08  0.177004E+08  0.525388E+00  0.188883E+08
  0.328427E-02  0.187471E+08  0.187430E+08  0.930705E+04  0.000000E+00  0.164785E+08  0.172407E+08  0.525363E+00  0.187368E+08
  0.362651E-02  0.185788E+08  0.185745E+08  0.329408E+04  0.000000E+00  0.160590E+08  0.166656E+08  0.525336E+00  0.185675E+08
  0.400442E-02  0.183915E+08  0.183869E+08 -0.540981E+04  0.000000E+00  0.156089E+08  0.159584E+08  0.525307E+00  0.183790E+08
  0.442170E-02  0.181836E+08  0.181787E+08  0.154620E+04  0.000000E+00  0.151271E+08  0.151111E+08  0.525276E+00  0.181699E+08
  0.488246E-02  0.179540E+08  0.179486E+08 -0.100620E+04  0.000000E+00  0.146146E+08  0.141312E+08  0.525242E+00  0.179390E+08
  0.539124E-02  0.177013E+08  0.176955E+08 -0.391389E+04  0.000000E+00  0.140712E+08  0.130436E+08  0.525206E+00  0.176850E+08
  0.595304E-02  0.174248E+08  0.174184E+08 -0.243975E+04  0.000000E+00  0.134705E+08  0.118807E+08  0.525164E+00  0.174071E+08
  0.657338E-02  0.171223E+08  0.171151E+08 -0.271489E+04  0.000000E+00  0.128513E+08  0.106594E+08  0.525119E+00  0.171031E+08
  0.725836E-02  0.167930E+08  0.167849E+08 -0.232274E+04  0.000000E+00  0.122004E+08  0.937545E+07  0.525069E+00  0.167723E+08
  0.801472E-02  0.164355E+08  0.164264E+08 -0.282989E+04  0.000000E+00  0.115275E+08  0.804449E+07  0.525016E+00  0.164133E+08
  0.884990E-02  0.160484E+08  0.160381E+08 -0.229842E+04  0.000000E+00  0.108397E+08  0.674720E+07  0.524961E+00  0.160247E+08
  0.977211E-02  0.156306E+08  0.156188E+08 -0.161829E+04  0.000000E+00  0.101351E+08  0.554293E+07  0.524903E+00  0.156054E+08
  0.107904E-01  0.151807E+08  0.151672E+08 -0.176238E+04  0.000000E+00  0.941538E+07  0.442061E+07  0.524842E+00  0.151541E+08
  0.119148E-01  0.146974E+08  0.146819E+08 -0.149125E+04  0.000000E+00  0.868789E+07  0.344480E+07  0.524781E+00  0.146695E+08
  0.131564E-01  0.141796E+08  0.141618E+08 -0.109821E+04  0.000000E+00  0.796143E+07  0.260803E+07  0.524719E+00  0.141505E+08
  0.145274E-01  0.136263E+08  0.136058E+08 -0.104647E+04  0.000000E+00  0.723890E+07  0.193086E+07  0.524659E+00  0.135960E+08
  0.160412E-01  0.130369E+08  0.130134E+08 -0.868410E+03  0.000000E+00  0.652557E+07  0.139242E+07  0.524600E+00  0.130056E+08
  0.177128E-01  0.124251E+08  0.123983E+08 -0.620824E+03  0.000000E+00  0.583694E+07  0.981530E+06  0.524544E+00  0.123930E+08
  0.195586E-01  0.117676E+08  0.117372E+08 -0.559867E+03  0.000000E+00  0.516571E+07  0.676721E+06  0.524491E+00  0.117348E+08
  0.215967E-01  0.110781E+08  0.110440E+08 -0.321168E+03  0.000000E+00  0.452510E+07  0.456447E+06  0.524441E+00  0.110450E+08
  0.238472E-01  0.103512E+08  0.103134E+08 -0.332606E+03  0.000000E+00  0.391707E+07  0.301654E+06  0.524394E+00  0.103181E+08
  0.263322E-01  0.961220E+07  0.957090E+07 -0.245803E+03  0.000000E+00  0.335520E+07  0.195987E+06  0.524350E+00  0.957923E+07
  0.290762E-01  0.886952E+07  0.882527E+07 -0.173433E+03  0.000000E+00  0.284325E+07  0.125441E+06  0.524310E+00  0.883706E+07
  0.321060E-01  0.812638E+07  0.808016E+07 -0.149595E+03  0.000000E+00  0.238183E+07  0.791521E+05  0.524272E+00  0.809481E+07
  0.354517E-01  0.740242E+07  0.735560E+07 -0.956950E+02  0.000000E+00  0.197503E+07  0.492718E+05  0.524237E+00  0.737210E+07
  0.391459E-01  0.672298E+07  0.667738E+07 -0.799947E+02  0.000000E+00  0.162577E+07  0.303868E+05  0.524205E+00  0.669425E+07
  0.432252E-01  0.610431E+07  0.606200E+07 -0.805200E+02  0.000000E+00  0.133220E+07  0.188300E+05  0.524175E+00  0.607746E+07
  0.475477E-01  0.557771E+07  0.554047E+07  0.000000E+00  0.000000E+00  0.109851E+07  0.117703E+05  0.524149E+00  0.555290E+07
  0.518702E-01  0.516337E+07  0.513200E+07  0.000000E+00  0.000000E+00  0.922846E+06  0.771169E+04  0.524127E+00  0.514049E+07
  0.561927E-01  0.482666E+07  0.480114E+07  0.000000E+00  0.000000E+00  0.786798E+06  0.523731E+04  0.524108E+00  0.480555E+07
  0.605152E-01  0.454103E+07  0.452061E+07  0.000000E+00  0.000000E+00  0.678173E+06  0.359474E+04  0.524092E+00  0.452147E+07
  0.648377E-01  0.428667E+07  0.427013E+07  0.000000E+00  0.000000E+00  0.588874E+06  0.258861E+04  0.524079E+00  0.426842E+07
  0.691602E-01  0.404717E+07  0.403307E+07  0.000000E+00  0.000000E+00  0.513293E+06  0.186460E+04  0.524066E+00  0.402999E+07
  0.734828E-01  0.381088E+07  0.379782E+07  0.000000E+00  0.000000E+00  0.447699E+06  0.139595E+04  0.524056E+00  0.379460E+07
  0.778053E-01  0.357848E+07  0.356530E+07  0.000000E+00  0.000000E+00  0.390594E+06  0.100490E+04  0.524047E+00  0.356291E+07
  0.821278E-01  0.334675E+07  0.333272E+07  0.000000E+00  0.000000E+00  0.340364E+06  0.747859E+03  0.524038E+00  0.333182E+07
  0.864503E-01  0.312441E+07  0.310922E+07  0.000000E+00  0.000000E+00  0.336794E+06  0.573012E+03  0.524046E+00  0.311022E+07
  0.907728E-01  0.291687E+07  0.290064E+07  0.000000E+00  0.000000E+00  0.295715E+06  0.441009E+03  0.524039E+00  0.290322E+07
  0.972409E-01  0.264384E+07  0.262694E+07  0.000000E+00  0.000000E+00  0.245465E+06  0.295463E+03  0.524029E+00  0.263104E+07
  0.103709E+00  0.242577E+07  0.240964E+07  0.000000E+00  0.000000E+00  0.207126E+06  0.200528E+03  0.524021E+00  0.241385E+07
  0.110177E+00  0.226298E+07  0.224884E+07  0.000000E+00  0.000000E+00  0.178388E+06  0.153181E+03  0.524014E+00  0.225194E+07
  0.116645E+00  0.213999E+07  0.212843E+07  0.000000E+00  0.000000E+00  0.156281E+06  0.116502E+03  0.524007E+00  0.212977E+07
  0.123113E+00  0.203560E+07  0.202642E+07  0.000000E+00  0.000000E+00  0.138150E+06  0.883140E+02  0.524002E+00  0.202612E+07
  0.129581E+00  0.193420E+07  0.192661E+07  0.000000E+00  0.000000E+00  0.122333E+06  0.656415E+02  0.523997E+00  0.192533E+07
  0.136049E+00  0.182741E+07  0.182042E+07  0.000000E+00  0.000000E+00  0.107988E+06  0.452648E+02  0.523992E+00  0.181904E+07
  0.142517E+00  0.171374E+07  0.170653E+07  0.000000E+00  0.000000E+00  0.948424E+05  0.330555E+02  0.523988E+00  0.170576E+07
  0.148985E+00  0.159881E+07  0.159099E+07  0.000000E+00  0.000000E+00  0.830489E+05  0.307743E+02  0.523985E+00  0.159117E+07
  0.155453E+00  0.149173E+07  0.148338E+07  0.000000E+00  0.000000E+00  0.728819E+05  0.194084E+02  0.523981E+00  0.148442E+07
  0.161921E+00  0.139954E+07  0.139107E+07  0.000000E+00  0.000000E+00  0.644426E+05  0.171978E+02  0.523979E+00  0.139256E+07
  0.168389E+00  0.132479E+07  0.131672E+07  0.000000E+00  0.000000E+00  0.575995E+05  0.116400E+02  0.523975E+00  0.131816E+07
  0.174857E+00  0.126584E+07  0.125858E+07  0.000000E+00  0.000000E+00  0.520605E+05  0.118436E+02  0.523973E+00  0.125956E+07
  0.181325E+00  0.121780E+07  0.121151E+07  0.000000E+00  0.000000E+00  0.474547E+05  0.610701E+01  0.523971E+00  0.121186E+07
  0.187793E+00  0.117433E+07  0.116890E+07  0.000000E+00  0.000000E+00  0.434238E+05  0.730292E+01  0.523969E+00  0.116869E+07
  0.194262E+00  0.113011E+07  0.112525E+07  0.000000E+00  0.000000E+00  0.397098E+05  0.643753E+01  0.523967E+00  0.112473E+07
  0.200730E+00  0.108254E+07  0.107790E+07  0.000000E+00  0.000000E+00  0.361932E+05  0.304845E+01  0.523965E+00  0.107738E+07
  0.207198E+00  0.103212E+07  0.102742E+07  0.000000E+00  0.000000E+00  0.328742E+05  0.226774E+01  0.523963E+00  0.102715E+07
  0.213666E+00  0.981547E+06  0.976673E+06  0.000000E+00  0.000000E+00  0.298193E+05  0.311350E+01  0.523962E+00  0.976753E+06
  0.220134E+00  0.934083E+06  0.929070E+06  0.000000E+00  0.000000E+00  0.270978E+05  0.324482E+01  0.523960E+00  0.929457E+06
  0.226602E+00  0.892052E+06  0.887049E+06  0.000000E+00  0.000000E+00  0.247392E+05  0.240446E+01  0.523959E+00  0.887595E+06
  0.233070E+00  0.856358E+06  0.851548E+06  0.000000E+00  0.000000E+00  0.227283E+05  0.132596E+01  0.523958E+00  0.852074E+06
  0.239538E+00  0.826455E+06  0.821978E+06  0.000000E+00  0.000000E+00  0.210132E+05  0.512124E+00  0.523957E+00  0.822342E+06
  0.246006E+00  0.800488E+06  0.796399E+06  0.000000E+00  0.000000E+00  0.195167E+05  0.553074E-01  0.523956E+00  0.796540E+06
  0.252474E+00  0.776152E+06  0.772414E+06  0.000000E+00  0.000000E+00  0.181623E+05 -0.145223E+00  0.523955E+00  0.772356E+06
  0.258942E+00  0.751747E+06  0.748256E+06  0.000000E+00  0.000000E+00  0.168980E+05 -0.212756E+00  0.523954E+00  0.748088E+06
  0.265410E+00  0.726480E+06  0.723114E+06  0.000000E+00  0.000000E+00  0.156991E+05 -0.231941E+00  0.523953E+00  0.722942E+06
  0.271878E+00  0.700395E+06  0.697057E+06  0.000000E+00  0.000000E+00  0.145618E+05 -0.246133E+00  0.523952E+00  0.696968E+06
  0.278346E+00  0.674344E+06  0.670987E+06  0.000000E+00  0.000000E+00  0.134989E+05 -0.271524E+00  0.523951E+00  0.671019E+06
  0.284814E+00  0.649543E+06  0.646176E+06  0.000000E+00  0.000000E+00  0.125282E+05 -0.310153E+00  0.523950E+00  0.646318E+06
  0.291282E+00  0.626896E+06  0.623567E+06  0.000000E+00  0.000000E+00  0.116587E+05 -0.357675E+00  0.523950E+00  0.623768E+06
  0.297750E+00  0.606720E+06  0.603491E+06  0.000000E+00  0.000000E+00  0.108872E+05 -0.406924E+00  0.523949E+00  0.603691E+06
  0.304218E+00  0.588809E+06  0.585729E+06  0.000000E+00  0.000000E+00  0.102015E+05 -0.449339E+00  0.523948E+00  0.585876E+06
  0.310686E+00  0.572541E+06  0.569630E+06  0.000000E+00  0.000000E+00  0.958368E+04 -0.475720E+00  0.523948E+00  0.569701E+06
  0.317154E+00  0.557151E+06  0.554398E+06  0.000000E+00  0.000000E+00  0.901564E+04 -0.477466E+00  0.523947E+00  0.554398E+06
  0.323622E+00  0.542025E+06  0.539396E+06  0.000000E+00  0.000000E+00  0.848377E+04 -0.448486E+00  0.523947E+00  0.539353E+06
  0.330090E+00  0.526823E+06  0.524277E+06  0.000000E+00  0.000000E+00  0.798031E+04 -0.387174E+00  0.523947E+00  0.524227E+06
  0.336558E+00  0.511531E+06  0.509030E+06  0.000000E+00  0.000000E+00  0.750309E+04 -0.297757E+00  0.523946E+00  0.509005E+06
  0.343027E+00  0.496424E+06  0.493948E+06  0.000000E+00  0.000000E+00  0.705439E+04 -0.190269E+00  0.523946E+00  0.493964E+06
  0.349495E+00  0.481881E+06  0.479431E+06  0.000000E+00  0.000000E+00  0.663750E+04 -0.789358E-01  0.523945E+00  0.479485E+06
  0.355963E+00  0.468205E+06  0.465794E+06  0.000000E+00  0.000000E+00  0.625421E+04  0.204518E-01  0.523945E+00  0.465871E+06
  0.362431E+00  0.455552E+06  0.453199E+06  0.000000E+00  0.000000E+00  0.590411E+04  0.935335E-01  0.523944E+00  0.453279E+06
  0.368899E+00  0.443886E+06  0.441609E+06  0.000000E+00  0.000000E+00  0.558433E+04  0.130378E+00  0.523944E+00  0.441673E+06
  0.375367E+00  0.432998E+06  0.430805E+06  0.000000E+00  0.000000E+00  0.529009E+04  0.126155E+00  0.523943E+00  0.430843E+06
  0.381835E+00  0.422616E+06  0.420504E+06  0.000000E+00  0.000000E+00  0.501636E+04  0.841139E-01  0.523943E+00  0.420516E+06
  0.388303E+00  0.412516E+06  0.410473E+06  0.000000E+00  0.000000E+00  0.475914E+04  0.134382E-01  0.523943E+00  0.410469E+06
  0.394771E+00  0.402563E+06  0.400575E+06  0.000000E+00  0.000000E+00  0.451585E+04 -0.723599E-01  0.523942E+00  0.400566E+06
  0.401239E+00  0.392730E+06  0.390783E+06  0.000000E+00  0.000000E+00  0.428536E+04 -0.158351E+00  0.523942E+00  0.390780E+06
  0.407707E+00  0.383088E+06  0.381174E+06  0.000000E+00  0.000000E+00  0.406765E+04 -0.231191E+00  0.523942E+00  0.381183E+06
  0.414175E+00  0.373743E+06  0.371859E+06  0.000000E+00  0.000000E+00  0.386306E+04 -0.281398E+00  0.523941E+00  0.371882E+06
  0.420643E+00  0.364798E+06  0.362948E+06  0.000000E+00  0.000000E+00  0.367182E+04 -0.304431E+00  0.523941E+00  0.362979E+06
  0.427111E+00  0.356319E+06  0.354507E+06  0.000000E+00  0.000000E+00  0.349375E+04 -0.300576E+00  0.523941E+00  0.354541E+06
  0.433579E+00  0.348303E+06  0.346536E+06  0.000000E+00  0.000000E+00  0.332801E+04 -0.273939E+00  0.523941E+00  0.346565E+06
  0.440047E+00  0.340685E+06  0.338965E+06  0.000000E+00  0.000000E+00  0.317322E+04 -0.231006E+00  0.523941E+00  0.338986E+06
  0.446515E+00  0.333374E+06  0.331700E+06  0.000000E+00  0.000000E+00  0.302788E+04 -0.179188E+00  0.523941E+00  0.331712E+06
  0.452983E+00  0.326289E+06  0.324658E+06  0.000000E+00  0.000000E+00  0.289073E+04 -0.125545E+00  0.523941E+00  0.324664E+06
  0.459451E+00  0.319372E+06  0.317779E+06  0.000000E+00  0.000000E+00  0.276079E+04 -0.758678E-01  0.523940E+00  0.317782E+06
  0.465919E+00  0.312598E+06  0.311038E+06  0.000000E+00  0.000000E+00  0.263744E+04 -0.341750E-01  0.523940E+00  0.311041E+06
  0.472387E+00  0.305980E+06  0.304448E+06  0.000000E+00  0.000000E+00  0.252042E+04 -0.261435E-02  0.523940E+00  0.304454E+06
  0.478855E+00  0.299549E+06  0.298044E+06  0.000000E+00  0.000000E+00  0.240968E+04  0.183270E-01  0.523940E+00  0.298055E+06
  0.485323E+00  0.293338E+06  0.291860E+06  0.000000E+00  0.000000E+00  0.230510E+04  0.294203E-01  0.523939E+00  0.291874E+06
  0.491791E+00  0.287362E+06  0.285912E+06  0.000000E+00  0.000000E+00  0.220648E+04  0.322296E-01  0.523939E+00  0.285927E+06
  0.498260E+00  0.281622E+06  0.280201E+06  0.000000E+00  0.000000E+00  0.211350E+04  0.286908E-01  0.523939E+00  0.280216E+06
  0.504728E+00  0.276105E+06  0.274714E+06  0.000000E+00  0.000000E+00  0.202576E+04  0.207813E-01  0.523939E+00  0.274726E+06
  0.511196E+00  0.270782E+06  0.269422E+06  0.000000E+00  0.000000E+00  0.194278E+04  0.103006E-01  0.523938E+00  0.269430E+06
  0.517664E+00  0.265619E+06  0.264287E+06  0.000000E+00  0.000000E+00  0.186405E+04 -0.125046E-02  0.523938E+00  0.264293E+06
  0.524132E+00  0.260588E+06  0.259283E+06  0.000000E+00  0.000000E+00  0.178918E+04 -0.127140E-01  0.523938E+00  0.259287E+06
  0.530600E+00  0.255681E+06  0.254400E+06  0.000000E+00  0.000000E+00  0.171791E+04 -0.232677E-01  0.523938E+00  0.254405E+06
  0.537068E+00  0.250897E+06  0.249639E+06  0.000000E+00  0.000000E+00  0.165007E+04 -0.323847E-01  0.523938E+00  0.249644E+06
  0.543536E+00  0.246238E+06  0.245002E+06  0.000000E+00  0.000000E+00  0.158549E+04 -0.397757E-01  0.523937E+00  0.245008E+06
  0.550004E+00  0.241710E+06  0.240495E+06  0.000000E+00  0.000000E+00  0.152406E+04 -0.453277E-01  0.523937E+00  0.240503E+06
  0.556472E+00  0.237322E+06  0.236129E+06  0.000000E+00  0.000000E+00  0.146567E+04 -0.490480E-01  0.523937E+00  0.236137E+06
  0.562940E+00  0.233076E+06  0.231903E+06  0.000000E+00  0.000000E+00  0.141020E+04 -0.510156E-01  0.523937E+00  0.231911E+06
  0.569408E+00  0.228961E+06  0.227809E+06  0.000000E+00  0.000000E+00  0.135744E+04 -0.513458E-01  0.523937E+00  0.227816E+06
  0.575876E+00  0.224966E+06  0.223836E+06  0.000000E+00  0.000000E+00  0.130719E+04 -0.501693E-01  0.523937E+00  0.223842E+06
  0.582344E+00  0.221085E+06  0.219975E+06  0.000000E+00  0.000000E+00  0.125931E+04 -0.476213E-01  0.523937E+00  0.219980E+06
  0.588812E+00  0.217307E+06  0.216216E+06  0.000000E+00  0.000000E+00  0.121362E+04 -0.438377E-01  0.523937E+00  0.216221E+06
  0.595280E+00  0.213620E+06  0.212549E+06  0.000000E+00  0.000000E+00  0.116996E+04 -0.389590E-01  0.523937E+00  0.212553E+06
  0.601748E+00  0.210022E+06  0.208968E+06  0.000000E+00  0.000000E+00  0.112821E+04 -0.331412E-01  0.523936E+00  0.208972E+06
  0.608216E+00  0.206514E+06  0.205477E+06  0.000000E+00  0.000000E+00  0.108832E+04 -0.265681E-01  0.523936E+00  0.205481E+06
  0.614684E+00  0.203097E+06  0.202077E+06  0.000000E+00  0.000000E+00  0.105020E+04 -0.194636E-01  0.523936E+00  0.202082E+06
  0.621152E+00  0.199770E+06  0.198766E+06  0.000000E+00  0.000000E+00  0.101375E+04 -0.121066E-01  0.523936E+00  0.198771E+06
  0.627620E+00  0.196530E+06  0.195542E+06  0.000000E+00  0.000000E+00  0.978909E+03 -0.484257E-02  0.523936E+00  0.195547E+06
  0.675134E+00  0.175125E+06  0.174246E+06  0.000000E+00  0.000000E+00  0.764596E+03  0.134150E-01  0.523936E+00  0.174249E+06
  0.726244E+00  0.155930E+06  0.155147E+06  0.000000E+00  0.000000E+00  0.596158E+03 -0.445704E-01  0.523936E+00  0.155149E+06
  0.781223E+00  0.138745E+06  0.138049E+06  0.000000E+00  0.000000E+00  0.464078E+03 -0.538156E-01  0.523935E+00  0.138050E+06
  0.840365E+00  0.123373E+06  0.122754E+06  0.000000E+00  0.000000E+00  0.360703E+03  0.772840E-02  0.523934E+00  0.122755E+06
  0.903983E+00  0.109637E+06  0.109087E+06  0.000000E+00  0.000000E+00  0.279945E+03 -0.362119E-01  0.523934E+00  0.109088E+06
  0.972418E+00  0.973722E+05  0.968835E+05  0.000000E+00  0.000000E+00  0.216963E+03 -0.258442E-01  0.523933E+00  0.968842E+05
  0.104603E+01  0.864291E+05  0.859953E+05  0.000000E+00  0.000000E+00  0.167923E+03 -0.106200E-01  0.523933E+00  0.859958E+05
