    0.999999974737875163555145263671875000000000E-04    0.443887939453125000000000000000000000000000E+03
    0.102020130725577473640441894531250000000000E-03    0.452538299560546875000000000000000000000000E+03
    0.104081082099582999944686889648437500000000E-03    0.461357055664062500000000000000000000000000E+03
    0.106183659227099269628524780273437500000000E-03    0.470347442626953125000000000000000000000000E+03
    0.108328706119209527969360351562500000000000E-03    0.479512847900390625000000000000000000000000E+03
    0.110517095890827476978302001953125000000000E-03    0.488856597900390625000000000000000000000000E+03
    0.112749679828993976116180419921875000000000E-03    0.498382232666015625000000000000000000000000E+03
    0.115027374704368412494659423828125000000000E-03    0.508093231201171875000000000000000000000000E+03
    0.117351090011652559041976928710937500000000E-03    0.517993225097656250000000000000000000000000E+03
    0.119721727969590574502944946289062500000000E-03    0.528085815429687500000000000000000000000000E+03
    0.122140278108417987823486328125000000000000E-03    0.538374755859375000000000000000000000000000E+03
    0.124607671750709414482116699218750000000000E-03    0.548863830566406250000000000000000000000000E+03
    0.127124920254573225975036621093750000000000E-03    0.559556945800781250000000000000000000000000E+03
    0.129692998598329722881317138671875000000000E-03    0.570458007812500000000000000000000000000000E+03
    0.132312969071790575981140136718750000000000E-03    0.581571105957031250000000000000000000000000E+03
    0.134985879412852227687835693359375000000000E-03    0.592900268554687500000000000000000000000000E+03
    0.137712777359411120414733886718750000000000E-03    0.604449768066406250000000000000000000000000E+03
    0.140494754305109381675720214843750000000000E-03    0.616223815917968750000000000000000000000000E+03
    0.143332930747419595718383789062500000000000E-03    0.628226745605468750000000000000000000000000E+03
    0.146228456287644803524017333984375000000000E-03    0.640462951660156250000000000000000000000000E+03
    0.149182465975172817707061767578125000000000E-03    0.652937011718750000000000000000000000000000E+03
    0.152196153067052364349365234375000000000000E-03    0.665653381347656250000000000000000000000000E+03
    0.155270710820332169532775878906250000000000E-03    0.678616882324218750000000000000000000000000E+03
    0.158407390699721872806549072265625000000000E-03    0.691832153320312500000000000000000000000000E+03
    0.161607444169931113719940185546875000000000E-03    0.705304077148437500000000000000000000000000E+03
    0.164872122695669531822204589843750000000000E-03    0.719037719726562500000000000000000000000000E+03
    0.168202750501222908496856689453125000000000E-03    0.733038024902343750000000000000000000000000E+03
    0.171600666362792253494262695312500000000000E-03    0.747310119628906250000000000000000000000000E+03
    0.175067238160409033298492431640625000000000E-03    0.761859313964843750000000000000000000000000E+03
    0.178603833774104714393615722656250000000000E-03    0.776690917968750000000000000000000000000000E+03
    0.182211864739656448364257812500000000000000E-03    0.791810302734375000000000000000000000000000E+03
    0.185892800800502300262451171875000000000000E-03    0.807222961425781250000000000000000000000000E+03
    0.189648068044334650039672851562500000000000E-03    0.822934570312500000000000000000000000000000E+03
    0.193479223526082932949066162109375000000000E-03    0.838950866699218750000000000000000000000000E+03
    0.197387780644930899143218994140625000000000E-03    0.855277709960937500000000000000000000000000E+03
    0.201375267351977527141571044921875000000000E-03    0.871921020507812500000000000000000000000000E+03
    0.205443298909813165664672851562500000000000E-03    0.888886901855468750000000000000000000000000E+03
    0.209593548788689076900482177734375000000000E-03    0.906181457519531250000000000000000000000000E+03
    0.213827603147365152835845947265625000000000E-03    0.923811096191406250000000000000000000000000E+03
    0.218147222767584025859832763671875000000000E-03    0.941782104492187500000000000000000000000000E+03
    0.222554081119596958160400390625000000000000E-03    0.960101013183593750000000000000000000000000E+03
    0.227049968088977038860321044921875000000000E-03    0.978774536132812500000000000000000000000000E+03
    0.231636688113212585449218750000000000000000E-03    0.997809265136718750000000000000000000000000E+03
    0.236316060181707143783569335937500000000000E-03    0.101721221923828125000000000000000000000000E+04
    0.241089961491525173187255859375000000000000E-03    0.103699035644531250000000000000000000000000E+04
    0.245960312895476818084716796875000000000000E-03    0.105715087890625000000000000000000000000000E+04
    0.250929006142541766166687011718750000000000E-03    0.107770104980468750000000000000000000000000E+04
    0.255998136708512902259826660156250000000000E-03    0.109864807128906250000000000000000000000000E+04
    0.261169654550030827522277832031250000000000E-03    0.111999975585937500000000000000000000000000E+04
    0.266445596935227513313293457031250000000000E-03    0.114176367187500000000000000000000000000000E+04
    0.271828175755217671394348144531250000000000E-03    0.116394738769531250000000000000000000000000E+04
    0.277319486485794186592102050781250000000000E-03    0.118655908203125000000000000000000000000000E+04
    0.282921682810410857200622558593750000000000E-03    0.120960681152343750000000000000000000000000E+04
    0.288637093035504221916198730468750000000000E-03    0.123309863281250000000000000000000000000000E+04
    0.294467929052188992500305175781250000000000E-03    0.125704296875000000000000000000000000000000E+04
    0.300416606478393077850341796875000000000000E-03    0.128144824218750000000000000000000000000000E+04
    0.306485395412892103195190429687500000000000E-03    0.130632336425781250000000000000000000000000E+04
    0.312676827888935804367065429687500000000000E-03    0.133167700195312500000000000000000000000000E+04
    0.318993290420621633529663085937500000000000E-03    0.135751806640625000000000000000000000000000E+04
    0.325437402352690696716308593750000000000000E-03    0.138385583496093750000000000000000000000000E+04
    0.332011666614562273025512695312500000000000E-03    0.141069934082031250000000000000000000000000E+04
    0.338718760758638381958007812500000000000000E-03    0.143805810546875000000000000000000000000000E+04
    0.345561362337321043014526367187500000000000E-03    0.146594165039062500000000000000000000000000E+04
    0.352542119799181818962097167968750000000000E-03    0.149435986328125000000000000000000000000000E+04
    0.359663943527266383171081542968750000000000E-03    0.152332238769531250000000000000000000000000E+04
    0.366929627489298582077026367187500000000000E-03    0.155283959960937500000000000000000000000000E+04
    0.374342111172154545783996582031250000000000E-03    0.158292163085937500000000000000000000000000E+04
    0.381904304958879947662353515625000000000000E-03    0.161357885742187500000000000000000000000000E+04
    0.389619322959333658218383789062500000000000E-03    0.164482177734375000000000000000000000000000E+04
    0.397490162868052721023559570312500000000000E-03    0.167666125488281250000000000000000000000000E+04
    0.405519997002556920051574707031250000000000E-03    0.170910827636718750000000000000000000000000E+04
    0.413712026784196496009826660156250000000000E-03    0.174217370605468750000000000000000000000000E+04
    0.422069540945813059806823730468750000000000E-03    0.177586914062500000000000000000000000000000E+04
    0.430595915531739592552185058593750000000000E-03    0.181020568847656250000000000000000000000000E+04
    0.439294555690139532089233398437500000000000E-03    0.184519519042968750000000000000000000000000E+04
    0.448168895673006772994995117187500000000000E-03    0.188084936523437500000000000000000000000000E+04
    0.457222486147657036781311035156250000000000E-03    0.191718041992187500000000000000000000000000E+04
    0.466458965092897415161132812500000000000000E-03    0.195420031738281250000000000000000000000000E+04
    0.475882086902856826782226562500000000000000E-03    0.199192150878906250000000000000000000000000E+04
    0.485495518660172820091247558593750000000000E-03    0.203035656738281250000000000000000000000000E+04
    0.495303189381957054138183593750000000000000E-03    0.206951831054687500000000000000000000000000E+04
    0.505309028085321187973022460937500000000000E-03    0.210941943359375000000000000000000000000000E+04
    0.515516963787376880645751953125000000000000E-03    0.215007324218750000000000000000000000000000E+04
    0.525931071024388074874877929687500000000000E-03    0.219149316406250000000000000000000000000000E+04
    0.536555540747940540313720703125000000000000E-03    0.223369262695312500000000000000000000000000E+04
    0.547394680324941873550415039062500000000000E-03    0.227668530273437500000000000000000000000000E+04
    0.558452797122299671173095703125000000000000E-03    0.232048510742187500000000000000000000000000E+04
    0.569734314922243356704711914062500000000000E-03    0.236510620117187500000000000000000000000000E+04
    0.581243715714663267135620117187500000000000E-03    0.241056250000000000000000000000000000000000E+04
    0.592985597904771566390991210937500000000000E-03    0.245686914062500000000000000000000000000000E+04
    0.604964734520763158798217773437500000000000E-03    0.250404028320312500000000000000000000000000E+04
    0.617185782175511121749877929687500000000000E-03    0.255209106445312500000000000000000000000000E+04
    0.629653746727854013442993164062500000000000E-03    0.260103637695312500000000000000000000000000E+04
    0.642373692244291305541992187500000000000000E-03    0.265089160156250000000000000000000000000000E+04
    0.655350449960678815841674804687500000000000E-03    0.270167236328125000000000000000000000000000E+04
    0.668589433189481496810913085937500000000000E-03    0.275339404296875000000000000000000000000000E+04
    0.682095822412520647048950195312500000000000E-03    0.280607275390625000000000000000000000000000E+04
    0.695875030942261219024658203125000000000000E-03    0.285972460937500000000000000000000000000000E+04
    0.709932646714150905609130859375000000000000E-03    0.291436547851562500000000000000000000000000E+04
    0.724274199455976486206054687500000000000000E-03    0.297001220703125000000000000000000000000000E+04
    0.738905626349151134490966796875000000000000E-03    0.302668115234375000000000000000000000000000E+04
    0.753832457121461629867553710937500000000000E-03    0.308438916015625000000000000000000000000000E+04
    0.769060861784964799880981445312500000000000E-03    0.314315332031250000000000000000000000000000E+04
    0.784596893936395645141601562500000000000000E-03    0.320299072265625000000000000000000000000000E+04
    0.800446781795471906661987304687500000000000E-03    0.326391870117187500000000000000000000000000E+04
    0.816616869997233152389526367187500000000000E-03    0.332595458984375000000000000000000000000000E+04
    0.833113677799701690673828125000000000000000E-03    0.338911669921875000000000000000000000000000E+04
    0.849943608045578002929687500000000000000000E-03    0.345342236328125000000000000000000000000000E+04
    0.867113587446510791778564453125000000000000E-03    0.351888989257812500000000000000000000000000E+04
    0.884630659129470586776733398437500000000000E-03    0.358553710937500000000000000000000000000000E+04
    0.902501342352479696273803710937500000000000E-03    0.365338256835937500000000000000000000000000E+04
    0.920733029488474130630493164062500000000000E-03    0.372244482421875000000000000000000000000000E+04
    0.939333112910389900207519531250000000000000E-03    0.379274243164062500000000000000000000000000E+04
    0.958308868575841188430786132812500000000000E-03    0.386429418945312500000000000000000000000000E+04
    0.977667979896068572998046875000000000000000E-03    0.393711865234375000000000000000000000000000E+04
    0.997418188489973545074462890625000000000000E-03    0.401123510742187500000000000000000000000000E+04
    0.101756735239177942276000976562500000000000E-02    0.408666284179687500000000000000000000000000E+04
    0.103812362067401409149169921875000000000000E-02    0.416342089843750000000000000000000000000000E+04
    0.105909502599388360977172851562500000000000E-02    0.424152832031250000000000000000000000000000E+04
    0.108049006666988134384155273437500000000000E-02    0.432100439453125000000000000000000000000000E+04
    0.110231747385114431381225585937500000000000E-02    0.440186865234375000000000000000000000000000E+04
    0.112458574585616588592529296875000000000000E-02    0.448414062500000000000000000000000000000000E+04
    0.114730407949537038803100585937500000000000E-02    0.456783935546875000000000000000000000000000E+04
    0.117048120591789484024047851562500000000000E-02    0.465298486328125000000000000000000000000000E+04
    0.119412643834948539733886718750000000000000E-02    0.473959619140625000000000000000000000000000E+04
    0.121824943926185369491577148437500000000000E-02    0.482769335937500000000000000000000000000000E+04
    0.124285963829606771469116210937500000000000E-02    0.491729638671875000000000000000000000000000E+04
    0.126796704716980457305908203125000000000000E-02    0.500842333984375000000000000000000000000000E+04
    0.129358167760074138641357421875000000000000E-02    0.510109521484375000000000000000000000000000E+04
    0.131971365772187709808349609375000000000000E-02    0.519533007812500000000000000000000000000000E+04
    0.134637358132749795913696289062500000000000E-02    0.529114843750000000000000000000000000000000E+04
    0.137357215862721204757690429687500000000000E-02    0.538856884765625000000000000000000000000000E+04
    0.140132009983062744140625000000000000000000E-02    0.548761035156250000000000000000000000000000E+04
    0.142962858080863952636718750000000000000000E-02    0.558829248046875000000000000000000000000000E+04
    0.145850901026278734207153320312500000000000E-02    0.569063330078125000000000000000000000000000E+04
    0.148797314614057540893554687500000000000000E-02    0.579465234375000000000000000000000000000000E+04
    0.151803228072822093963623046875000000000000E-02    0.590036816406250000000000000000000000000000E+04
    0.154869852121919393539428710937500000000000E-02    0.600779833984375000000000000000000000000000E+04
    0.157998420763760805130004882812500000000000E-02    0.611696093750000000000000000000000000000000E+04
    0.161190202925354242324829101562500000000000E-02    0.622787353515625000000000000000000000000000E+04
    0.164446467533707618713378906250000000000000E-02    0.634055468750000000000000000000000000000000E+04
    0.167768495157361030578613281250000000000000E-02    0.645502001953125000000000000000000000000000E+04
    0.171157636214047670364379882812500000000000E-02    0.657128759765625000000000000000000000000000E+04
    0.174615241121500730514526367187500000000000E-02    0.668937304687500000000000000000000000000000E+04
    0.178142718505114316940307617187500000000000E-02    0.680929248046875000000000000000000000000000E+04
    0.181741418782621622085571289062500000000000E-02    0.693106152343750000000000000000000000000000E+04
    0.185412843711674213409423828125000000000000E-02    0.705469531250000000000000000000000000000000E+04
    0.189158413559198379516601562500000000000000E-02    0.718020898437500000000000000000000000000000E+04
    0.192979711573570966720581054687500000000000E-02    0.730761523437500000000000000000000000000000E+04
    0.196878169663250446319580078125000000000000E-02    0.743692871093750000000000000000000000000000E+04
    0.200855359435081481933593750000000000000000E-02    0.756816210937500000000000000000000000000000E+04
    0.204912899062037467956542968750000000000000E-02    0.770132763671875000000000000000000000000000E+04
    0.209052418358623981475830078125000000000000E-02    0.783643701171875000000000000000000000000000E+04
    0.213275570422410964965820312500000000000000E-02    0.797350048828125000000000000000000000000000E+04
    0.217583985067903995513916015625000000000000E-02    0.811252880859375000000000000000000000000000E+04
    0.221979478374123573303222656250000000000000E-02    0.825353125000000000000000000000000000000000E+04
    0.226463773287832736968994140625000000000000E-02    0.839651757812500000000000000000000000000000E+04
    0.231038639321923255920410156250000000000000E-02    0.854149316406250000000000000000000000000000E+04
    0.235705915838479995727539062500000000000000E-02    0.868846679687500000000000000000000000000000E+04
    0.240467488765716552734375000000000000000000E-02    0.883744433593750000000000000000000000000000E+04
    0.245325244031846523284912109375000000000000E-02    0.898842968750000000000000000000000000000000E+04
    0.250281183980405330657958984375000000000000E-02    0.914142773437500000000000000000000000000000E+04
    0.255337217822670936584472656250000000000000E-02    0.929644140625000000000000000000000000000000E+04
    0.260495371185243129730224609375000000000000E-02    0.945347167968750000000000000000000000000000E+04
    0.265757716260850429534912109375000000000000E-02    0.961251953125000000000000000000000000000000E+04
    0.271126371808350086212158203125000000000000E-02    0.977358593750000000000000000000000000000000E+04
    0.276603479869663715362548828125000000000000E-02    0.993666699218750000000000000000000000000000E+04
    0.282191229052841663360595703125000000000000E-02    0.101017607421875000000000000000000000000000E+05
    0.287891877815127372741699218750000000000000E-02    0.102688632812500000000000000000000000000000E+05
    0.293707661330699920654296875000000000000000E-02    0.104379677734375000000000000000000000000000E+05
    0.299640954472124576568603515625000000000000E-02    0.106090673828125000000000000000000000000000E+05
    0.305694085545837879180908203125000000000000E-02    0.107821533203125000000000000000000000000000E+05
    0.311869522556662559509277343750000000000000E-02    0.109572148437500000000000000000000000000000E+05
    0.318169780075550079345703125000000000000000E-02    0.111342412109375000000000000000000000000000E+05
    0.324597232975065708160400390625000000000000E-02    0.113132167968750000000000000000000000000000E+05
    0.331154512241482734680175781250000000000000E-02    0.114941269531250000000000000000000000000000E+05
    0.337844272144138813018798828125000000000000E-02    0.116769550781250000000000000000000000000000E+05
    0.344669190235435962677001953125000000000000E-02    0.118616806640625000000000000000000000000000E+05
    0.351631967350840568542480468750000000000000E-02    0.120482832031250000000000000000000000000000E+05
    0.358735374175012111663818359375000000000000E-02    0.122367412109375000000000000000000000000000E+05
    0.365982321090996265411376953125000000000000E-02    0.124270273437500000000000000000000000000000E+05
    0.373375625349581241607666015625000000000000E-02    0.126191162109375000000000000000000000000000E+05
    0.380918313749134540557861328125000000000000E-02    0.128129755859375000000000000000000000000000E+05
    0.388613343238830566406250000000000000000000E-02    0.130085732421875000000000000000000000000000E+05
    0.396463880315423011779785156250000000000000E-02    0.132058750000000000000000000000000000000000E+05
    0.404472928494215011596679687500000000000000E-02    0.134048427734375000000000000000000000000000E+05
    0.412643933668732643127441406250000000000000E-02    0.136054375000000000000000000000000000000000E+05
    0.420979922637343406677246093750000000000000E-02    0.138076181640625000000000000000000000000000E+05
    0.429484248161315917968750000000000000000000E-02    0.140113398437500000000000000000000000000000E+05
    0.438160402700304985046386718750000000000000E-02    0.142165566406250000000000000000000000000000E+05
    0.447011832147836685180664062500000000000000E-02    0.144232197265625000000000000000000000000000E+05
    0.456042028963565826416015625000000000000000E-02    0.146312744140625000000000000000000000000000E+05
    0.465254718437790870666503906250000000000000E-02    0.148406611328125000000000000000000000000000E+05
    0.474653439596295356750488281250000000000000E-02    0.150513173828125000000000000000000000000000E+05
    0.484242103993892669677734375000000000000000E-02    0.152631767578125000000000000000000000000000E+05
    0.494024436920881271362304687500000000000000E-02    0.154761718750000000000000000000000000000000E+05
    0.504004349932074546813964843750000000000000E-02    0.156902373046875000000000000000000000000000E+05
    0.514185894280672073364257812500000000000000E-02    0.159053125000000000000000000000000000000000E+05
    0.524573167786002159118652343750000000000000E-02    0.161213330078125000000000000000000000000000E+05
    0.535170361399650573730468750000000000000000E-02    0.163382324218750000000000000000000000000000E+05
    0.545981479808688163757324218750000000000000E-02    0.165559394531250000000000000000000000000000E+05
    0.557011039927601814270019531250000000000000E-02    0.167743613281250000000000000000000000000000E+05
    0.568263372406363487243652343750000000000000E-02    0.169933828125000000000000000000000000000000E+05
    0.579743087291717529296875000000000000000000E-02    0.172128867187500000000000000000000000000000E+05
    0.591454654932022094726562500000000000000000E-02    0.174327519531250000000000000000000000000000E+05
    0.603402825072407722473144531250000000000000E-02    0.176528535156250000000000000000000000000000E+05
    0.615592347458004951477050781250000000000000E-02    0.178730820312500000000000000000000000000000E+05
    0.628028111532330513000488281250000000000000E-02    0.180933339843750000000000000000000000000000E+05
    0.640715099871158599853515625000000000000000E-02    0.183135078125000000000000000000000000000000E+05
    0.653658434748649597167968750000000000000000E-02    0.185334980468750000000000000000000000000000E+05
    0.666863145306706428527832031250000000000000E-02    0.187531914062500000000000000000000000000000E+05
    0.680334679782390594482421875000000000000000E-02    0.189724628906250000000000000000000000000000E+05
    0.694078346714377403259277343750000000000000E-02    0.191911738281250000000000000000000000000000E+05
    0.708099640905857086181640625000000000000000E-02    0.194091875000000000000000000000000000000000E+05
    0.722404150292277336120605468750000000000000E-02    0.196263593750000000000000000000000000000000E+05
    0.736997742205858230590820312500000000000000E-02    0.198425410156250000000000000000000000000000E+05
    0.751886051148176193237304687500000000000000E-02    0.200575761718750000000000000000000000000000E+05
    0.767075084149837493896484375000000000000000E-02    0.202713046875000000000000000000000000000000E+05
    0.782571360468864440917968750000000000000000E-02    0.204835644531250000000000000000000000000000E+05
    0.798380374908447265625000000000000000000000E-02    0.206941816406250000000000000000000000000000E+05
    0.814508739858865737915039062500000000000000E-02    0.209029902343750000000000000000000000000000E+05
    0.830962881445884704589843750000000000000000E-02    0.211098085937500000000000000000000000000000E+05
    0.847749505192041397094726562500000000000000E-02    0.213144492187500000000000000000000000000000E+05
    0.864875130355358123779296875000000000000000E-02    0.215167265625000000000000000000000000000000E+05
    0.882346741855144500732421875000000000000000E-02    0.217164492187500000000000000000000000000000E+05
    0.900171231478452682495117187500000000000000E-02    0.219134238281250000000000000000000000000000E+05
    0.918355956673622131347656250000000000000000E-02    0.221074433593750000000000000000000000000000E+05
    0.936907902359962463378906250000000000000000E-02    0.222982949218750000000000000000000000000000E+05
    0.955834705382585525512695312500000000000000E-02    0.224857695312500000000000000000000000000000E+05
    0.975143909454345703125000000000000000000000E-02    0.226696464843750000000000000000000000000000E+05
    0.994843058288097381591796875000000000000000E-02    0.228497109375000000000000000000000000000000E+05
    0.101494016125798225402832031250000000000000E-01    0.230257285156250000000000000000000000000000E+05
    0.103544332087039947509765625000000000000000E-01    0.231974628906250000000000000000000000000000E+05
    0.105636063963174819946289062500000000000000E-01    0.233646777343750000000000000000000000000000E+05
    0.107770059257745742797851562500000000000000E-01    0.235271328125000000000000000000000000000000E+05
    0.109947146847844123840332031250000000000000E-01    0.236845800781250000000000000000000000000000E+05
    0.112168220803141593933105468750000000000000E-01    0.238367480468750000000000000000000000000000E+05
    0.114434175193309783935546875000000000000000E-01    0.239833535156250000000000000000000000000000E+05
    0.116745894774794578552246093750000000000000E-01    0.241241093750000000000000000000000000000000E+05
    0.119104310870170593261718750000000000000000E-01    0.242587363281250000000000000000000000000000E+05
    0.121510382741689682006835937500000000000000E-01    0.243869628906250000000000000000000000000000E+05
    0.123965051025152206420898437500000000000000E-01    0.245085878906250000000000000000000000000000E+05
    0.126469302922487258911132812500000000000000E-01    0.246234257812500000000000000000000000000000E+05
    0.129024153575301170349121093750000000000000E-01    0.247312890625000000000000000000000000000000E+05
    0.131630674004554748535156250000000000000000E-01    0.248320058593750000000000000000000000000000E+05
    0.134289795532822608947753906250000000000000E-01    0.249253085937500000000000000000000000000000E+05
    0.137002617120742797851562500000000000000000E-01    0.250106269531250000000000000000000000000000E+05
    0.139770256355404853820800781250000000000000E-01    0.250873261718750000000000000000000000000000E+05
    0.142593793570995330810546875000000000000000E-01    0.251547675781250000000000000000000000000000E+05
    0.145474374294281005859375000000000000000000E-01    0.252123203125000000000000000000000000000000E+05
    0.148413162678480148315429687500000000000000E-01    0.252597148437500000000000000000000000000000E+05
    0.151411294937133789062500000000000000000000E-01    0.252977558593750000000000000000000000000000E+05
    0.154470009729266166687011718750000000000000E-01    0.253274609375000000000000000000000000000000E+05
    0.157590489834547042846679687500000000000000E-01    0.253498632812500000000000000000000000000000E+05
    0.160774048417806625366210937500000000000000E-01    0.253660019531250000000000000000000000000000E+05
    0.164021886885166168212890625000000000000000E-01    0.253761367187500000000000000000000000000000E+05
    0.167335346341133117675781250000000000000000E-01    0.253784375000000000000000000000000000000000E+05
    0.170715730637311935424804687500000000000000E-01    0.253707460937500000000000000000000000000000E+05
    0.174164418131113052368164062500000000000000E-01    0.253509121093750000000000000000000000000000E+05
    0.177682787179946899414062500000000000000000E-01    0.253168125000000000000000000000000000000000E+05
    0.181272197514772415161132812500000000000000E-01    0.252672656250000000000000000000000000000000E+05
    0.184934139251708984375000000000000000000000E-01    0.252032246093750000000000000000000000000000E+05
    0.188670046627521514892578125000000000000000E-01    0.251259609375000000000000000000000000000000E+05
    0.192481447011232376098632812500000000000000E-01    0.250367480468750000000000000000000000000000E+05
    0.196369830518960952758789062500000000000000E-01    0.249368613281250000000000000000000000000000E+05
    0.200336743146181106567382812500000000000000E-01    0.248267558593750000000000000000000000000000E+05
    0.204383805394172668457031250000000000000000E-01    0.247052265625000000000000000000000000000000E+05
    0.208512637764215469360351562500000000000000E-01    0.245709082031250000000000000000000000000000E+05
    0.212724860757589340209960937500000000000000E-01    0.244224843750000000000000000000000000000000E+05
    0.217022281140089035034179687500000000000000E-01    0.242587128906250000000000000000000000000000E+05
    0.221406426280736923217773437500000000000000E-01    0.240793261718750000000000000000000000000000E+05
    0.225879121571779251098632812500000000000000E-01    0.238857636718750000000000000000000000000000E+05
    0.230442192405462265014648437500000000000000E-01    0.236796230468750000000000000000000000000000E+05
    0.235097426921129226684570312500000000000000E-01    0.234624843750000000000000000000000000000000E+05
    0.239846706390380859375000000000000000000000E-01    0.232358867187500000000000000000000000000000E+05
    0.244691912084817886352539062500000000000000E-01    0.230007109375000000000000000000000000000000E+05
    0.249635018408298492431640625000000000000000E-01    0.227568300781250000000000000000000000000000E+05
    0.254677981138229370117187500000000000000000E-01    0.225040546875000000000000000000000000000000E+05
    0.259822811931371688842773437500000000000000E-01    0.222422285156250000000000000000000000000000E+05
    0.265071578323841094970703125000000000000000E-01    0.219712304687500000000000000000000000000000E+05
    0.270426385104656219482421875000000000000000E-01    0.216911347656250000000000000000000000000000E+05
    0.275889337062835693359375000000000000000000E-01    0.214022675781250000000000000000000000000000E+05
    0.281462669372558593750000000000000000000000E-01    0.211049882812500000000000000000000000000000E+05
    0.287148579955101013183593750000000000000000E-01    0.207996718750000000000000000000000000000000E+05
    0.292949359863996505737304687500000000000000E-01    0.204867031250000000000000000000000000000000E+05
    0.298867337405681610107421875000000000000000E-01    0.201666191406250000000000000000000000000000E+05
    0.304904840886592864990234375000000000000000E-01    0.198401289062500000000000000000000000000000E+05
    0.311064328998327255249023437500000000000000E-01    0.195079335937500000000000000000000000000000E+05
    0.317348241806030273437500000000000000000000E-01    0.191707304687500000000000000000000000000000E+05
    0.323759093880653381347656250000000000000000E-01    0.188292070312500000000000000000000000000000E+05
    0.330299474298954010009765625000000000000000E-01    0.184843847656250000000000000000000000000000E+05
    0.336971953511238098144531250000000000000000E-01    0.181376308593750000000000000000000000000000E+05
    0.343779213726520538330078125000000000000000E-01    0.177902597656250000000000000000000000000000E+05
    0.350724011659622192382812500000000000000000E-01    0.174435000000000000000000000000000000000000E+05
    0.357809104025363922119140625000000000000000E-01    0.170985000000000000000000000000000000000000E+05
    0.365037508308887481689453125000000000000000E-01    0.167562480468750000000000000000000000000000E+05
    0.372411720454692840576171875000000000000000E-01    0.164175722656250000000000000000000000000000E+05
    0.379934944212436676025390625000000000000000E-01    0.160832402343750000000000000000000000000000E+05
    0.387610122561454772949218750000000000000000E-01    0.157539560546875000000000000000000000000000E+05
    0.395440347492694854736328125000000000000000E-01    0.154303574218750000000000000000000000000000E+05
    0.403428785502910614013671875000000000000000E-01    0.151128974609375000000000000000000000000000E+05
    0.411578565835952758789062500000000000000000E-01    0.148018710937500000000000000000000000000000E+05
    0.419893004000186920166015625000000000000000E-01    0.144975361328125000000000000000000000000000E+05
    0.428375415503978729248046875000000000000000E-01    0.142001240234375000000000000000000000000000E+05
    0.437029153108596801757812500000000000000000E-01    0.139098701171875000000000000000000000000000E+05
    0.445857718586921691894531250000000000000000E-01    0.136275058593750000000000000000000000000000E+05
    0.454864650964736938476562500000000000000000E-01    0.133541083984375000000000000000000000000000E+05
    0.464053489267826080322265625000000000000000E-01    0.130906699218750000000000000000000000000000E+05
    0.473427996039390563964843750000000000000000E-01    0.128380927734375000000000000000000000000000E+05
    0.482991859316825866699218750000000000000000E-01    0.125970234375000000000000000000000000000000E+05
    0.492748916149139404296875000000000000000000E-01    0.123668300781250000000000000000000000000000E+05
    0.502703115344047546386718750000000000000000E-01    0.121464052734375000000000000000000000000000E+05
    0.512858368456363677978515625000000000000000E-01    0.119347080078125000000000000000000000000000E+05
    0.523218810558319091796875000000000000000000E-01    0.117307636718750000000000000000000000000000E+05
    0.533788502216339111328125000000000000000000E-01    0.115336396484375000000000000000000000000000E+05
    0.544571764767169952392578125000000000000000E-01    0.113424355468750000000000000000000000000000E+05
    0.555572807788848876953125000000000000000000E-01    0.111563056640625000000000000000000000000000E+05
    0.566796138882637023925781250000000000000000E-01    0.109744443359375000000000000000000000000000E+05
    0.578246153891086578369140625000000000000000E-01    0.107957900390625000000000000000000000000000E+05
    0.589927472174167633056640625000000000000000E-01    0.106190273437500000000000000000000000000000E+05
    0.601844787597656250000000000000000000000000E-01    0.104429052734375000000000000000000000000000E+05
    0.614003166556358337402343750000000000000000E-01    0.102662089843750000000000000000000000000000E+05
    0.626406818628311157226562500000000000000000E-01    0.100874042968750000000000000000000000000000E+05
    0.639061108231544494628906250000000000000000E-01    0.990487207031250000000000000000000000000000E+04
    0.651970952749252319335937500000000000000000E-01    0.971712500000000000000000000000000000000000E+04
    0.665141642093658447265625000000000000000000E-01    0.952253808593750000000000000000000000000000E+04
    0.678578317165374755859375000000000000000000E-01    0.931920019531250000000000000000000000000000E+04
    0.692286565899848937988281250000000000000000E-01    0.910539453125000000000000000000000000000000E+04
    0.706271678209304809570312500000000000000000E-01    0.888011914062500000000000000000000000000000E+04
    0.720539242029190063476562500000000000000000E-01    0.864401269531250000000000000000000000000000E+04
    0.735095068812370300292968750000000000000000E-01    0.839806542968750000000000000000000000000000E+04
    0.749944970011711120605468750000000000000000E-01    0.814274072265625000000000000000000000000000E+04
    0.765094906091690063476562500000000000000000E-01    0.787672216796875000000000000000000000000000E+04
    0.780550837516784667968750000000000000000000E-01    0.759867919921875000000000000000000000000000E+04
    0.796318948268890380859375000000000000000000E-01    0.730878076171875000000000000000000000000000E+04
    0.812405645847320556640625000000000000000000E-01    0.700979248046875000000000000000000000000000E+04
    0.828817337751388549804687500000000000000000E-01    0.670466748046875000000000000000000000000000E+04
    0.845560505986213684082031250000000000000000E-01    0.639601611328125000000000000000000000000000E+04
    0.862641930580139160156250000000000000000000E-01    0.608611523437500000000000000000000000000000E+04
    0.880068466067314147949218750000000000000000E-01    0.577714404296875000000000000000000000000000E+04
    0.897847041487693786621093750000000000000000E-01    0.547148144531250000000000000000000000000000E+04
    0.915984734892845153808593750000000000000000E-01    0.517134570312500000000000000000000000000000E+04
    0.934488773345947265625000000000000000000000E-01    0.487913623046875000000000000000000000000000E+04
    0.953366756439208984375000000000000000000000E-01    0.459731445312500000000000000000000000000000E+04
    0.972625985741615295410156250000000000000000E-01    0.432783496093750000000000000000000000000000E+04
    0.992274358868598937988281250000000000000000E-01    0.407228759765625000000000000000000000000000E+04
    0.101232007145881652832031250000000000000000E+00    0.383220288085937500000000000000000000000000E+04
    0.103277020156383514404296875000000000000000E+00    0.360870800781250000000000000000000000000000E+04
    0.105363354086875915527343750000000000000000E+00    0.340229394531250000000000000000000000000000E+04
    0.107491828501224517822265625000000000000000E+00    0.321175317382812500000000000000000000000000E+04
    0.109663315117359161376953125000000000000000E+00    0.303539624023437500000000000000000000000000E+04
    0.111878655850887298583984375000000000000000E+00    0.287158422851562500000000000000000000000000E+04
    0.114138752222061157226562500000000000000000E+00    0.271782568359375000000000000000000000000000E+04
    0.116444505751132965087890625000000000000000E+00    0.257157324218750000000000000000000000000000E+04
    0.118796832859516143798828125000000000000000E+00    0.243062817382812500000000000000000000000000E+04
    0.121196687221527099609375000000000000000000E+00    0.229276318359375000000000000000000000000000E+04
    0.123645029962062835693359375000000000000000E+00    0.215612231445312500000000000000000000000000E+04
    0.126142814755439758300781250000000000000000E+00    0.201930920410156250000000000000000000000000E+04
    0.128691077232360839843750000000000000000000E+00    0.188134069824218750000000000000000000000000E+04
    0.131290808320045471191406250000000000000000E+00    0.174174938964843750000000000000000000000000E+04
    0.133943051099777221679687500000000000000000E+00    0.160062170410156250000000000000000000000000E+04
    0.136648878455162048339843750000000000000000E+00    0.145853442382812500000000000000000000000000E+04
    0.139409363269805908203125000000000000000000E+00    0.131684545898437500000000000000000000000000E+04
    0.142225623130798339843750000000000000000000E+00    0.117776293945312500000000000000000000000000E+04
    0.145098760724067687988281250000000000000000E+00    0.104358154296875000000000000000000000000000E+04
    0.148029953241348266601562500000000000000000E+00    0.917223937988281250000000000000000000000000E+03
    0.151020348072052001953125000000000000000000E+00    0.801017028808593750000000000000000000000000E+03
    0.154071167111396789550781250000000000000000E+00    0.696972595214843750000000000000000000000000E+03
    0.157183602452278137207031250000000000000000E+00    0.606266540527343750000000000000000000000000E+03
    0.160358920693397521972656250000000000000000E+00    0.529126342773437500000000000000000000000000E+03
    0.163598373532295227050781250000000000000000E+00    0.465114929199218750000000000000000000000000E+03
    0.166903272271156311035156250000000000000000E+00    0.413299835205078125000000000000000000000000E+03
    0.170275032520294189453125000000000000000000E+00    0.372542724609375000000000000000000000000000E+03
    0.173714801669120788574218750000000000000000E+00    0.341277496337890625000000000000000000000000E+03
    0.177224084734916687011718750000000000000000E+00    0.317840026855468750000000000000000000000000E+03
    0.180804237723350524902343750000000000000000E+00    0.300292419433593750000000000000000000000000E+03
    0.184456720948219299316406250000000000000000E+00    0.286699768066406250000000000000000000000000E+03
    0.188182994723320007324218750000000000000000E+00    0.275145294189453125000000000000000000000000E+03
    0.191984534263610839843750000000000000000000E+00    0.263937927246093750000000000000000000000000E+03
    0.195862874388694763183593750000000000000000E+00    0.251772796630859375000000000000000000000000E+03
    0.199819564819335937500000000000000000000000E+00    0.237900314331054687500000000000000000000000E+03
    0.203856185078620910644531250000000000000000E+00    0.222174880981445312500000000000000000000000E+03
    0.207974359393119812011718750000000000000000E+00    0.204972412109375000000000000000000000000000E+03
    0.212175697088241577148437500000000000000000E+00    0.187015625000000000000000000000000000000000E+03
    0.216461926698684692382812500000000000000000E+00    0.169265396118164062500000000000000000000000E+03
    0.220834761857986450195312500000000000000000E+00    0.152607528686523437500000000000000000000000E+03
    0.225295916199684143066406250000000000000000E+00    0.137703170776367187500000000000000000000000E+03
    0.229847192764282226562500000000000000000000E+00    0.124927207946777343750000000000000000000000E+03
    0.234490394592285156250000000000000000000000E+00    0.114382858276367187500000000000000000000000E+03
    0.239227414131164550781250000000000000000000E+00    0.105864074707031250000000000000000000000000E+03
    0.244060128927230834960937500000000000000000E+00    0.988682861328125000000000000000000000000000E+02
    0.248990446329116821289062500000000000000000E+00    0.927899475097656250000000000000000000000000E+02
    0.254020392894744873046875000000000000000000E+00    0.870980911254882812500000000000000000000000E+02
    0.259151935577392578125000000000000000000000E+00    0.813983154296875000000000000000000000000000E+02
    0.264387160539627075195312500000000000000000E+00    0.754592132568359375000000000000000000000000E+02
    0.269728124141693115234375000000000000000000E+00    0.692423248291015625000000000000000000000000E+02
    0.275177001953125000000000000000000000000000E+00    0.629154701232910156250000000000000000000000E+02
    0.280736058950424194335937500000000000000000E+00    0.568367080688476562500000000000000000000000E+02
    0.286407291889190673828125000000000000000000E+00    0.513493232727050781250000000000000000000000E+02
    0.292193114757537841796875000000000000000000E+00    0.466402778625488281250000000000000000000000E+02
    0.298095792531967163085937500000000000000000E+00    0.427552986145019531250000000000000000000000E+02
    0.304117560386657714843750000000000000000000E+00    0.396077690124511718750000000000000000000000E+02
    0.310261309146881103515625000000000000000000E+00    0.370253906250000000000000000000000000000000E+02
    0.316528826951980590820312500000000000000000E+00    0.347515258789062500000000000000000000000000E+02
    0.322923272848129272460937500000000000000000E+00    0.325215339660644531250000000000000000000000E+02
    0.329446613788604736328125000000000000000000E+00    0.301959209442138671875000000000000000000000E+02
    0.336102008819580078125000000000000000000000E+00    0.277188663482666015625000000000000000000000E+02
    0.342891573905944824218750000000000000000000E+00    0.251899490356445312500000000000000000000000E+02
    0.349818587303161621093750000000000000000000E+00    0.227874603271484375000000000000000000000000E+02
    0.356885224580764770507812500000000000000000E+00    0.206794872283935546875000000000000000000000E+02
    0.364094972610473632812500000000000000000000E+00    0.189746837615966796875000000000000000000000E+02
    0.371450334787368774414062500000000000000000E+00    0.176368694305419921875000000000000000000000E+02
    0.378953933715820312500000000000000000000000E+00    0.165152721405029296875000000000000000000000E+02
    0.386609494686126708984375000000000000000000E+00    0.154418888092041015625000000000000000000000E+02
    0.394419312477111816406250000000000000000000E+00    0.143108959197998046875000000000000000000000E+02
    0.402387291193008422851562500000000000000000E+00    0.131272449493408203125000000000000000000000E+02
    0.410515844821929931640625000000000000000000E+00    0.119817934036254882812500000000000000000000E+02
    0.418809026479721069335937500000000000000000E+00    0.109679508209228515625000000000000000000000E+02
    0.427269339561462402343750000000000000000000E+00    0.101090946197509765625000000000000000000000E+02
    0.435900926589965820312500000000000000000000E+00    0.936855220794677734375000000000000000000000E+01
    0.444706469774246215820312500000000000000000E+00    0.870376777648925781250000000000000000000000E+01
    0.453690379858016967773437500000000000000000E+00    0.808199596405029296875000000000000000000000E+01
    0.462855309247970581054687500000000000000000E+00    0.749120426177978515625000000000000000000000E+01
    0.472205787897109985351562500000000000000000E+00    0.691878271102905273437500000000000000000000E+01
    0.481744766235351562500000000000000000000000E+00    0.637035083770751953125000000000000000000000E+01
    0.491476893424987792968750000000000000000000E+00    0.587427520751953125000000000000000000000000E+01
    0.501405119895935058593750000000000000000000E+00    0.544714069366455078125000000000000000000000E+01
    0.511534392833709716796875000000000000000000E+00    0.506715440750122070312500000000000000000000E+01
    0.521867811679840087890625000000000000000000E+00    0.470763206481933593750000000000000000000000E+01
    0.532410502433776855468750000000000000000000E+00    0.436507940292358398437500000000000000000000E+01
    0.543165624141693115234375000000000000000000E+00    0.404668235778808593750000000000000000000000E+01
    0.554138541221618652343750000000000000000000E+00    0.375032520294189453125000000000000000000000E+01
    0.565332591533660888671875000000000000000000E+00    0.348142290115356445312500000000000000000000E+01
    0.576753377914428710937500000000000000000000E+00    0.324121665954589843750000000000000000000000E+01
    0.588404297828674316406250000000000000000000E+00    0.301784944534301757812500000000000000000000E+01
    0.600291073322296142578125000000000000000000E+00    0.280696892738342285156250000000000000000000E+01
    0.612418055534362792968750000000000000000000E+00    0.261256289482116699218750000000000000000000E+01
    0.624789416790008544921875000000000000000000E+00    0.243184351921081542968750000000000000000000E+01
    0.637411296367645263671875000000000000000000E+00    0.226627254486083984375000000000000000000000E+01
    0.650287508964538574218750000000000000000000E+00    0.211405372619628906250000000000000000000000E+01
    0.663424491882324218750000000000000000000000E+00    0.197355091571807861328125000000000000000000E+01
    0.676826238632202148437500000000000000000000E+00    0.184336602687835693359375000000000000000000E+01
    0.690499365329742431640625000000000000000000E+00    0.172242474555969238281250000000000000000000E+01
    0.704448044300079345703125000000000000000000E+00    0.161011648178100585937500000000000000000000E+01
    0.718679130077362060546875000000000000000000E+00    0.150591576099395751953125000000000000000000E+01
    0.733197033405303955078125000000000000000000E+00    0.140931320190429687500000000000000000000000E+01
    0.748008966445922851562500000000000000000000E+00    0.131974864006042480468750000000000000000000E+01
    0.763119339942932128906250000000000000000000E+00    0.123663151264190673828125000000000000000000E+01
    0.778535783290863037109375000000000000000000E+00    0.115942287445068359375000000000000000000000E+01
    0.794262826442718505859375000000000000000000E+00    0.108763694763183593750000000000000000000000E+01
    0.810308396816253662109375000000000000000000E+00    0.102084648609161376953125000000000000000000E+01
    0.826677322387695312500000000000000000000000E+00    0.958666265010833740234375000000000000000000E+00
    0.843377590179443359375000000000000000000000E+00    0.900743722915649414062500000000000000000000E+00
    0.860414624214172363281250000000000000000000E+00    0.846758782863616943359375000000000000000000E+00
    0.877796530723571777343750000000000000000000E+00    0.796424925327301025390625000000000000000000E+00
    0.895528674125671386718750000000000000000000E+00    0.749478459358215332031250000000000000000000E+00
    0.913619995117187500000000000000000000000000E+00    0.705674827098846435546875000000000000000000E+00
    0.932075977325439453125000000000000000000000E+00    0.664769113063812255859375000000000000000000E+00
    0.950905561447143554687500000000000000000000E+00    0.626521646976470947265625000000000000000000E+00
    0.970114648342132568359375000000000000000000E+00    0.590715408325195312500000000000000000000000E+00
    0.989712655544281005859375000000000000000000E+00    0.557161867618560791015625000000000000000000E+00
    0.100970673561096191406250000000000000000000E+01    0.525731682777404785156250000000000000000000E+00
    0.103010356426239013671875000000000000000000E+01    0.496315240859985351562500000000000000000000E+00
    0.105091357231140136718750000000000000000000E+01    0.468799799680709838867187500000000000000000E+00
    0.107214283943176269531250000000000000000000E+01    0.442926436662673950195312500000000000000000E+00
    0.109380209445953369140625000000000000000000E+01    0.418612837791442871093750000000000000000000E+00
    0.111589777469635009765625000000000000000000E+01    0.395758807659149169921875000000000000000000E+00
    0.113844096660614013671875000000000000000000E+01    0.374264329671859741210937500000000000000000E+00
    0.116143846511840820312500000000000000000000E+01    0.354112833738327026367187500000000000000000E+00
    0.118490147590637207031250000000000000000000E+01    0.335101783275604248046875000000000000000000E+00
    0.120883750915527343750000000000000000000000E+01    0.317237496376037597656250000000000000000000E+00
    0.123325824737548828125000000000000000000000E+01    0.300381511449813842773437500000000000000000E+00
    0.125817120075225830078125000000000000000000E+01    0.284514546394348144531250000000000000000000E+00
    0.128358840942382812500000000000000000000000E+01    0.269531697034835815429687500000000000000000E+00
    0.130951797962188720703125000000000000000000E+01    0.255410969257354736328125000000000000000000E+00
    0.133597266674041748046875000000000000000000E+01    0.242080926895141601562500000000000000000000E+00
    0.136296045780181884765625000000000000000000E+01    0.229490280151367187500000000000000000000000E+00
    0.139049470424652099609375000000000000000000E+01    0.217595756053924560546875000000000000000000E+00
    0.141858386993408203125000000000000000000000E+01    0.206365823745727539062500000000000000000000E+00
    0.144724178314208984375000000000000000000000E+01    0.195741593837738037109375000000000000000000E+00
    0.147647726535797119140625000000000000000000E+01    0.185692727565765380859375000000000000000000E+00
    0.150630474090576171875000000000000000000000E+01    0.176189452409744262695312500000000000000000E+00
    0.153673338890075683593750000000000000000000E+01    0.167192995548248291015625000000000000000000E+00
    0.156777822971343994140625000000000000000000E+01    0.158678546547889709472656250000000000000000E+00
    0.159944856166839599609375000000000000000000E+01    0.150612264871597290039062500000000000000000E+00
    0.163176035881042480468750000000000000000000E+01    0.142971754074096679687500000000000000000000E+00
    0.166472315788269042968750000000000000000000E+01    0.135734632611274719238281250000000000000000E+00
    0.169835364818572998046875000000000000000000E+01    0.128875687718391418457031250000000000000000E+00
    0.173266339302062988281250000000000000000000E+01    0.122368685901165008544921875000000000000000E+00
    0.176766479015350341796875000000000000000000E+01    0.116199560463428497314453125000000000000000E+00
    0.180337476730346679687500000000000000000000E+01    0.110348418354988098144531250000000000000000E+00
    0.183980441093444824218750000000000000000000E+01    0.104798682034015655517578125000000000000000E+00
    0.187697184085845947265625000000000000000000E+01    0.995340049266815185546875000000000000000000E-01
    0.191488826274871826171875000000000000000000E+01    0.945397764444351196289062500000000000000000E-01
    0.195357239246368408203125000000000000000000E+01    0.897978022694587707519531250000000000000000E-01
    0.199303627014160156250000000000000000000000E+01    0.852948352694511413574218750000000000000000E-01
    0.203329920768737792968750000000000000000000E+01    0.810249820351600646972656250000000000000000E-01
    0.207437348365783691406250000000000000000000E+01    0.769649744033813476562500000000000000000000E-01
    0.211627960205078125000000000000000000000000E+01    0.731120035052299499511718750000000000000000E-01
    0.215903019905090332031250000000000000000000E+01    0.694499239325523376464843750000000000000000E-01
    0.220264649391174316406250000000000000000000E+01    0.659777820110321044921875000000000000000000E-01
    0.224714183807373046875000000000000000000000E+01    0.626782253384590148925781250000000000000000E-01
    0.229253816604614257812500000000000000000000E+01    0.595444999635219573974609375000000000000000E-01
    0.233884930610656738281250000000000000000000E+01    0.565663352608680725097656250000000000000000E-01
    0.238609838485717773437500000000000000000000E+01    0.537385195493698120117187500000000000000000E-01
    0.243429946899414062500000000000000000000000E+01    0.510498657822608947753906250000000000000000E-01
    0.248347663879394531250000000000000000000000E+01    0.484963506460189819335937500000000000000000E-01
    0.253364515304565429687500000000000000000000E+01    0.460690222680568695068359375000000000000000E-01
    0.258482933044433593750000000000000000000000E+01    0.437623783946037292480468750000000000000000E-01
    0.263704514503479003906250000000000000000000E+01    0.415725782513618469238281250000000000000000E-01
    0.269031810760498046875000000000000000000000E+01    0.394919775426387786865234375000000000000000E-01
    0.274466466903686523437500000000000000000000E+01    0.375151038169860839843750000000000000000000E-01
    0.280011177062988281250000000000000000000000E+01    0.356344506144523620605468750000000000000000E-01
    0.285667920112609863281250000000000000000000E+01    0.338481478393077850341796875000000000000000E-01
    0.291438651084899902343750000000000000000000E+01    0.321511849761009216308593750000000000000000E-01
    0.297326231002807617187500000000000000000000E+01    0.305379442870616912841796875000000000000000E-01
    0.303332471847534179687500000000000000000000E+01    0.290060825645923614501953125000000000000000E-01
    0.309460353851318359375000000000000000000000E+01    0.275491308420896530151367187500000000000000E-01
    0.315711688995361328125000000000000000000000E+01    0.261651631444692611694335937500000000000000E-01
    0.322089648246765136718750000000000000000000E+01    0.248506870120763778686523437500000000000000E-01
    0.328596115112304687500000000000000000000000E+01    0.236005652695894241333007812500000000000000E-01
    0.335234355926513671875000000000000000000000E+01    0.224135182797908782958984375000000000000000E-01
    0.342006349563598632812500000000000000000000E+01    0.212858244776725769042968750000000000000000E-01
    0.348915529251098632812500000000000000000000E+01    0.202132277190685272216796875000000000000000E-01
    0.355963897705078125000000000000000000000000E+01    0.191951207816600799560546875000000000000000E-01
    0.363155031204223632812500000000000000000000E+01    0.182268619537353515625000000000000000000000E-01
    0.370491051673889160156250000000000000000000E+01    0.173074472695589065551757812500000000000000E-01
    0.377975654602050781250000000000000000000000E+01    0.164340250194072723388671875000000000000000E-01
    0.385611033439636230468750000000000000000000E+01    0.156036084517836570739746093750000000000000E-01
    0.393401122093200683593750000000000000000000E+01    0.148155214264988899230957031250000000000000E-01
    0.401348161697387695312500000000000000000000E+01    0.140665285289287567138671875000000000000000E-01
    0.409456062316894531250000000000000000000000E+01    0.133545948192477226257324218750000000000000E-01
    0.417727470397949218750000000000000000000000E+01    0.126785486936569213867187500000000000000000E-01
    0.426166296005249023437500000000000000000000E+01    0.120366737246513366699218750000000000000000E-01
    0.434775209426879882812500000000000000000000E+01    0.114266173914074897766113281250000000000000E-01
    0.443558454513549804687500000000000000000000E+01    0.108471326529979705810546875000000000000000E-01
