  0.104584E-04  0.199311E+08  0.199311E+08  0.265609E+08  0.265606E+08  0.199335E+08  0.199201E+08  0.525991E+00  0.199311E+08
  0.115465E-04  0.199311E+08  0.199311E+08  0.265579E+08  0.265574E+08  0.199335E+08  0.199201E+08  0.525991E+00  0.199311E+08
  0.127478E-04  0.199311E+08  0.199311E+08  0.265542E+08  0.265536E+08  0.199335E+08  0.199201E+08  0.525991E+00  0.199311E+08
  0.140740E-04  0.199311E+08  0.199311E+08  0.265497E+08  0.265490E+08  0.199335E+08  0.199201E+08  0.525991E+00  0.199311E+08
  0.155382E-04  0.199311E+08  0.199311E+08  0.265442E+08  0.265433E+08  0.199335E+08  0.199201E+08  0.525991E+00  0.199311E+08
  0.171548E-04  0.199310E+08  0.199310E+08  0.265375E+08  0.265365E+08  0.199334E+08  0.199201E+08  0.525991E+00  0.199310E+08
  0.189395E-04  0.199310E+08  0.199310E+08  0.265293E+08  0.265281E+08  0.199334E+08  0.199200E+08  0.525991E+00  0.199310E+08
  0.209099E-04  0.199310E+08  0.199310E+08  0.265193E+08  0.265179E+08  0.199333E+08  0.199200E+08  0.525990E+00  0.199310E+08
  0.230854E-04  0.199310E+08  0.199310E+08  0.265072E+08  0.265054E+08  0.199333E+08  0.199200E+08  0.525990E+00  0.199310E+08
  0.254871E-04  0.199310E+08  0.199310E+08  0.264924E+08  0.264902E+08  0.199332E+08  0.199200E+08  0.525990E+00  0.199310E+08
  0.281387E-04  0.199309E+08  0.199309E+08  0.264744E+08  0.264717E+08  0.199331E+08  0.199199E+08  0.525990E+00  0.199309E+08
  0.310662E-04  0.199309E+08  0.199309E+08  0.264525E+08  0.264492E+08  0.199330E+08  0.199199E+08  0.525990E+00  0.199309E+08
  0.342983E-04  0.199308E+08  0.199308E+08  0.264258E+08  0.264218E+08  0.199329E+08  0.199199E+08  0.525990E+00  0.199308E+08
  0.378666E-04  0.199308E+08  0.199308E+08  0.263933E+08  0.263884E+08  0.199327E+08  0.199198E+08  0.525989E+00  0.199308E+08
  0.418061E-04  0.199307E+08  0.199307E+08  0.263537E+08  0.263478E+08  0.199325E+08  0.199197E+08  0.525989E+00  0.199307E+08
  0.461555E-04  0.199306E+08  0.199306E+08  0.263055E+08  0.262983E+08  0.199323E+08  0.199196E+08  0.525989E+00  0.199306E+08
  0.509574E-04  0.199305E+08  0.199305E+08  0.262469E+08  0.262382E+08  0.199320E+08  0.199195E+08  0.525988E+00  0.199305E+08
  0.562589E-04  0.199304E+08  0.199303E+08  0.261756E+08  0.261650E+08  0.199316E+08  0.199194E+08  0.525987E+00  0.199304E+08
  0.621119E-04  0.199302E+08  0.199302E+08  0.260890E+08  0.260760E+08  0.199312E+08  0.199192E+08  0.525986E+00  0.199302E+08
  0.685739E-04  0.199300E+08  0.199300E+08  0.259838E+08  0.259680E+08  0.199306E+08  0.199190E+08  0.525985E+00  0.199300E+08
  0.757082E-04  0.199298E+08  0.199297E+08  0.258560E+08  0.258369E+08  0.199300E+08  0.199188E+08  0.525984E+00  0.199298E+08
  0.835846E-04  0.199295E+08  0.199294E+08  0.257011E+08  0.256779E+08  0.199292E+08  0.199185E+08  0.525983E+00  0.199295E+08
  0.922806E-04  0.199291E+08  0.199291E+08  0.255134E+08  0.254852E+08  0.199282E+08  0.199181E+08  0.525981E+00  0.199291E+08
  0.101881E-03  0.199287E+08  0.199286E+08  0.252863E+08  0.252522E+08  0.199270E+08  0.199177E+08  0.525979E+00  0.199286E+08
  0.112481E-03  0.199281E+08  0.199281E+08  0.250120E+08  0.249709E+08  0.199256E+08  0.199172E+08  0.525976E+00  0.199281E+08
  0.124183E-03  0.199275E+08  0.199274E+08  0.246814E+08  0.246318E+08  0.199238E+08  0.199165E+08  0.525973E+00  0.199274E+08
  0.137103E-03  0.199267E+08  0.199266E+08  0.242839E+08  0.242242E+08  0.199217E+08  0.199157E+08  0.525970E+00  0.199266E+08
  0.151366E-03  0.199257E+08  0.199256E+08  0.238074E+08  0.237357E+08  0.199191E+08  0.199147E+08  0.525965E+00  0.199257E+08
  0.167114E-03  0.199246E+08  0.199244E+08  0.232382E+08  0.231524E+08  0.199160E+08  0.199136E+08  0.525959E+00  0.199245E+08
  0.184500E-03  0.199231E+08  0.199230E+08  0.225615E+08  0.224593E+08  0.199121E+08  0.199122E+08  0.525953E+00  0.199230E+08
  0.203695E-03  0.199214E+08  0.199212E+08  0.217613E+08  0.216402E+08  0.199074E+08  0.199104E+08  0.525945E+00  0.199213E+08
  0.224887E-03  0.199193E+08  0.199190E+08  0.208216E+08  0.206789E+08  0.199017E+08  0.199083E+08  0.525936E+00  0.199192E+08
  0.248284E-03  0.199168E+08  0.199164E+08  0.197272E+08  0.195604E+08  0.198948E+08  0.199058E+08  0.525925E+00  0.199166E+08
  0.274115E-03  0.199137E+08  0.199133E+08  0.184658E+08  0.182725E+08  0.198864E+08  0.199027E+08  0.525912E+00  0.199135E+08
  0.302633E-03  0.199100E+08  0.199095E+08  0.170303E+08  0.168091E+08  0.198762E+08  0.198990E+08  0.525897E+00  0.199097E+08
  0.334118E-03  0.199055E+08  0.199049E+08  0.154224E+08  0.151728E+08  0.198638E+08  0.198945E+08  0.525879E+00  0.199052E+08
  0.368879E-03  0.199000E+08  0.198994E+08  0.136566E+08  0.133799E+08  0.198489E+08  0.198891E+08  0.525860E+00  0.198997E+08
  0.407256E-03  0.198935E+08  0.198927E+08  0.117650E+08  0.114650E+08  0.198307E+08  0.198825E+08  0.525837E+00  0.198931E+08
  0.449626E-03  0.198857E+08  0.198847E+08  0.980095E+07  0.948448E+07  0.198088E+08  0.198747E+08  0.525813E+00  0.198852E+08
  0.496404E-03  0.198763E+08  0.198752E+08  0.784130E+07  0.751898E+07  0.197824E+08  0.198653E+08  0.525786E+00  0.198757E+08
  0.548049E-03  0.198651E+08  0.198638E+08  0.598397E+07  0.566994E+07  0.197505E+08  0.198541E+08  0.525758E+00  0.198644E+08
  0.605067E-03  0.198518E+08  0.198503E+08  0.433809E+07  0.404913E+07  0.197123E+08  0.198408E+08  0.525729E+00  0.198509E+08
  0.668016E-03  0.198360E+08  0.198343E+08  0.300460E+07  0.275786E+07  0.196665E+08  0.198250E+08  0.525700E+00  0.198350E+08
  0.737515E-03  0.198174E+08  0.198154E+08  0.204807E+07  0.185730E+07  0.196117E+08  0.198064E+08  0.525673E+00  0.198161E+08
  0.814244E-03  0.197955E+08  0.197933E+08  0.146634E+07  0.133739E+07  0.195463E+08  0.197845E+08  0.525648E+00  0.197940E+08
  0.898956E-03  0.197699E+08  0.197674E+08  0.117400E+07  0.110108E+07  0.194688E+08  0.197589E+08  0.525626E+00  0.197681E+08
  0.992481E-03  0.197400E+08  0.197372E+08  0.102071E+07  0.986107E+06  0.193770E+08  0.197290E+08  0.525606E+00  0.197378E+08
  0.109574E-02  0.197052E+08  0.197022E+08  0.856386E+06  0.835890E+06  0.192689E+08  0.196942E+08  0.525588E+00  0.197027E+08
  0.120973E-02  0.196648E+08  0.196616E+08  0.619902E+06  0.593036E+06  0.191422E+08  0.196538E+08  0.525571E+00  0.196618E+08
  0.133559E-02  0.196181E+08  0.196148E+08  0.378615E+06  0.337882E+06  0.189947E+08  0.196071E+08  0.525553E+00  0.196147E+08
  0.147454E-02  0.195642E+08  0.195608E+08  0.245645E+06  0.196747E+06  0.188247E+08  0.195532E+08  0.525536E+00  0.195602E+08
  0.162795E-02  0.195023E+08  0.194988E+08  0.223499E+06  0.000000E+00  0.186303E+08  0.194912E+08  0.525518E+00  0.194977E+08
  0.179732E-02  0.194312E+08  0.194277E+08  0.186358E+06  0.000000E+00  0.184098E+08  0.194202E+08  0.525500E+00  0.194259E+08
  0.198431E-02  0.193500E+08  0.193465E+08  0.902269E+05  0.000000E+00  0.181621E+08  0.193389E+08  0.525481E+00  0.193439E+08
  0.219075E-02  0.192574E+08  0.192539E+08  0.498428E+05  0.000000E+00  0.178866E+08  0.192463E+08  0.525460E+00  0.192505E+08
  0.241867E-02  0.191523E+08  0.191487E+08  0.617656E+05  0.000000E+00  0.175829E+08  0.191410E+08  0.525439E+00  0.191444E+08
  0.267030E-02  0.190332E+08  0.190295E+08  0.259740E+05  0.000000E+00  0.172511E+08  0.190219E+08  0.525417E+00  0.190244E+08
  0.294812E-02  0.188990E+08  0.188951E+08  0.200575E+05  0.000000E+00  0.168913E+08  0.188876E+08  0.525393E+00  0.188890E+08
  0.325483E-02  0.187482E+08  0.187440E+08  0.118423E+05  0.000000E+00  0.165029E+08  0.187366E+08  0.525369E+00  0.187371E+08
  0.359345E-02  0.185794E+08  0.185750E+08  0.250140E+04  0.000000E+00  0.160850E+08  0.185676E+08  0.525344E+00  0.185671E+08
  0.396731E-02  0.183912E+08  0.183865E+08 -0.425422E+04  0.000000E+00  0.156363E+08  0.183791E+08  0.525318E+00  0.183776E+08
  0.438006E-02  0.181821E+08  0.181771E+08  0.131402E+04  0.000000E+00  0.151558E+08  0.181697E+08  0.525291E+00  0.181673E+08
  0.483575E-02  0.179506E+08  0.179452E+08 -0.208707E+04  0.000000E+00  0.146441E+08  0.179377E+08  0.525263E+00  0.179344E+08
  0.533885E-02  0.176952E+08  0.176893E+08 -0.328736E+04  0.000000E+00  0.141010E+08  0.176815E+08  0.525233E+00  0.176776E+08
  0.589429E-02  0.174146E+08  0.174081E+08 -0.160345E+04  0.000000E+00  0.135007E+08  0.173998E+08  0.525199E+00  0.173954E+08
  0.650751E-02  0.171062E+08  0.170989E+08 -0.179631E+04  0.000000E+00  0.128800E+08  0.170899E+08  0.525165E+00  0.170854E+08
  0.718454E-02  0.167684E+08  0.167603E+08 -0.175667E+04  0.000000E+00  0.122257E+08  0.167499E+08  0.525128E+00  0.167461E+08
  0.793200E-02  0.163994E+08  0.163902E+08 -0.260389E+04  0.000000E+00  0.115467E+08  0.163778E+08  0.525090E+00  0.163754E+08
  0.875723E-02  0.159968E+08  0.159863E+08 -0.287214E+04  0.000000E+00  0.108504E+08  0.159708E+08  0.525051E+00  0.159712E+08
  0.966831E-02  0.155581E+08  0.155462E+08 -0.184517E+04  0.000000E+00  0.101350E+08  0.155261E+08  0.525010E+00  0.155310E+08
  0.106742E-01  0.150807E+08  0.150670E+08 -0.196239E+04  0.000000E+00  0.940100E+07  0.150401E+08  0.524968E+00  0.150521E+08
  0.117847E-01  0.145613E+08  0.145456E+08 -0.114247E+04  0.000000E+00  0.865482E+07  0.145086E+08  0.524924E+00  0.145313E+08
  0.130107E-01  0.139962E+08  0.139782E+08 -0.952382E+03  0.000000E+00  0.790494E+07  0.139271E+08  0.524878E+00  0.139650E+08
  0.143643E-01  0.133818E+08  0.133611E+08 -0.977081E+03  0.000000E+00  0.715429E+07  0.132903E+08  0.524830E+00  0.133495E+08
  0.158588E-01  0.127147E+08  0.126909E+08 -0.716658E+03  0.000000E+00  0.640710E+07  0.125934E+08  0.524779E+00  0.126815E+08
  0.175087E-01  0.120067E+08  0.119796E+08 -0.679404E+03  0.000000E+00  0.568018E+07  0.118468E+08  0.524723E+00  0.119728E+08
  0.193302E-01  0.112328E+08  0.112021E+08 -0.578284E+03  0.000000E+00  0.496693E+07  0.110249E+08  0.524662E+00  0.111986E+08
  0.213413E-01  0.104102E+08  0.103758E+08 -0.305127E+03  0.000000E+00  0.428382E+07  0.101453E+08  0.524593E+00  0.103761E+08
  0.235616E-01  0.954163E+07  0.950342E+07 -0.266507E+03  0.000000E+00  0.363733E+07  0.921273E+07  0.524511E+00  0.950783E+07
  0.260129E-01  0.866737E+07  0.862564E+07 -0.242745E+03  0.000000E+00  0.304717E+07  0.827014E+07  0.524412E+00  0.863428E+07
  0.287192E-01  0.781317E+07  0.776848E+07 -0.158918E+03  0.000000E+00  0.252168E+07  0.734444E+07  0.524287E+00  0.778109E+07
  0.317071E-01  0.699411E+07  0.694743E+07 -0.963376E+02  0.000000E+00  0.206258E+07  0.644891E+07  0.524125E+00  0.696335E+07
  0.350058E-01  0.622844E+07  0.618119E+07 -0.586445E+02  0.000000E+00  0.167031E+07  0.559876E+07  0.523913E+00  0.619931E+07
  0.386477E-01  0.553040E+07  0.548443E+07 -0.830919E+02  0.000000E+00  0.134230E+07  0.481175E+07  0.523633E+00  0.550320E+07
  0.426686E-01  0.491189E+07  0.486930E+07 -0.533183E+02  0.000000E+00  0.107397E+07  0.410592E+07  0.523261E+00  0.488688E+07
  0.469354E-01  0.440260E+07  0.436524E+07  0.000000E+00  0.000000E+00  0.866677E+06  0.350733E+07  0.522790E+00  0.437988E+07
  0.512023E-01  0.401370E+07  0.398242E+07  0.000000E+00  0.000000E+00  0.715221E+06  0.303109E+07  0.522243E+00  0.399312E+07
  0.554691E-01  0.370705E+07  0.368183E+07  0.000000E+00  0.000000E+00  0.600903E+06  0.264288E+07  0.521619E+00  0.368839E+07
  0.597360E-01  0.345449E+07  0.343458E+07  0.000000E+00  0.000000E+00  0.511603E+06  0.231358E+07  0.520927E+00  0.343749E+07
  0.640028E-01  0.323449E+07  0.321864E+07  0.000000E+00  0.000000E+00  0.439429E+06  0.202836E+07  0.520171E+00  0.321887E+07
  0.682697E-01  0.303093E+07  0.301765E+07  0.000000E+00  0.000000E+00  0.379111E+06  0.177250E+07  0.519366E+00  0.301641E+07
  0.725366E-01  0.283345E+07  0.282129E+07  0.000000E+00  0.000000E+00  0.327395E+06  0.154132E+07  0.518514E+00  0.281980E+07
  0.768034E-01  0.264230E+07  0.263004E+07  0.000000E+00  0.000000E+00  0.282906E+06  0.133281E+07  0.517635E+00  0.262931E+07
  0.810703E-01  0.245315E+07  0.244000E+07  0.000000E+00  0.000000E+00  0.275472E+06  0.114513E+07  0.516746E+00  0.244084E+07
  0.853371E-01  0.227287E+07  0.225849E+07  0.000000E+00  0.000000E+00  0.238920E+06  0.979890E+06  0.515834E+00  0.226102E+07
  0.896040E-01  0.210588E+07  0.209036E+07  0.000000E+00  0.000000E+00  0.207703E+06  0.836991E+06  0.514917E+00  0.209446E+07
  0.960076E-01  0.188814E+07  0.187180E+07  0.000000E+00  0.000000E+00  0.169942E+06  0.662924E+06  0.513557E+00  0.187741E+07
  0.102411E+00  0.171796E+07  0.170226E+07  0.000000E+00  0.000000E+00  0.141752E+06  0.531833E+06  0.512234E+00  0.170799E+07
  0.108815E+00  0.159518E+07  0.158145E+07  0.000000E+00  0.000000E+00  0.121174E+06  0.434963E+06  0.510966E+00  0.158602E+07
  0.115218E+00  0.150625E+07  0.149513E+07  0.000000E+00  0.000000E+00  0.105740E+06  0.361619E+06  0.509767E+00  0.149788E+07
  0.121622E+00  0.143272E+07  0.142404E+07  0.000000E+00  0.000000E+00  0.932653E+05  0.302881E+06  0.508642E+00  0.142505E+07
  0.128025E+00  0.136117E+07  0.135413E+07  0.000000E+00  0.000000E+00  0.824148E+05  0.253493E+06  0.507594E+00  0.135406E+07
  0.134429E+00  0.128444E+07  0.127803E+07  0.000000E+00  0.000000E+00  0.725313E+05  0.210839E+06  0.506625E+00  0.127775E+07
  0.140833E+00  0.120087E+07  0.119423E+07  0.000000E+00  0.000000E+00  0.634035E+05  0.173889E+06  0.505739E+00  0.119448E+07
  0.147236E+00  0.111506E+07  0.110776E+07  0.000000E+00  0.000000E+00  0.551751E+05  0.142662E+06  0.504931E+00  0.110892E+07
  0.153640E+00  0.103503E+07  0.102713E+07  0.000000E+00  0.000000E+00  0.481061E+05  0.117223E+06  0.504188E+00  0.102912E+07
  0.160043E+00  0.966984E+06  0.958907E+06  0.000000E+00  0.000000E+00  0.423067E+05  0.970661E+05  0.503513E+00  0.961332E+06
  0.166447E+00  0.913003E+06  0.905290E+06  0.000000E+00  0.000000E+00  0.376787E+05  0.814122E+05  0.502907E+00  0.907641E+06
  0.172851E+00  0.871776E+06  0.864863E+06  0.000000E+00  0.000000E+00  0.340020E+05  0.692161E+05  0.502347E+00  0.866724E+06
  0.179254E+00  0.839432E+06  0.833498E+06  0.000000E+00  0.000000E+00  0.309973E+05  0.594224E+05  0.501849E+00  0.834683E+06
  0.185658E+00  0.810644E+06  0.805589E+06  0.000000E+00  0.000000E+00  0.283860E+05  0.513166E+05  0.501392E+00  0.806167E+06
  0.192061E+00  0.780733E+06  0.776258E+06  0.000000E+00  0.000000E+00  0.259619E+05  0.442374E+05  0.500982E+00  0.776482E+06
  0.198465E+00  0.747489E+06  0.743231E+06  0.000000E+00  0.000000E+00  0.236365E+05  0.380272E+05  0.500607E+00  0.743418E+06
  0.204868E+00  0.711424E+06  0.707095E+06  0.000000E+00  0.000000E+00  0.214188E+05  0.325220E+05  0.500273E+00  0.707496E+06
  0.211272E+00  0.674783E+06  0.670251E+06  0.000000E+00  0.000000E+00  0.193666E+05  0.278000E+05  0.499961E+00  0.670981E+06
  0.217676E+00  0.640301E+06  0.635600E+06  0.000000E+00  0.000000E+00  0.175392E+05  0.238099E+05  0.499690E+00  0.636621E+06
  0.224079E+00  0.610086E+06  0.605372E+06  0.000000E+00  0.000000E+00  0.159687E+05  0.205089E+05  0.499434E+00  0.606535E+06
  0.230483E+00  0.584996E+06  0.580461E+06  0.000000E+00  0.000000E+00  0.146478E+05  0.178332E+05  0.499203E+00  0.581587E+06
  0.236886E+00  0.564556E+06  0.560351E+06  0.000000E+00  0.000000E+00  0.135375E+05  0.156223E+05  0.499002E+00  0.561292E+06
  0.243290E+00  0.547196E+06  0.543381E+06  0.000000E+00  0.000000E+00  0.125784E+05  0.137659E+05  0.498810E+00  0.544074E+06
  0.249694E+00  0.530997E+06  0.527535E+06  0.000000E+00  0.000000E+00  0.117118E+05  0.121780E+05  0.498633E+00  0.528006E+06
  0.256097E+00  0.514520E+06  0.511306E+06  0.000000E+00  0.000000E+00  0.108982E+05  0.107764E+05  0.498479E+00  0.511644E+06
  0.262501E+00  0.497091E+06  0.493998E+06  0.000000E+00  0.000000E+00  0.101195E+05  0.951630E+04  0.498340E+00  0.494313E+06
  0.268904E+00  0.478757E+06  0.475680E+06  0.000000E+00  0.000000E+00  0.937438E+04  0.838829E+04  0.498209E+00  0.476063E+06
  0.275308E+00  0.460227E+06  0.457118E+06  0.000000E+00  0.000000E+00  0.867426E+04  0.739447E+04  0.498086E+00  0.457610E+06
  0.281712E+00  0.442578E+06  0.439445E+06  0.000000E+00  0.000000E+00  0.803540E+04  0.653387E+04  0.497974E+00  0.440036E+06
  0.288115E+00  0.426613E+06  0.423507E+06  0.000000E+00  0.000000E+00  0.746666E+04  0.579695E+04  0.497873E+00  0.424146E+06
  0.294519E+00  0.412595E+06  0.409582E+06  0.000000E+00  0.000000E+00  0.696631E+04  0.516765E+04  0.497782E+00  0.410207E+06
  0.300922E+00  0.400362E+06  0.397494E+06  0.000000E+00  0.000000E+00  0.652555E+04  0.462802E+04  0.497699E+00  0.398053E+06
  0.307326E+00  0.389415E+06  0.386716E+06  0.000000E+00  0.000000E+00  0.613119E+04  0.415998E+04  0.497623E+00  0.387184E+06
  0.313729E+00  0.379089E+06  0.376548E+06  0.000000E+00  0.000000E+00  0.576905E+04  0.374731E+04  0.497552E+00  0.376930E+06
  0.320133E+00  0.368842E+06  0.366423E+06  0.000000E+00  0.000000E+00  0.542858E+04  0.337814E+04  0.497487E+00  0.366750E+06
  0.326537E+00  0.358412E+06  0.356069E+06  0.000000E+00  0.000000E+00  0.510443E+04  0.304522E+04  0.497426E+00  0.356380E+06
  0.332940E+00  0.347804E+06  0.345501E+06  0.000000E+00  0.000000E+00  0.479566E+04  0.274454E+04  0.497369E+00  0.345826E+06
  0.339344E+00  0.337244E+06  0.334959E+06  0.000000E+00  0.000000E+00  0.450433E+04  0.247416E+04  0.497316E+00  0.335317E+06
  0.345747E+00  0.327064E+06  0.324797E+06  0.000000E+00  0.000000E+00  0.423364E+04  0.223287E+04  0.497268E+00  0.325185E+06
  0.352151E+00  0.317542E+06  0.315308E+06  0.000000E+00  0.000000E+00  0.398562E+04  0.201925E+04  0.497225E+00  0.315711E+06
  0.358555E+00  0.308813E+06  0.306633E+06  0.000000E+00  0.000000E+00  0.376027E+04  0.183149E+04  0.497188E+00  0.307031E+06
  0.364958E+00  0.300848E+06  0.298742E+06  0.000000E+00  0.000000E+00  0.355554E+04  0.166708E+04  0.497155E+00  0.299115E+06
  0.371362E+00  0.293475E+06  0.291450E+06  0.000000E+00  0.000000E+00  0.336793E+04  0.152234E+04  0.497121E+00  0.291789E+06
  0.377765E+00  0.286460E+06  0.284513E+06  0.000000E+00  0.000000E+00  0.319357E+04  0.139225E+04  0.497085E+00  0.284818E+06
  0.384169E+00  0.279607E+06  0.277727E+06  0.000000E+00  0.000000E+00  0.302946E+04  0.127250E+04  0.497050E+00  0.278008E+06
  0.390572E+00  0.272809E+06  0.270981E+06  0.000000E+00  0.000000E+00  0.287376E+04  0.116260E+04  0.497024E+00  0.271249E+06
  0.396976E+00  0.266049E+06  0.264258E+06  0.000000E+00  0.000000E+00  0.272583E+04  0.106473E+04  0.497005E+00  0.264526E+06
  0.403380E+00  0.259387E+06  0.257624E+06  0.000000E+00  0.000000E+00  0.258581E+04  0.977331E+03  0.496979E+00  0.257900E+06
  0.409783E+00  0.252926E+06  0.251190E+06  0.000000E+00  0.000000E+00  0.245422E+04  0.895502E+03  0.496949E+00  0.251472E+06
  0.416187E+00  0.246759E+06  0.245053E+06  0.000000E+00  0.000000E+00  0.233144E+04  0.820838E+03  0.496934E+00  0.245339E+06
  0.422590E+00  0.240942E+06  0.239271E+06  0.000000E+00  0.000000E+00  0.221744E+04  0.756810E+03  0.496918E+00  0.239554E+06
  0.428994E+00  0.235472E+06  0.233843E+06  0.000000E+00  0.000000E+00  0.211164E+04  0.697339E+03  0.496890E+00  0.234115E+06
  0.435398E+00  0.230296E+06  0.228713E+06  0.000000E+00  0.000000E+00  0.201305E+04  0.642068E+03  0.496879E+00  0.228971E+06
  0.441801E+00  0.225338E+06  0.223799E+06  0.000000E+00  0.000000E+00  0.192059E+04  0.595159E+03  0.496865E+00  0.224043E+06
  0.448205E+00  0.220530E+06  0.219032E+06  0.000000E+00  0.000000E+00  0.183330E+04  0.549325E+03  0.496842E+00  0.219263E+06
  0.454608E+00  0.215820E+06  0.214357E+06  0.000000E+00  0.000000E+00  0.175049E+04  0.508628E+03  0.496839E+00  0.214581E+06
  0.461012E+00  0.211188E+06  0.209755E+06  0.000000E+00  0.000000E+00  0.167173E+04  0.471765E+03  0.496816E+00  0.209976E+06
  0.467415E+00  0.206653E+06  0.205246E+06  0.000000E+00  0.000000E+00  0.159696E+04  0.436085E+03  0.496811E+00  0.205466E+06
  0.473819E+00  0.202248E+06  0.200865E+06  0.000000E+00  0.000000E+00  0.152623E+04  0.405923E+03  0.496794E+00  0.201085E+06
  0.480223E+00  0.197994E+06  0.196635E+06  0.000000E+00  0.000000E+00  0.145945E+04  0.375459E+03  0.496787E+00  0.196853E+06
  0.486626E+00  0.193908E+06  0.192575E+06  0.000000E+00  0.000000E+00  0.139655E+04  0.350427E+03  0.496773E+00  0.192791E+06
  0.493030E+00  0.189999E+06  0.188694E+06  0.000000E+00  0.000000E+00  0.133737E+04  0.324764E+03  0.496768E+00  0.188904E+06
  0.499433E+00  0.186251E+06  0.184974E+06  0.000000E+00  0.000000E+00  0.128160E+04  0.303730E+03  0.496753E+00  0.185179E+06
  0.505837E+00  0.182636E+06  0.181387E+06  0.000000E+00  0.000000E+00  0.122887E+04  0.282320E+03  0.496753E+00  0.181585E+06
  0.512241E+00  0.179129E+06  0.177907E+06  0.000000E+00  0.000000E+00  0.117885E+04  0.263927E+03  0.496735E+00  0.178098E+06
  0.518644E+00  0.175712E+06  0.174515E+06  0.000000E+00  0.000000E+00  0.113129E+04  0.246603E+03  0.496738E+00  0.174701E+06
  0.525048E+00  0.172374E+06  0.171200E+06  0.000000E+00  0.000000E+00  0.108599E+04  0.229749E+03  0.496723E+00  0.171382E+06
  0.531451E+00  0.169112E+06  0.167959E+06  0.000000E+00  0.000000E+00  0.104282E+04  0.215885E+03  0.496718E+00  0.168139E+06
  0.537855E+00  0.165933E+06  0.164799E+06  0.000000E+00  0.000000E+00  0.100172E+04  0.201170E+03  0.496718E+00  0.164977E+06
  0.544258E+00  0.162849E+06  0.161734E+06  0.000000E+00  0.000000E+00  0.962664E+03  0.188484E+03  0.496701E+00  0.161910E+06
  0.550662E+00  0.159863E+06  0.158768E+06  0.000000E+00  0.000000E+00  0.925574E+03  0.177339E+03  0.496702E+00  0.158942E+06
  0.557066E+00  0.156975E+06  0.155900E+06  0.000000E+00  0.000000E+00  0.890343E+03  0.165557E+03  0.496700E+00  0.156070E+06
  0.563469E+00  0.154179E+06  0.153124E+06  0.000000E+00  0.000000E+00  0.856859E+03  0.155402E+03  0.496686E+00  0.153290E+06
  0.569873E+00  0.151471E+06  0.150435E+06  0.000000E+00  0.000000E+00  0.825007E+03  0.146675E+03  0.496683E+00  0.150598E+06
  0.576276E+00  0.148839E+06  0.147822E+06  0.000000E+00  0.000000E+00  0.794655E+03  0.137568E+03  0.496687E+00  0.147981E+06
  0.582680E+00  0.146273E+06  0.145274E+06  0.000000E+00  0.000000E+00  0.765674E+03  0.128863E+03  0.496678E+00  0.145430E+06
  0.589084E+00  0.143769E+06  0.142788E+06  0.000000E+00  0.000000E+00  0.737985E+03  0.121584E+03  0.496667E+00  0.142941E+06
  0.595487E+00  0.141328E+06  0.140363E+06  0.000000E+00  0.000000E+00  0.711527E+03  0.114968E+03  0.496666E+00  0.140513E+06
  0.601891E+00  0.138945E+06  0.137996E+06  0.000000E+00  0.000000E+00  0.686234E+03  0.108193E+03  0.496670E+00  0.138144E+06
  0.608294E+00  0.136622E+06  0.135688E+06  0.000000E+00  0.000000E+00  0.662049E+03  0.101568E+03  0.496667E+00  0.135834E+06
  0.614698E+00  0.134362E+06  0.133443E+06  0.000000E+00  0.000000E+00  0.638951E+03  0.956582E+02  0.496657E+00  0.133587E+06
  0.621101E+00  0.132166E+06  0.131262E+06  0.000000E+00  0.000000E+00  0.616887E+03  0.905247E+02  0.496649E+00  0.131404E+06
  0.627505E+00  0.130029E+06  0.129140E+06  0.000000E+00  0.000000E+00  0.595797E+03  0.858168E+02  0.496647E+00  0.129279E+06
  0.675010E+00  0.115749E+06  0.114958E+06  0.000000E+00  0.000000E+00  0.464736E+03  0.569356E+02  0.496640E+00  0.115082E+06
  0.726110E+00  0.102964E+06  0.102261E+06  0.000000E+00  0.000000E+00  0.361903E+03  0.379361E+02  0.496626E+00  0.102370E+06
  0.781080E+00  0.915301E+05  0.909050E+05  0.000000E+00  0.000000E+00  0.281377E+03  0.250387E+02  0.496613E+00  0.910018E+05
  0.840210E+00  0.813157E+05  0.807603E+05  0.000000E+00  0.000000E+00  0.218445E+03  0.165767E+02  0.496601E+00  0.808462E+05
  0.903817E+00  0.721984E+05  0.717053E+05  0.000000E+00  0.000000E+00  0.169346E+03  0.111344E+02  0.496602E+00  0.717814E+05
  0.972240E+00  0.640681E+05  0.636306E+05  0.000000E+00  0.000000E+00  0.131108E+03  0.743039E+01  0.496594E+00  0.636980E+05
  0.104584E+01  0.568216E+05  0.564336E+05  0.000000E+00  0.000000E+00  0.101371E+03  0.486668E+01  0.496579E+00  0.564933E+05
  0.105164E+01  0.563059E+05  0.559214E+05  0.000000E+00  0.000000E+00  0.994090E+02  0.465776E+01  0.496590E+00  0.559806E+05
  0.106221E+01  0.553847E+05  0.550065E+05  0.000000E+00  0.000000E+00  0.959554E+02  0.441824E+01  0.496593E+00  0.550646E+05
  0.107288E+01  0.544777E+05  0.541057E+05  0.000000E+00  0.000000E+00  0.926189E+02  0.423305E+01  0.496594E+00  0.541629E+05
  0.108367E+01  0.535854E+05  0.532195E+05  0.000000E+00  0.000000E+00  0.893972E+02  0.404394E+01  0.496583E+00  0.532758E+05
  0.109456E+01  0.527067E+05  0.523468E+05  0.000000E+00  0.000000E+00  0.862843E+02  0.371965E+01  0.496580E+00  0.524021E+05
  0.110556E+01  0.518424E+05  0.514884E+05  0.000000E+00  0.000000E+00  0.832793E+02  0.358004E+01  0.496592E+00  0.515428E+05
  0.111667E+01  0.509916E+05  0.506434E+05  0.000000E+00  0.000000E+00  0.803765E+02  0.333132E+01  0.496578E+00  0.506969E+05
  0.112789E+01  0.501542E+05  0.498118E+05  0.000000E+00  0.000000E+00  0.775734E+02  0.323068E+01  0.496586E+00  0.498644E+05
  0.113923E+01  0.493304E+05  0.489935E+05  0.000000E+00  0.000000E+00  0.748663E+02  0.298077E+01  0.496591E+00  0.490453E+05
  0.115068E+01  0.485192E+05  0.481879E+05  0.000000E+00  0.000000E+00  0.722518E+02  0.278566E+01  0.496584E+00  0.482388E+05
  0.116224E+01  0.477213E+05  0.473954E+05  0.000000E+00  0.000000E+00  0.697277E+02  0.263594E+01  0.496580E+00  0.474455E+05
  0.117392E+01  0.469359E+05  0.466154E+05  0.000000E+00  0.000000E+00  0.672899E+02  0.248768E+01  0.496580E+00  0.466646E+05
  0.118572E+01  0.461632E+05  0.458480E+05  0.000000E+00  0.000000E+00  0.649365E+02  0.235263E+01  0.496587E+00  0.458964E+05
  0.119764E+01  0.454025E+05  0.450925E+05  0.000000E+00  0.000000E+00  0.626633E+02  0.227858E+01  0.496590E+00  0.451401E+05
  0.120967E+01  0.446543E+05  0.443494E+05  0.000000E+00  0.000000E+00  0.604691E+02  0.216429E+01  0.496575E+00  0.443962E+05
  0.122183E+01  0.439177E+05  0.436178E+05  0.000000E+00  0.000000E+00  0.583502E+02  0.198463E+01  0.496587E+00  0.436638E+05
  0.123411E+01  0.431929E+05  0.428979E+05  0.000000E+00  0.000000E+00  0.563042E+02  0.193210E+01  0.496575E+00  0.429432E+05
  0.124651E+01  0.424796E+05  0.421895E+05  0.000000E+00  0.000000E+00  0.543288E+02  0.182058E+01  0.496589E+00  0.422341E+05
  0.125904E+01  0.417780E+05  0.414927E+05  0.000000E+00  0.000000E+00  0.524221E+02  0.167268E+01  0.496586E+00  0.415365E+05
  0.127170E+01  0.410873E+05  0.408067E+05  0.000000E+00  0.000000E+00  0.505807E+02  0.157284E+01  0.496581E+00  0.408498E+05
  0.128448E+01  0.404077E+05  0.401317E+05  0.000000E+00  0.000000E+00  0.488032E+02  0.148510E+01  0.496581E+00  0.401741E+05
  0.129739E+01  0.397389E+05  0.394675E+05  0.000000E+00  0.000000E+00  0.470868E+02  0.141386E+01  0.496587E+00  0.395092E+05
  0.131042E+01  0.390810E+05  0.388141E+05  0.000000E+00  0.000000E+00  0.454306E+02  0.138237E+01  0.496587E+00  0.388551E+05
  0.132359E+01  0.384335E+05  0.381710E+05  0.000000E+00  0.000000E+00  0.438312E+02  0.128507E+01  0.496571E+00  0.382113E+05
  0.133690E+01  0.377961E+05  0.375380E+05  0.000000E+00  0.000000E+00  0.422871E+02  0.121050E+01  0.496589E+00  0.375776E+05
  0.135033E+01  0.371694E+05  0.369155E+05  0.000000E+00  0.000000E+00  0.407971E+02  0.112755E+01  0.496573E+00  0.369545E+05
  0.136390E+01  0.365525E+05  0.363029E+05  0.000000E+00  0.000000E+00  0.393586E+02  0.110797E+01  0.496575E+00  0.363412E+05
  0.137761E+01  0.359456E+05  0.357001E+05  0.000000E+00  0.000000E+00  0.379700E+02  0.105097E+01  0.496582E+00  0.357377E+05
  0.139146E+01  0.353483E+05  0.351069E+05  0.000000E+00  0.000000E+00  0.366297E+02  0.993545E+00  0.496582E+00  0.351439E+05
  0.140544E+01  0.347608E+05  0.345234E+05  0.000000E+00  0.000000E+00  0.353362E+02  0.935793E+00  0.496574E+00  0.345598E+05
  0.141957E+01  0.341827E+05  0.339492E+05  0.000000E+00  0.000000E+00  0.340874E+02  0.845945E+00  0.496572E+00  0.339850E+05
  0.143383E+01  0.336140E+05  0.333844E+05  0.000000E+00  0.000000E+00  0.328825E+02  0.815490E+00  0.496588E+00  0.334197E+05
  0.144824E+01  0.330545E+05  0.328287E+05  0.000000E+00  0.000000E+00  0.317194E+02  0.763292E+00  0.496570E+00  0.328634E+05
  0.146280E+01  0.325039E+05  0.322819E+05  0.000000E+00  0.000000E+00  0.305969E+02  0.750856E+00  0.496581E+00  0.323160E+05
  0.147750E+01  0.319625E+05  0.317442E+05  0.000000E+00  0.000000E+00  0.295137E+02  0.691601E+00  0.496588E+00  0.317776E+05
  0.149235E+01  0.314295E+05  0.312149E+05  0.000000E+00  0.000000E+00  0.284682E+02  0.648323E+00  0.496588E+00  0.312478E+05
