    0.999999974737875163555145263671875000000000E-04    0.444128143310546875000000000000000000000000E+03
    0.102020130725577473640441894531250000000000E-03    0.452783233642578125000000000000000000000000E+03
    0.104081082099582999944686889648437500000000E-03    0.461606781005859375000000000000000000000000E+03
    0.106183659227099269628524780273437500000000E-03    0.470602081298828125000000000000000000000000E+03
    0.108328706119209527969360351562500000000000E-03    0.479772460937500000000000000000000000000000E+03
    0.110517095890827476978302001953125000000000E-03    0.489121337890625000000000000000000000000000E+03
    0.112749679828993976116180419921875000000000E-03    0.498652160644531250000000000000000000000000E+03
    0.115027374704368412494659423828125000000000E-03    0.508368499755859375000000000000000000000000E+03
    0.117351090011652559041976928710937500000000E-03    0.518273864746093750000000000000000000000000E+03
    0.119721727969590574502944946289062500000000E-03    0.528372009277343750000000000000000000000000E+03
    0.122140278108417987823486328125000000000000E-03    0.538666625976562500000000000000000000000000E+03
    0.124607671750709414482116699218750000000000E-03    0.549161437988281250000000000000000000000000E+03
    0.127124920254573225975036621093750000000000E-03    0.559860473632812500000000000000000000000000E+03
    0.129692998598329722881317138671875000000000E-03    0.570767517089843750000000000000000000000000E+03
    0.132312969071790575981140136718750000000000E-03    0.581886718750000000000000000000000000000000E+03
    0.134985879412852227687835693359375000000000E-03    0.593222106933593750000000000000000000000000E+03
    0.137712777359411120414733886718750000000000E-03    0.604777893066406250000000000000000000000000E+03
    0.140494754305109381675720214843750000000000E-03    0.616558410644531250000000000000000000000000E+03
    0.143332930747419595718383789062500000000000E-03    0.628567932128906250000000000000000000000000E+03
    0.146228456287644803524017333984375000000000E-03    0.640810913085937500000000000000000000000000E+03
    0.149182465975172817707061767578125000000000E-03    0.653291809082031250000000000000000000000000E+03
    0.152196153067052364349365234375000000000000E-03    0.666015197753906250000000000000000000000000E+03
    0.155270710820332169532775878906250000000000E-03    0.678985900878906250000000000000000000000000E+03
    0.158407390699721872806549072265625000000000E-03    0.692208557128906250000000000000000000000000E+03
    0.161607444169931113719940185546875000000000E-03    0.705687988281250000000000000000000000000000E+03
    0.164872122695669531822204589843750000000000E-03    0.719429260253906250000000000000000000000000E+03
    0.168202750501222908496856689453125000000000E-03    0.733437377929687500000000000000000000000000E+03
    0.171600666362792253494262695312500000000000E-03    0.747717468261718750000000000000000000000000E+03
    0.175067238160409033298492431640625000000000E-03    0.762274780273437500000000000000000000000000E+03
    0.178603833774104714393615722656250000000000E-03    0.777114562988281250000000000000000000000000E+03
    0.182211864739656448364257812500000000000000E-03    0.792242370605468750000000000000000000000000E+03
    0.185892800800502300262451171875000000000000E-03    0.807663635253906250000000000000000000000000E+03
    0.189648068044334650039672851562500000000000E-03    0.823384033203125000000000000000000000000000E+03
    0.193479223526082932949066162109375000000000E-03    0.839409362792968750000000000000000000000000E+03
    0.197387780644930899143218994140625000000000E-03    0.855745361328125000000000000000000000000000E+03
    0.201375267351977527141571044921875000000000E-03    0.872398071289062500000000000000000000000000E+03
    0.205443298909813165664672851562500000000000E-03    0.889373474121093750000000000000000000000000E+03
    0.209593548788689076900482177734375000000000E-03    0.906677856445312500000000000000000000000000E+03
    0.213827603147365152835845947265625000000000E-03    0.924317382812500000000000000000000000000000E+03
    0.218147222767584025859832763671875000000000E-03    0.942298583984375000000000000000000000000000E+03
    0.222554081119596958160400390625000000000000E-03    0.960627929687500000000000000000000000000000E+03
    0.227049968088977038860321044921875000000000E-03    0.979312011718750000000000000000000000000000E+03
    0.231636688113212585449218750000000000000000E-03    0.998357727050781250000000000000000000000000E+03
    0.236316060181707143783569335937500000000000E-03    0.101777178955078125000000000000000000000000E+04
    0.241089961491525173187255859375000000000000E-03    0.103756127929687500000000000000000000000000E+04
    0.245960312895476818084716796875000000000000E-03    0.105773339843750000000000000000000000000000E+04
    0.250929006142541766166687011718750000000000E-03    0.107829541015625000000000000000000000000000E+04
    0.255998136708512902259826660156250000000000E-03    0.109925463867187500000000000000000000000000E+04
    0.261169654550030827522277832031250000000000E-03    0.112061853027343750000000000000000000000000E+04
    0.266445596935227513313293457031250000000000E-03    0.114239501953125000000000000000000000000000E+04
    0.271828175755217671394348144531250000000000E-03    0.116459167480468750000000000000000000000000E+04
    0.277319486485794186592102050781250000000000E-03    0.118721643066406250000000000000000000000000E+04
    0.282921682810410857200622558593750000000000E-03    0.121027758789062500000000000000000000000000E+04
    0.288637093035504221916198730468750000000000E-03    0.123378320312500000000000000000000000000000E+04
    0.294467929052188992500305175781250000000000E-03    0.125774169921875000000000000000000000000000E+04
    0.300416606478393077850341796875000000000000E-03    0.128216149902343750000000000000000000000000E+04
    0.306485395412892103195190429687500000000000E-03    0.130705139160156250000000000000000000000000E+04
    0.312676827888935804367065429687500000000000E-03    0.133242004394531250000000000000000000000000E+04
    0.318993290420621633529663085937500000000000E-03    0.135827661132812500000000000000000000000000E+04
    0.325437402352690696716308593750000000000000E-03    0.138463000488281250000000000000000000000000E+04
    0.332011666614562273025512695312500000000000E-03    0.141148962402343750000000000000000000000000E+04
    0.338718760758638381958007812500000000000000E-03    0.143886486816406250000000000000000000000000E+04
    0.345561362337321043014526367187500000000000E-03    0.146676525878906250000000000000000000000000E+04
    0.352542119799181818962097167968750000000000E-03    0.149520068359375000000000000000000000000000E+04
    0.359663943527266383171081542968750000000000E-03    0.152418090820312500000000000000000000000000E+04
    0.366929627489298582077026367187500000000000E-03    0.155371618652343750000000000000000000000000E+04
    0.374342111172154545783996582031250000000000E-03    0.158381665039062500000000000000000000000000E+04
    0.381904304958879947662353515625000000000000E-03    0.161449279785156250000000000000000000000000E+04
    0.389619322959333658218383789062500000000000E-03    0.164575524902343750000000000000000000000000E+04
    0.397490162868052721023559570312500000000000E-03    0.167761462402343750000000000000000000000000E+04
    0.405519997002556920051574707031250000000000E-03    0.171008190917968750000000000000000000000000E+04
    0.413712026784196496009826660156250000000000E-03    0.174316821289062500000000000000000000000000E+04
    0.422069540945813059806823730468750000000000E-03    0.177688488769531250000000000000000000000000E+04
    0.430595915531739592552185058593750000000000E-03    0.181124340820312500000000000000000000000000E+04
    0.439294555690139532089233398437500000000000E-03    0.184625537109375000000000000000000000000000E+04
    0.448168895673006772994995117187500000000000E-03    0.188193261718750000000000000000000000000000E+04
    0.457222486147657036781311035156250000000000E-03    0.191828723144531250000000000000000000000000E+04
    0.466458965092897415161132812500000000000000E-03    0.195533129882812500000000000000000000000000E+04
    0.475882086902856826782226562500000000000000E-03    0.199307727050781250000000000000000000000000E+04
    0.485495518660172820091247558593750000000000E-03    0.203153771972656250000000000000000000000000E+04
    0.495303189381957054138183593750000000000000E-03    0.207072534179687500000000000000000000000000E+04
    0.505309028085321187973022460937500000000000E-03    0.211065332031250000000000000000000000000000E+04
    0.515516963787376880645751953125000000000000E-03    0.215133447265625000000000000000000000000000E+04
    0.525931071024388074874877929687500000000000E-03    0.219278247070312500000000000000000000000000E+04
    0.536555540747940540313720703125000000000000E-03    0.223501074218750000000000000000000000000000E+04
    0.547394680324941873550415039062500000000000E-03    0.227803271484375000000000000000000000000000E+04
    0.558452797122299671173095703125000000000000E-03    0.232186279296875000000000000000000000000000E+04
    0.569734314922243356704711914062500000000000E-03    0.236651489257812500000000000000000000000000E+04
    0.581243715714663267135620117187500000000000E-03    0.241200317382812500000000000000000000000000E+04
    0.592985597904771566390991210937500000000000E-03    0.245834252929687500000000000000000000000000E+04
    0.604964734520763158798217773437500000000000E-03    0.250554711914062500000000000000000000000000E+04
    0.617185782175511121749877929687500000000000E-03    0.255363232421875000000000000000000000000000E+04
    0.629653746727854013442993164062500000000000E-03    0.260261303710937500000000000000000000000000E+04
    0.642373692244291305541992187500000000000000E-03    0.265250463867187500000000000000000000000000E+04
    0.655350449960678815841674804687500000000000E-03    0.270332226562500000000000000000000000000000E+04
    0.668589433189481496810913085937500000000000E-03    0.275508227539062500000000000000000000000000E+04
    0.682095822412520647048950195312500000000000E-03    0.280780029296875000000000000000000000000000E+04
    0.695875030942261219024658203125000000000000E-03    0.286149218750000000000000000000000000000000E+04
    0.709932646714150905609130859375000000000000E-03    0.291617456054687500000000000000000000000000E+04
    0.724274199455976486206054687500000000000000E-03    0.297186376953125000000000000000000000000000E+04
    0.738905626349151134490966796875000000000000E-03    0.302857617187500000000000000000000000000000E+04
    0.753832457121461629867553710937500000000000E-03    0.308632885742187500000000000000000000000000E+04
    0.769060861784964799880981445312500000000000E-03    0.314513891601562500000000000000000000000000E+04
    0.784596893936395645141601562500000000000000E-03    0.320502343750000000000000000000000000000000E+04
    0.800446781795471906661987304687500000000000E-03    0.326599975585937500000000000000000000000000E+04
    0.816616869997233152389526367187500000000000E-03    0.332808544921875000000000000000000000000000E+04
    0.833113677799701690673828125000000000000000E-03    0.339129833984375000000000000000000000000000E+04
    0.849943608045578002929687500000000000000000E-03    0.345565625000000000000000000000000000000000E+04
    0.867113587446510791778564453125000000000000E-03    0.352117749023437500000000000000000000000000E+04
    0.884630659129470586776733398437500000000000E-03    0.358787963867187500000000000000000000000000E+04
    0.902501342352479696273803710937500000000000E-03    0.365578173828125000000000000000000000000000E+04
    0.920733029488474130630493164062500000000000E-03    0.372490185546875000000000000000000000000000E+04
    0.939333112910389900207519531250000000000000E-03    0.379525903320312500000000000000000000000000E+04
    0.958308868575841188430786132812500000000000E-03    0.386687158203125000000000000000000000000000E+04
    0.977667979896068572998046875000000000000000E-03    0.393975878906250000000000000000000000000000E+04
    0.997418188489973545074462890625000000000000E-03    0.401393945312500000000000000000000000000000E+04
    0.101756735239177942276000976562500000000000E-02    0.408943286132812500000000000000000000000000E+04
    0.103812362067401409149169921875000000000000E-02    0.416625830078125000000000000000000000000000E+04
    0.105909502599388360977172851562500000000000E-02    0.424443457031250000000000000000000000000000E+04
    0.108049006666988134384155273437500000000000E-02    0.432398193359375000000000000000000000000000E+04
    0.110231747385114431381225585937500000000000E-02    0.440491845703125000000000000000000000000000E+04
    0.112458574585616588592529296875000000000000E-02    0.448726513671875000000000000000000000000000E+04
    0.114730407949537038803100585937500000000000E-02    0.457104052734375000000000000000000000000000E+04
    0.117048120591789484024047851562500000000000E-02    0.465626416015625000000000000000000000000000E+04
    0.119412643834948539733886718750000000000000E-02    0.474295605468750000000000000000000000000000E+04
    0.121824943926185369491577148437500000000000E-02    0.483113574218750000000000000000000000000000E+04
    0.124285963829606771469116210937500000000000E-02    0.492082226562500000000000000000000000000000E+04
    0.126796704716980457305908203125000000000000E-02    0.501203564453125000000000000000000000000000E+04
    0.129358167760074138641357421875000000000000E-02    0.510479541015625000000000000000000000000000E+04
    0.131971365772187709808349609375000000000000E-02    0.519912060546875000000000000000000000000000E+04
    0.134637358132749795913696289062500000000000E-02    0.529503125000000000000000000000000000000000E+04
    0.137357215862721204757690429687500000000000E-02    0.539254687500000000000000000000000000000000E+04
    0.140132009983062744140625000000000000000000E-02    0.549168603515625000000000000000000000000000E+04
    0.142962858080863952636718750000000000000000E-02    0.559246777343750000000000000000000000000000E+04
    0.145850901026278734207153320312500000000000E-02    0.569491113281250000000000000000000000000000E+04
    0.148797314614057540893554687500000000000000E-02    0.579903515625000000000000000000000000000000E+04
    0.151803228072822093963623046875000000000000E-02    0.590485791015625000000000000000000000000000E+04
    0.154869852121919393539428710937500000000000E-02    0.601239843750000000000000000000000000000000E+04
    0.157998420763760805130004882812500000000000E-02    0.612167382812500000000000000000000000000000E+04
    0.161190202925354242324829101562500000000000E-02    0.623270263671875000000000000000000000000000E+04
    0.164446467533707618713378906250000000000000E-02    0.634550292968750000000000000000000000000000E+04
    0.167768495157361030578613281250000000000000E-02    0.646009130859375000000000000000000000000000E+04
    0.171157636214047670364379882812500000000000E-02    0.657648486328125000000000000000000000000000E+04
    0.174615241121500730514526367187500000000000E-02    0.669470019531250000000000000000000000000000E+04
    0.178142718505114316940307617187500000000000E-02    0.681475341796875000000000000000000000000000E+04
    0.181741418782621622085571289062500000000000E-02    0.693666064453125000000000000000000000000000E+04
    0.185412843711674213409423828125000000000000E-02    0.706043701171875000000000000000000000000000E+04
    0.189158413559198379516601562500000000000000E-02    0.718609765625000000000000000000000000000000E+04
    0.192979711573570966720581054687500000000000E-02    0.731365625000000000000000000000000000000000E+04
    0.196878169663250446319580078125000000000000E-02    0.744312744140625000000000000000000000000000E+04
    0.200855359435081481933593750000000000000000E-02    0.757452392578125000000000000000000000000000E+04
    0.204912899062037467956542968750000000000000E-02    0.770785888671875000000000000000000000000000E+04
    0.209052418358623981475830078125000000000000E-02    0.784314355468750000000000000000000000000000E+04
    0.213275570422410964965820312500000000000000E-02    0.798038964843750000000000000000000000000000E+04
    0.217583985067903995513916015625000000000000E-02    0.811960791015625000000000000000000000000000E+04
    0.221979478374123573303222656250000000000000E-02    0.826080761718750000000000000000000000000000E+04
    0.226463773287832736968994140625000000000000E-02    0.840399902343750000000000000000000000000000E+04
    0.231038639321923255920410156250000000000000E-02    0.854918945312500000000000000000000000000000E+04
    0.235705915838479995727539062500000000000000E-02    0.869638574218750000000000000000000000000000E+04
    0.240467488765716552734375000000000000000000E-02    0.884559570312500000000000000000000000000000E+04
    0.245325244031846523284912109375000000000000E-02    0.899682324218750000000000000000000000000000E+04
    0.250281183980405330657958984375000000000000E-02    0.915007421875000000000000000000000000000000E+04
    0.255337217822670936584472656250000000000000E-02    0.930535156250000000000000000000000000000000E+04
    0.260495371185243129730224609375000000000000E-02    0.946265722656250000000000000000000000000000E+04
    0.265757716260850429534912109375000000000000E-02    0.962199218750000000000000000000000000000000E+04
    0.271126371808350086212158203125000000000000E-02    0.978335546875000000000000000000000000000000E+04
    0.276603479869663715362548828125000000000000E-02    0.994674804687500000000000000000000000000000E+04
    0.282191229052841663360595703125000000000000E-02    0.101121640625000000000000000000000000000000E+05
    0.287891877815127372741699218750000000000000E-02    0.102796015625000000000000000000000000000000E+05
    0.293707661330699920654296875000000000000000E-02    0.104490546875000000000000000000000000000000E+05
    0.299640954472124576568603515625000000000000E-02    0.106205166015625000000000000000000000000000E+05
    0.305694085545837879180908203125000000000000E-02    0.107939785156250000000000000000000000000000E+05
    0.311869522556662559509277343750000000000000E-02    0.109694296875000000000000000000000000000000E+05
    0.318169780075550079345703125000000000000000E-02    0.111468593750000000000000000000000000000000E+05
    0.324597232975065708160400390625000000000000E-02    0.113262539062500000000000000000000000000000E+05
    0.331154512241482734680175781250000000000000E-02    0.115075966796875000000000000000000000000000E+05
    0.337844272144138813018798828125000000000000E-02    0.116908730468750000000000000000000000000000E+05
    0.344669190235435962677001953125000000000000E-02    0.118760634765625000000000000000000000000000E+05
    0.351631967350840568542480468750000000000000E-02    0.120631455078125000000000000000000000000000E+05
    0.358735374175012111663818359375000000000000E-02    0.122520986328125000000000000000000000000000E+05
    0.365982321090996265411376953125000000000000E-02    0.124428974609375000000000000000000000000000E+05
    0.373375625349581241607666015625000000000000E-02    0.126355156250000000000000000000000000000000E+05
    0.380918313749134540557861328125000000000000E-02    0.128299238281250000000000000000000000000000E+05
    0.388613343238830566406250000000000000000000E-02    0.130260878906250000000000000000000000000000E+05
    0.396463880315423011779785156250000000000000E-02    0.132239765625000000000000000000000000000000E+05
    0.404472928494215011596679687500000000000000E-02    0.134235527343750000000000000000000000000000E+05
    0.412643933668732643127441406250000000000000E-02    0.136247773437500000000000000000000000000000E+05
    0.420979922637343406677246093750000000000000E-02    0.138276103515625000000000000000000000000000E+05
    0.429484248161315917968750000000000000000000E-02    0.140320078125000000000000000000000000000000E+05
    0.438160402700304985046386718750000000000000E-02    0.142379257812500000000000000000000000000000E+05
    0.447011832147836685180664062500000000000000E-02    0.144453144531250000000000000000000000000000E+05
    0.456042028963565826416015625000000000000000E-02    0.146541201171875000000000000000000000000000E+05
    0.465254718437790870666503906250000000000000E-02    0.148642832031250000000000000000000000000000E+05
    0.474653439596295356750488281250000000000000E-02    0.150757412109375000000000000000000000000000E+05
    0.484242103993892669677734375000000000000000E-02    0.152884277343750000000000000000000000000000E+05
    0.494024436920881271362304687500000000000000E-02    0.155022744140625000000000000000000000000000E+05
    0.504004349932074546813964843750000000000000E-02    0.157172197265625000000000000000000000000000E+05
    0.514185894280672073364257812500000000000000E-02    0.159332050781250000000000000000000000000000E+05
    0.524573167786002159118652343750000000000000E-02    0.161501708984375000000000000000000000000000E+05
    0.535170361399650573730468750000000000000000E-02    0.163680537109375000000000000000000000000000E+05
    0.545981479808688163757324218750000000000000E-02    0.165867890625000000000000000000000000000000E+05
    0.557011039927601814270019531250000000000000E-02    0.168062812500000000000000000000000000000000E+05
    0.568263372406363487243652343750000000000000E-02    0.170264160156250000000000000000000000000000E+05
    0.579743087291717529296875000000000000000000E-02    0.172470722656250000000000000000000000000000E+05
    0.591454654932022094726562500000000000000000E-02    0.174681230468750000000000000000000000000000E+05
    0.603402825072407722473144531250000000000000E-02    0.176894433593750000000000000000000000000000E+05
    0.615592347458004951477050781250000000000000E-02    0.179109238281250000000000000000000000000000E+05
    0.628028111532330513000488281250000000000000E-02    0.181324667968750000000000000000000000000000E+05
    0.640715099871158599853515625000000000000000E-02    0.183539687500000000000000000000000000000000E+05
    0.653658434748649597167968750000000000000000E-02    0.185753281250000000000000000000000000000000E+05
    0.666863145306706428527832031250000000000000E-02    0.187964375000000000000000000000000000000000E+05
    0.680334679782390594482421875000000000000000E-02    0.190171718750000000000000000000000000000000E+05
    0.694078346714377403259277343750000000000000E-02    0.192373945312500000000000000000000000000000E+05
    0.708099640905857086181640625000000000000000E-02    0.194569687500000000000000000000000000000000E+05
    0.722404150292277336120605468750000000000000E-02    0.196757480468750000000000000000000000000000E+05
    0.736997742205858230590820312500000000000000E-02    0.198935859375000000000000000000000000000000E+05
    0.751886051148176193237304687500000000000000E-02    0.201103281250000000000000000000000000000000E+05
    0.767075084149837493896484375000000000000000E-02    0.203258125000000000000000000000000000000000E+05
    0.782571360468864440917968750000000000000000E-02    0.205398789062500000000000000000000000000000E+05
    0.798380374908447265625000000000000000000000E-02    0.207523554687500000000000000000000000000000E+05
    0.814508739858865737915039062500000000000000E-02    0.209630742187500000000000000000000000000000E+05
    0.830962881445884704589843750000000000000000E-02    0.211718554687500000000000000000000000000000E+05
    0.847749505192041397094726562500000000000000E-02    0.213785175781250000000000000000000000000000E+05
    0.864875130355358123779296875000000000000000E-02    0.215828730468750000000000000000000000000000E+05
    0.882346741855144500732421875000000000000000E-02    0.217847343750000000000000000000000000000000E+05
    0.900171231478452682495117187500000000000000E-02    0.219839062500000000000000000000000000000000E+05
    0.918355956673622131347656250000000000000000E-02    0.221801875000000000000000000000000000000000E+05
    0.936907902359962463378906250000000000000000E-02    0.223733671875000000000000000000000000000000E+05
    0.955834705382585525512695312500000000000000E-02    0.225632343750000000000000000000000000000000E+05
    0.975143909454345703125000000000000000000000E-02    0.227495722656250000000000000000000000000000E+05
    0.994843058288097381591796875000000000000000E-02    0.229321640625000000000000000000000000000000E+05
    0.101494016125798225402832031250000000000000E-01    0.231107812500000000000000000000000000000000E+05
    0.103544332087039947509765625000000000000000E-01    0.232851835937500000000000000000000000000000E+05
    0.105636063963174819946289062500000000000000E-01    0.234551367187500000000000000000000000000000E+05
    0.107770059257745742797851562500000000000000E-01    0.236204023437500000000000000000000000000000E+05
    0.109947146847844123840332031250000000000000E-01    0.237807324218750000000000000000000000000000E+05
    0.112168220803141593933105468750000000000000E-01    0.239358593750000000000000000000000000000000E+05
    0.114434175193309783935546875000000000000000E-01    0.240854960937500000000000000000000000000000E+05
    0.116745894774794578552246093750000000000000E-01    0.242293671875000000000000000000000000000000E+05
    0.119104310870170593261718750000000000000000E-01    0.243671875000000000000000000000000000000000E+05
    0.121510382741689682006835937500000000000000E-01    0.244986894531250000000000000000000000000000E+05
    0.123965051025152206420898437500000000000000E-01    0.246236640625000000000000000000000000000000E+05
    0.126469302922487258911132812500000000000000E-01    0.247419218750000000000000000000000000000000E+05
    0.129024153575301170349121093750000000000000E-01    0.248532695312500000000000000000000000000000E+05
    0.131630674004554748535156250000000000000000E-01    0.249575273437500000000000000000000000000000E+05
    0.134289795532822608947753906250000000000000E-01    0.250544335937500000000000000000000000000000E+05
    0.137002617120742797851562500000000000000000E-01    0.251434414062500000000000000000000000000000E+05
    0.139770256355404853820800781250000000000000E-01    0.252239433593750000000000000000000000000000E+05
    0.142593793570995330810546875000000000000000E-01    0.252953261718750000000000000000000000000000E+05
    0.145474374294281005859375000000000000000000E-01    0.253569863281250000000000000000000000000000E+05
    0.148413162678480148315429687500000000000000E-01    0.254086406250000000000000000000000000000000E+05
    0.151411294937133789062500000000000000000000E-01    0.254510312500000000000000000000000000000000E+05
    0.154470009729266166687011718750000000000000E-01    0.254851191406250000000000000000000000000000E+05
    0.157590489834547042846679687500000000000000E-01    0.255118750000000000000000000000000000000000E+05
    0.160774048417806625366210937500000000000000E-01    0.255322832031250000000000000000000000000000E+05
    0.164021886885166168212890625000000000000000E-01    0.255466152343750000000000000000000000000000E+05
    0.167335346341133117675781250000000000000000E-01    0.255531425781250000000000000000000000000000E+05
    0.170715730637311935424804687500000000000000E-01    0.255497910156250000000000000000000000000000E+05
    0.174164418131113052368164062500000000000000E-01    0.255344980468750000000000000000000000000000E+05
    0.177682787179946899414062500000000000000000E-01    0.255052246093750000000000000000000000000000E+05
    0.181272197514772415161132812500000000000000E-01    0.254607753906250000000000000000000000000000E+05
    0.184934139251708984375000000000000000000000E-01    0.254020000000000000000000000000000000000000E+05
    0.188670046627521514892578125000000000000000E-01    0.253300703125000000000000000000000000000000E+05
    0.192481447011232376098632812500000000000000E-01    0.252461679687500000000000000000000000000000E+05
    0.196369830518960952758789062500000000000000E-01    0.251514687500000000000000000000000000000000E+05
    0.200336743146181106567382812500000000000000E-01    0.250464218750000000000000000000000000000000E+05
    0.204383805394172668457031250000000000000000E-01    0.249298964843750000000000000000000000000000E+05
    0.208512637764215469360351562500000000000000E-01    0.248005898437500000000000000000000000000000E+05
    0.212724860757589340209960937500000000000000E-01    0.246572480468750000000000000000000000000000E+05
    0.217022281140089035034179687500000000000000E-01    0.244986816406250000000000000000000000000000E+05
    0.221406426280736923217773437500000000000000E-01    0.243245937500000000000000000000000000000000E+05
    0.225879121571779251098632812500000000000000E-01    0.241363281250000000000000000000000000000000E+05
    0.230442192405462265014648437500000000000000E-01    0.239354023437500000000000000000000000000000E+05
    0.235097426921129226684570312500000000000000E-01    0.237233125000000000000000000000000000000000E+05
    0.239846706390380859375000000000000000000000E-01    0.235015273437500000000000000000000000000000E+05
    0.244691912084817886352539062500000000000000E-01    0.232710117187500000000000000000000000000000E+05
    0.249635018408298492431640625000000000000000E-01    0.230319140625000000000000000000000000000000E+05
    0.254677981138229370117187500000000000000000E-01    0.227843242187500000000000000000000000000000E+05
    0.259822811931371688842773437500000000000000E-01    0.225283417968750000000000000000000000000000E+05
    0.265071578323841094970703125000000000000000E-01    0.222640898437500000000000000000000000000000E+05
    0.270426385104656219482421875000000000000000E-01    0.219916113281250000000000000000000000000000E+05
    0.275889337062835693359375000000000000000000E-01    0.217108222656250000000000000000000000000000E+05
    0.281462669372558593750000000000000000000000E-01    0.214216640625000000000000000000000000000000E+05
    0.287148579955101013183593750000000000000000E-01    0.211241035156250000000000000000000000000000E+05
    0.292949359863996505737304687500000000000000E-01    0.208181562500000000000000000000000000000000E+05
    0.298867337405681610107421875000000000000000E-01    0.205042500000000000000000000000000000000000E+05
    0.304904840886592864990234375000000000000000E-01    0.201833281250000000000000000000000000000000E+05
    0.311064328998327255249023437500000000000000E-01    0.198563515625000000000000000000000000000000E+05
    0.317348241806030273437500000000000000000000E-01    0.195242460937500000000000000000000000000000E+05
    0.323759093880653381347656250000000000000000E-01    0.191879179687500000000000000000000000000000E+05
    0.330299474298954010009765625000000000000000E-01    0.188484824218750000000000000000000000000000E+05
    0.336971953511238098144531250000000000000000E-01    0.185072812500000000000000000000000000000000E+05
    0.343779213726520538330078125000000000000000E-01    0.181656074218750000000000000000000000000000E+05
    0.350724011659622192382812500000000000000000E-01    0.178246660156250000000000000000000000000000E+05
    0.357809104025363922119140625000000000000000E-01    0.174855917968750000000000000000000000000000E+05
    0.365037508308887481689453125000000000000000E-01    0.171493554687500000000000000000000000000000E+05
    0.372411720454692840576171875000000000000000E-01    0.168167714843750000000000000000000000000000E+05
    0.379934944212436676025390625000000000000000E-01    0.164885957031250000000000000000000000000000E+05
    0.387610122561454772949218750000000000000000E-01    0.161655214843750000000000000000000000000000E+05
    0.395440347492694854736328125000000000000000E-01    0.158481835937500000000000000000000000000000E+05
    0.403428785502910614013671875000000000000000E-01    0.155371562500000000000000000000000000000000E+05
    0.411578565835952758789062500000000000000000E-01    0.152329531250000000000000000000000000000000E+05
    0.419893004000186920166015625000000000000000E-01    0.149360400390625000000000000000000000000000E+05
    0.428375415503978729248046875000000000000000E-01    0.146468378906250000000000000000000000000000E+05
    0.437029153108596801757812500000000000000000E-01    0.143657490234375000000000000000000000000000E+05
    0.445857718586921691894531250000000000000000E-01    0.140935087890625000000000000000000000000000E+05
    0.454864650964736938476562500000000000000000E-01    0.138311093750000000000000000000000000000000E+05
    0.464053489267826080322265625000000000000000E-01    0.135794677734375000000000000000000000000000E+05
    0.473427996039390563964843750000000000000000E-01    0.133394248046875000000000000000000000000000E+05
    0.482991859316825866699218750000000000000000E-01    0.131116044921875000000000000000000000000000E+05
    0.492748916149139404296875000000000000000000E-01    0.128954296875000000000000000000000000000000E+05
    0.502703115344047546386718750000000000000000E-01    0.126898388671875000000000000000000000000000E+05
    0.512858368456363677978515625000000000000000E-01    0.124938339843750000000000000000000000000000E+05
    0.523218810558319091796875000000000000000000E-01    0.123064746093750000000000000000000000000000E+05
    0.533788502216339111328125000000000000000000E-01    0.121268564453125000000000000000000000000000E+05
    0.544571764767169952392578125000000000000000E-01    0.119541005859375000000000000000000000000000E+05
    0.555572807788848876953125000000000000000000E-01    0.117873759765625000000000000000000000000000E+05
    0.566796138882637023925781250000000000000000E-01    0.116258896484375000000000000000000000000000E+05
    0.578246153891086578369140625000000000000000E-01    0.114686806640625000000000000000000000000000E+05
    0.589927472174167633056640625000000000000000E-01    0.113145996093750000000000000000000000000000E+05
    0.601844787597656250000000000000000000000000E-01    0.111625439453125000000000000000000000000000E+05
    0.614003166556358337402343750000000000000000E-01    0.110114316406250000000000000000000000000000E+05
    0.626406818628311157226562500000000000000000E-01    0.108599179687500000000000000000000000000000E+05
    0.639061108231544494628906250000000000000000E-01    0.107065634765625000000000000000000000000000E+05
    0.651970952749252319335937500000000000000000E-01    0.105500087890625000000000000000000000000000E+05
    0.665141642093658447265625000000000000000000E-01    0.103885273437500000000000000000000000000000E+05
    0.678578317165374755859375000000000000000000E-01    0.102197226562500000000000000000000000000000E+05
    0.692286565899848937988281250000000000000000E-01    0.100413095703125000000000000000000000000000E+05
    0.706271678209304809570312500000000000000000E-01    0.985186718750000000000000000000000000000000E+04
    0.720539242029190063476562500000000000000000E-01    0.965231347656250000000000000000000000000000E+04
    0.735095068812370300292968750000000000000000E-01    0.944401855468750000000000000000000000000000E+04
    0.749944970011711120605468750000000000000000E-01    0.922762792968750000000000000000000000000000E+04
    0.765094906091690063476562500000000000000000E-01    0.900129785156250000000000000000000000000000E+04
    0.780550837516784667968750000000000000000000E-01    0.876291015625000000000000000000000000000000E+04
    0.796318948268890380859375000000000000000000E-01    0.851222851562500000000000000000000000000000E+04
    0.812405645847320556640625000000000000000000E-01    0.825280468750000000000000000000000000000000E+04
    0.828817337751388549804687500000000000000000E-01    0.798843115234375000000000000000000000000000E+04
    0.845560505986213684082031250000000000000000E-01    0.772174658203125000000000000000000000000000E+04
    0.862641930580139160156250000000000000000000E-01    0.745429003906250000000000000000000000000000E+04
    0.880068466067314147949218750000000000000000E-01    0.718761718750000000000000000000000000000000E+04
    0.897847041487693786621093750000000000000000E-01    0.692408837890625000000000000000000000000000E+04
    0.915984734892845153808593750000000000000000E-01    0.666609912109375000000000000000000000000000E+04
    0.934488773345947265625000000000000000000000E-01    0.641615673828125000000000000000000000000000E+04
    0.953366756439208984375000000000000000000000E-01    0.617686718750000000000000000000000000000000E+04
    0.972625985741615295410156250000000000000000E-01    0.595044335937500000000000000000000000000000E+04
    0.992274358868598937988281250000000000000000E-01    0.573878320312500000000000000000000000000000E+04
    0.101232007145881652832031250000000000000000E+00    0.554365087890625000000000000000000000000000E+04
    0.103277020156383514404296875000000000000000E+00    0.536657226562500000000000000000000000000000E+04
    0.105363354086875915527343750000000000000000E+00    0.520861474609375000000000000000000000000000E+04
    0.107491828501224517822265625000000000000000E+00    0.506895898437500000000000000000000000000000E+04
    0.109663315117359161376953125000000000000000E+00    0.494613134765625000000000000000000000000000E+04
    0.111878655850887298583984375000000000000000E+00    0.483862402343750000000000000000000000000000E+04
    0.114138752222061157226562500000000000000000E+00    0.474338281250000000000000000000000000000000E+04
    0.116444505751132965087890625000000000000000E+00    0.465681738281250000000000000000000000000000E+04
    0.118796832859516143798828125000000000000000E+00    0.457556250000000000000000000000000000000000E+04
    0.121196687221527099609375000000000000000000E+00    0.449624560546875000000000000000000000000000E+04
    0.123645029962062835693359375000000000000000E+00    0.441564990234375000000000000000000000000000E+04
    0.126142814755439758300781250000000000000000E+00    0.433088134765625000000000000000000000000000E+04
    0.128691077232360839843750000000000000000000E+00    0.423948291015625000000000000000000000000000E+04
    0.131290808320045471191406250000000000000000E+00    0.413931396484375000000000000000000000000000E+04
    0.133943051099777221679687500000000000000000E+00    0.402894555664062500000000000000000000000000E+04
    0.136648878455162048339843750000000000000000E+00    0.390751123046875000000000000000000000000000E+04
    0.139409363269805908203125000000000000000000E+00    0.377519750976562500000000000000000000000000E+04
    0.142225623130798339843750000000000000000000E+00    0.363389208984375000000000000000000000000000E+04
    0.145098760724067687988281250000000000000000E+00    0.348596777343750000000000000000000000000000E+04
    0.148029953241348266601562500000000000000000E+00    0.333535620117187500000000000000000000000000E+04
    0.151020348072052001953125000000000000000000E+00    0.318608935546875000000000000000000000000000E+04
    0.154071167111396789550781250000000000000000E+00    0.304214208984375000000000000000000000000000E+04
    0.157183602452278137207031250000000000000000E+00    0.290710791015625000000000000000000000000000E+04
    0.160358920693397521972656250000000000000000E+00    0.278357861328125000000000000000000000000000E+04
    0.163598373532295227050781250000000000000000E+00    0.267334155273437500000000000000000000000000E+04
    0.166903272271156311035156250000000000000000E+00    0.257709130859375000000000000000000000000000E+04
    0.170275032520294189453125000000000000000000E+00    0.249465112304687500000000000000000000000000E+04
    0.173714801669120788574218750000000000000000E+00    0.242467456054687500000000000000000000000000E+04
    0.177224084734916687011718750000000000000000E+00    0.236491430664062500000000000000000000000000E+04
    0.180804237723350524902343750000000000000000E+00    0.231209936523437500000000000000000000000000E+04
    0.184456720948219299316406250000000000000000E+00    0.226243066406250000000000000000000000000000E+04
    0.188182994723320007324218750000000000000000E+00    0.221198339843750000000000000000000000000000E+04
    0.191984534263610839843750000000000000000000E+00    0.215724926757812500000000000000000000000000E+04
    0.195862874388694763183593750000000000000000E+00    0.209576171875000000000000000000000000000000E+04
    0.199819564819335937500000000000000000000000E+00    0.202643115234375000000000000000000000000000E+04
    0.203856185078620910644531250000000000000000E+00    0.194972814941406250000000000000000000000000E+04
    0.207974359393119812011718750000000000000000E+00    0.186777795410156250000000000000000000000000E+04
    0.212175697088241577148437500000000000000000E+00    0.178365466308593750000000000000000000000000E+04
    0.216461926698684692382812500000000000000000E+00    0.170100207519531250000000000000000000000000E+04
    0.220834761857986450195312500000000000000000E+00    0.162303991699218750000000000000000000000000E+04
    0.225295916199684143066406250000000000000000E+00    0.155223291015625000000000000000000000000000E+04
    0.229847192764282226562500000000000000000000E+00    0.149002551269531250000000000000000000000000E+04
    0.234490394592285156250000000000000000000000E+00    0.143671557617187500000000000000000000000000E+04
    0.239227414131164550781250000000000000000000E+00    0.139135253906250000000000000000000000000000E+04
    0.244060128927230834960937500000000000000000E+00    0.135167565917968750000000000000000000000000E+04
    0.248990446329116821289062500000000000000000E+00    0.131458300781250000000000000000000000000000E+04
    0.254020392894744873046875000000000000000000E+00    0.127715844726562500000000000000000000000000E+04
    0.259151935577392578125000000000000000000000E+00    0.123725598144531250000000000000000000000000E+04
    0.264387160539627075195312500000000000000000E+00    0.119376782226562500000000000000000000000000E+04
    0.269728124141693115234375000000000000000000E+00    0.114667187500000000000000000000000000000000E+04
    0.275177001953125000000000000000000000000000E+00    0.109727709960937500000000000000000000000000E+04
    0.280736058950424194335937500000000000000000E+00    0.104794543457031250000000000000000000000000E+04
    0.286407291889190673828125000000000000000000E+00    0.100118048095703125000000000000000000000000E+04
    0.292193114757537841796875000000000000000000E+00    0.958726013183593750000000000000000000000000E+03
    0.298095792531967163085937500000000000000000E+00    0.921240295410156250000000000000000000000000E+03
    0.304117560386657714843750000000000000000000E+00    0.888335815429687500000000000000000000000000E+03
    0.310261309146881103515625000000000000000000E+00    0.858663635253906250000000000000000000000000E+03
    0.316528826951980590820312500000000000000000E+00    0.830381713867187500000000000000000000000000E+03
    0.322923272848129272460937500000000000000000E+00    0.801856201171875000000000000000000000000000E+03
    0.329446613788604736328125000000000000000000E+00    0.772076965332031250000000000000000000000000E+03
    0.336102008819580078125000000000000000000000E+00    0.740933471679687500000000000000000000000000E+03
    0.342891573905944824218750000000000000000000E+00    0.709294006347656250000000000000000000000000E+03
    0.349818587303161621093750000000000000000000E+00    0.678503479003906250000000000000000000000000E+03
    0.356885224580764770507812500000000000000000E+00    0.649715576171875000000000000000000000000000E+03
    0.364094972610473632812500000000000000000000E+00    0.623550537109375000000000000000000000000000E+03
    0.371450334787368774414062500000000000000000E+00    0.599851501464843750000000000000000000000000E+03
    0.378953933715820312500000000000000000000000E+00    0.577757995605468750000000000000000000000000E+03
    0.386609494686126708984375000000000000000000E+00    0.556267822265625000000000000000000000000000E+03
    0.394419312477111816406250000000000000000000E+00    0.534694519042968750000000000000000000000000E+03
    0.402387291193008422851562500000000000000000E+00    0.512879882812500000000000000000000000000000E+03
    0.410515844821929931640625000000000000000000E+00    0.491228454589843750000000000000000000000000E+03
    0.418809026479721069335937500000000000000000E+00    0.470361572265625000000000000000000000000000E+03
    0.427269339561462402343750000000000000000000E+00    0.450798919677734375000000000000000000000000E+03
    0.435900926589965820312500000000000000000000E+00    0.432663055419921875000000000000000000000000E+03
    0.444706469774246215820312500000000000000000E+00    0.415605194091796875000000000000000000000000E+03
    0.453690379858016967773437500000000000000000E+00    0.399147308349609375000000000000000000000000E+03
    0.462855309247970581054687500000000000000000E+00    0.382952423095703125000000000000000000000000E+03
    0.472205787897109985351562500000000000000000E+00    0.366976867675781250000000000000000000000000E+03
    0.481744766235351562500000000000000000000000E+00    0.351467071533203125000000000000000000000000E+03
    0.491476893424987792968750000000000000000000E+00    0.336680267333984375000000000000000000000000E+03
    0.501405119895935058593750000000000000000000E+00    0.322715209960937500000000000000000000000000E+03
    0.511534392833709716796875000000000000000000E+00    0.309479278564453125000000000000000000000000E+03
    0.521867811679840087890625000000000000000000E+00    0.296735626220703125000000000000000000000000E+03
    0.532410502433776855468750000000000000000000E+00    0.284338958740234375000000000000000000000000E+03
    0.543165624141693115234375000000000000000000E+00    0.272311706542968750000000000000000000000000E+03
    0.554138541221618652343750000000000000000000E+00    0.260737884521484375000000000000000000000000E+03
    0.565332591533660888671875000000000000000000E+00    0.249714981079101562500000000000000000000000E+03
    0.576753377914428710937500000000000000000000E+00    0.239199081420898437500000000000000000000000E+03
    0.588404297828674316406250000000000000000000E+00    0.229115921020507812500000000000000000000000E+03
    0.600291073322296142578125000000000000000000E+00    0.219381057739257812500000000000000000000000E+03
    0.612418055534362792968750000000000000000000E+00    0.209994857788085937500000000000000000000000E+03
    0.624789416790008544921875000000000000000000E+00    0.200993194580078125000000000000000000000000E+03
    0.637411296367645263671875000000000000000000E+00    0.192374740600585937500000000000000000000000E+03
    0.650287508964538574218750000000000000000000E+00    0.184122726440429687500000000000000000000000E+03
    0.663424491882324218750000000000000000000000E+00    0.176212982177734375000000000000000000000000E+03
    0.676826238632202148437500000000000000000000E+00    0.168623428344726562500000000000000000000000E+03
    0.690499365329742431640625000000000000000000E+00    0.161336685180664062500000000000000000000000E+03
    0.704448044300079345703125000000000000000000E+00    0.154343734741210937500000000000000000000000E+03
    0.718679130077362060546875000000000000000000E+00    0.147636657714843750000000000000000000000000E+03
    0.733197033405303955078125000000000000000000E+00    0.141207351684570312500000000000000000000000E+03
    0.748008966445922851562500000000000000000000E+00    0.135045974731445312500000000000000000000000E+03
    0.763119339942932128906250000000000000000000E+00    0.129141403198242187500000000000000000000000E+03
    0.778535783290863037109375000000000000000000E+00    0.123482864379882812500000000000000000000000E+03
    0.794262826442718505859375000000000000000000E+00    0.118060211181640625000000000000000000000000E+03
    0.810308396816253662109375000000000000000000E+00    0.112864318847656250000000000000000000000000E+03
    0.826677322387695312500000000000000000000000E+00    0.107886627197265625000000000000000000000000E+03
    0.843377590179443359375000000000000000000000E+00    0.103118820190429687500000000000000000000000E+03
    0.860414624214172363281250000000000000000000E+00    0.985527954101562500000000000000000000000000E+02
    0.877796530723571777343750000000000000000000E+00    0.941805801391601562500000000000000000000000E+02
    0.895528674125671386718750000000000000000000E+00    0.899944610595703125000000000000000000000000E+02
    0.913619995117187500000000000000000000000000E+00    0.859869995117187500000000000000000000000000E+02
    0.932075977325439453125000000000000000000000E+00    0.821506729125976562500000000000000000000000E+02
    0.950905561447143554687500000000000000000000E+00    0.784780197143554687500000000000000000000000E+02
    0.970114648342132568359375000000000000000000E+00    0.749619216918945312500000000000000000000000E+02
    0.989712655544281005859375000000000000000000E+00    0.715959014892578125000000000000000000000000E+02
    0.100970673561096191406250000000000000000000E+01    0.683753814697265625000000000000000000000000E+02
    0.103010356426239013671875000000000000000000E+01    0.652962875366210937500000000000000000000000E+02
