    0.999999974737875163555145263671875000000000E-04    0.443860412597656250000000000000000000000000E+03
    0.102020130725577473640441894531250000000000E-03    0.452510284423828125000000000000000000000000E+03
    0.104081082099582999944686889648437500000000E-03    0.461328521728515625000000000000000000000000E+03
    0.106183659227099269628524780273437500000000E-03    0.470318450927734375000000000000000000000000E+03
    0.108328706119209527969360351562500000000000E-03    0.479483367919921875000000000000000000000000E+03
    0.110517095890827476978302001953125000000000E-03    0.488826568603515625000000000000000000000000E+03
    0.112749679828993976116180419921875000000000E-03    0.498351745605468750000000000000000000000000E+03
    0.115027374704368412494659423828125000000000E-03    0.508062225341796875000000000000000000000000E+03
    0.117351090011652559041976928710937500000000E-03    0.517961608886718750000000000000000000000000E+03
    0.119721727969590574502944946289062500000000E-03    0.528053649902343750000000000000000000000000E+03
    0.122140278108417987823486328125000000000000E-03    0.538341979980468750000000000000000000000000E+03
    0.124607671750709414482116699218750000000000E-03    0.548830566406250000000000000000000000000000E+03
    0.127124920254573225975036621093750000000000E-03    0.559523071289062500000000000000000000000000E+03
    0.129692998598329722881317138671875000000000E-03    0.570423645019531250000000000000000000000000E+03
    0.132312969071790575981140136718750000000000E-03    0.581536132812500000000000000000000000000000E+03
    0.134985879412852227687835693359375000000000E-03    0.592864746093750000000000000000000000000000E+03
    0.137712777359411120414733886718750000000000E-03    0.604413635253906250000000000000000000000000E+03
    0.140494754305109381675720214843750000000000E-03    0.616187011718750000000000000000000000000000E+03
    0.143332930747419595718383789062500000000000E-03    0.628189392089843750000000000000000000000000E+03
    0.146228456287644803524017333984375000000000E-03    0.640425048828125000000000000000000000000000E+03
    0.149182465975172817707061767578125000000000E-03    0.652898437500000000000000000000000000000000E+03
    0.152196153067052364349365234375000000000000E-03    0.665614135742187500000000000000000000000000E+03
    0.155270710820332169532775878906250000000000E-03    0.678577087402343750000000000000000000000000E+03
    0.158407390699721872806549072265625000000000E-03    0.691791809082031250000000000000000000000000E+03
    0.161607444169931113719940185546875000000000E-03    0.705263122558593750000000000000000000000000E+03
    0.164872122695669531822204589843750000000000E-03    0.718996093750000000000000000000000000000000E+03
    0.168202750501222908496856689453125000000000E-03    0.732995849609375000000000000000000000000000E+03
    0.171600666362792253494262695312500000000000E-03    0.747267333984375000000000000000000000000000E+03
    0.175067238160409033298492431640625000000000E-03    0.761815917968750000000000000000000000000000E+03
    0.178603833774104714393615722656250000000000E-03    0.776646789550781250000000000000000000000000E+03
    0.182211864739656448364257812500000000000000E-03    0.791765563964843750000000000000000000000000E+03
    0.185892800800502300262451171875000000000000E-03    0.807177612304687500000000000000000000000000E+03
    0.189648068044334650039672851562500000000000E-03    0.822888610839843750000000000000000000000000E+03
    0.193479223526082932949066162109375000000000E-03    0.838904357910156250000000000000000000000000E+03
    0.197387780644930899143218994140625000000000E-03    0.855230529785156250000000000000000000000000E+03
    0.201375267351977527141571044921875000000000E-03    0.871873291015625000000000000000000000000000E+03
    0.205443298909813165664672851562500000000000E-03    0.888838562011718750000000000000000000000000E+03
    0.209593548788689076900482177734375000000000E-03    0.906132690429687500000000000000000000000000E+03
    0.213827603147365152835845947265625000000000E-03    0.923761596679687500000000000000000000000000E+03
    0.218147222767584025859832763671875000000000E-03    0.941732116699218750000000000000000000000000E+03
    0.222554081119596958160400390625000000000000E-03    0.960050415039062500000000000000000000000000E+03
    0.227049968088977038860321044921875000000000E-03    0.978723388671875000000000000000000000000000E+03
    0.231636688113212585449218750000000000000000E-03    0.997757751464843750000000000000000000000000E+03
    0.236316060181707143783569335937500000000000E-03    0.101716027832031250000000000000000000000000E+04
    0.241089961491525173187255859375000000000000E-03    0.103693798828125000000000000000000000000000E+04
    0.245960312895476818084716796875000000000000E-03    0.105709814453125000000000000000000000000000E+04
    0.250929006142541766166687011718750000000000E-03    0.107764794921875000000000000000000000000000E+04
    0.255998136708512902259826660156250000000000E-03    0.109859448242187500000000000000000000000000E+04
    0.261169654550030827522277832031250000000000E-03    0.111994604492187500000000000000000000000000E+04
    0.266445596935227513313293457031250000000000E-03    0.114170947265625000000000000000000000000000E+04
    0.271828175755217671394348144531250000000000E-03    0.116389282226562500000000000000000000000000E+04
    0.277319486485794186592102050781250000000000E-03    0.118650439453125000000000000000000000000000E+04
    0.282921682810410857200622558593750000000000E-03    0.120955175781250000000000000000000000000000E+04
    0.288637093035504221916198730468750000000000E-03    0.123304370117187500000000000000000000000000E+04
    0.294467929052188992500305175781250000000000E-03    0.125698779296875000000000000000000000000000E+04
    0.300416606478393077850341796875000000000000E-03    0.128139318847656250000000000000000000000000E+04
    0.306485395412892103195190429687500000000000E-03    0.130626855468750000000000000000000000000000E+04
    0.312676827888935804367065429687500000000000E-03    0.133162231445312500000000000000000000000000E+04
    0.318993290420621633529663085937500000000000E-03    0.135746350097656250000000000000000000000000E+04
    0.325437402352690696716308593750000000000000E-03    0.138380139160156250000000000000000000000000E+04
    0.332011666614562273025512695312500000000000E-03    0.141064526367187500000000000000000000000000E+04
    0.338718760758638381958007812500000000000000E-03    0.143800463867187500000000000000000000000000E+04
    0.345561362337321043014526367187500000000000E-03    0.146588867187500000000000000000000000000000E+04
    0.352542119799181818962097167968750000000000E-03    0.149430749511718750000000000000000000000000E+04
    0.359663943527266383171081542968750000000000E-03    0.152327087402343750000000000000000000000000E+04
    0.366929627489298582077026367187500000000000E-03    0.155278894042968750000000000000000000000000E+04
    0.374342111172154545783996582031250000000000E-03    0.158287207031250000000000000000000000000000E+04
    0.381904304958879947662353515625000000000000E-03    0.161353027343750000000000000000000000000000E+04
    0.389619322959333658218383789062500000000000E-03    0.164477465820312500000000000000000000000000E+04
    0.397490162868052721023559570312500000000000E-03    0.167661560058593750000000000000000000000000E+04
    0.405519997002556920051574707031250000000000E-03    0.170906408691406250000000000000000000000000E+04
    0.413712026784196496009826660156250000000000E-03    0.174213134765625000000000000000000000000000E+04
    0.422069540945813059806823730468750000000000E-03    0.177582873535156250000000000000000000000000E+04
    0.430595915531739592552185058593750000000000E-03    0.181016784667968750000000000000000000000000E+04
    0.439294555690139532089233398437500000000000E-03    0.184515966796875000000000000000000000000000E+04
    0.448168895673006772994995117187500000000000E-03    0.188081665039062500000000000000000000000000E+04
    0.457222486147657036781311035156250000000000E-03    0.191715075683593750000000000000000000000000E+04
    0.466458965092897415161132812500000000000000E-03    0.195417370605468750000000000000000000000000E+04
    0.475882086902856826782226562500000000000000E-03    0.199189831542968750000000000000000000000000E+04
    0.485495518660172820091247558593750000000000E-03    0.203033740234375000000000000000000000000000E+04
    0.495303189381957054138183593750000000000000E-03    0.206950317382812500000000000000000000000000E+04
    0.505309028085321187973022460937500000000000E-03    0.210940869140625000000000000000000000000000E+04
    0.515516963787376880645751953125000000000000E-03    0.215006738281250000000000000000000000000000E+04
    0.525931071024388074874877929687500000000000E-03    0.219149243164062500000000000000000000000000E+04
    0.536555540747940540313720703125000000000000E-03    0.223369750976562500000000000000000000000000E+04
    0.547394680324941873550415039062500000000000E-03    0.227669628906250000000000000000000000000000E+04
    0.558452797122299671173095703125000000000000E-03    0.232050244140625000000000000000000000000000E+04
    0.569734314922243356704711914062500000000000E-03    0.236513061523437500000000000000000000000000E+04
    0.581243715714663267135620117187500000000000E-03    0.241059472656250000000000000000000000000000E+04
    0.592985597904771566390991210937500000000000E-03    0.245690942382812500000000000000000000000000E+04
    0.604964734520763158798217773437500000000000E-03    0.250408886718750000000000000000000000000000E+04
    0.617185782175511121749877929687500000000000E-03    0.255214892578125000000000000000000000000000E+04
    0.629653746727854013442993164062500000000000E-03    0.260110424804687500000000000000000000000000E+04
    0.642373692244291305541992187500000000000000E-03    0.265097021484375000000000000000000000000000E+04
    0.655350449960678815841674804687500000000000E-03    0.270176220703125000000000000000000000000000E+04
    0.668589433189481496810913085937500000000000E-03    0.275349633789062500000000000000000000000000E+04
    0.682095822412520647048950195312500000000000E-03    0.280618774414062500000000000000000000000000E+04
    0.695875030942261219024658203125000000000000E-03    0.285985302734375000000000000000000000000000E+04
    0.709932646714150905609130859375000000000000E-03    0.291450830078125000000000000000000000000000E+04
    0.724274199455976486206054687500000000000000E-03    0.297017041015625000000000000000000000000000E+04
    0.738905626349151134490966796875000000000000E-03    0.302685595703125000000000000000000000000000E+04
    0.753832457121461629867553710937500000000000E-03    0.308458105468750000000000000000000000000000E+04
    0.769060861784964799880981445312500000000000E-03    0.314336352539062500000000000000000000000000E+04
    0.784596893936395645141601562500000000000000E-03    0.320322070312500000000000000000000000000000E+04
    0.800446781795471906661987304687500000000000E-03    0.326416992187500000000000000000000000000000E+04
    0.816616869997233152389526367187500000000000E-03    0.332622802734375000000000000000000000000000E+04
    0.833113677799701690673828125000000000000000E-03    0.338941308593750000000000000000000000000000E+04
    0.849943608045578002929687500000000000000000E-03    0.345374340820312500000000000000000000000000E+04
    0.867113587446510791778564453125000000000000E-03    0.351923681640625000000000000000000000000000E+04
    0.884630659129470586776733398437500000000000E-03    0.358591210937500000000000000000000000000000E+04
    0.902501342352479696273803710937500000000000E-03    0.365378662109375000000000000000000000000000E+04
    0.920733029488474130630493164062500000000000E-03    0.372287988281250000000000000000000000000000E+04
    0.939333112910389900207519531250000000000000E-03    0.379320971679687500000000000000000000000000E+04
    0.958308868575841188430786132812500000000000E-03    0.386479589843750000000000000000000000000000E+04
    0.977667979896068572998046875000000000000000E-03    0.393765649414062500000000000000000000000000E+04
    0.997418188489973545074462890625000000000000E-03    0.401181103515625000000000000000000000000000E+04
    0.101756735239177942276000976562500000000000E-02    0.408727832031250000000000000000000000000000E+04
    0.103812362067401409149169921875000000000000E-02    0.416407861328125000000000000000000000000000E+04
    0.105909502599388360977172851562500000000000E-02    0.424222949218750000000000000000000000000000E+04
    0.108049006666988134384155273437500000000000E-02    0.432175195312500000000000000000000000000000E+04
    0.110231747385114431381225585937500000000000E-02    0.440266455078125000000000000000000000000000E+04
    0.112458574585616588592529296875000000000000E-02    0.448498730468750000000000000000000000000000E+04
    0.114730407949537038803100585937500000000000E-02    0.456873974609375000000000000000000000000000E+04
    0.117048120591789484024047851562500000000000E-02    0.465394140625000000000000000000000000000000E+04
    0.119412643834948539733886718750000000000000E-02    0.474061132812500000000000000000000000000000E+04
    0.121824943926185369491577148437500000000000E-02    0.482877001953125000000000000000000000000000E+04
    0.124285963829606771469116210937500000000000E-02    0.491843750000000000000000000000000000000000E+04
    0.126796704716980457305908203125000000000000E-02    0.500963134765625000000000000000000000000000E+04
    0.129358167760074138641357421875000000000000E-02    0.510237353515625000000000000000000000000000E+04
    0.131971365772187709808349609375000000000000E-02    0.519668164062500000000000000000000000000000E+04
    0.134637358132749795913696289062500000000000E-02    0.529257519531250000000000000000000000000000E+04
    0.137357215862721204757690429687500000000000E-02    0.539007519531250000000000000000000000000000E+04
    0.140132009983062744140625000000000000000000E-02    0.548920019531250000000000000000000000000000E+04
    0.142962858080863952636718750000000000000000E-02    0.558996923828125000000000000000000000000000E+04
    0.145850901026278734207153320312500000000000E-02    0.569240087890625000000000000000000000000000E+04
    0.148797314614057540893554687500000000000000E-02    0.579651367187500000000000000000000000000000E+04
    0.151803228072822093963623046875000000000000E-02    0.590232714843750000000000000000000000000000E+04
    0.154869852121919393539428710937500000000000E-02    0.600985888671875000000000000000000000000000E+04
    0.157998420763760805130004882812500000000000E-02    0.611912841796875000000000000000000000000000E+04
    0.161190202925354242324829101562500000000000E-02    0.623015429687500000000000000000000000000000E+04
    0.164446467533707618713378906250000000000000E-02    0.634295166015625000000000000000000000000000E+04
    0.167768495157361030578613281250000000000000E-02    0.645754003906250000000000000000000000000000E+04
    0.171157636214047670364379882812500000000000E-02    0.657393408203125000000000000000000000000000E+04
    0.174615241121500730514526367187500000000000E-02    0.669215234375000000000000000000000000000000E+04
    0.178142718505114316940307617187500000000000E-02    0.681220849609375000000000000000000000000000E+04
    0.181741418782621622085571289062500000000000E-02    0.693412109375000000000000000000000000000000E+04
    0.185412843711674213409423828125000000000000E-02    0.705790429687500000000000000000000000000000E+04
    0.189158413559198379516601562500000000000000E-02    0.718357226562500000000000000000000000000000E+04
    0.192979711573570966720581054687500000000000E-02    0.731114062500000000000000000000000000000000E+04
    0.196878169663250446319580078125000000000000E-02    0.744062060546875000000000000000000000000000E+04
    0.200855359435081481933593750000000000000000E-02    0.757203027343750000000000000000000000000000E+04
    0.204912899062037467956542968750000000000000E-02    0.770537646484375000000000000000000000000000E+04
    0.209052418358623981475830078125000000000000E-02    0.784067626953125000000000000000000000000000E+04
    0.213275570422410964965820312500000000000000E-02    0.797793701171875000000000000000000000000000E+04
    0.217583985067903995513916015625000000000000E-02    0.811717089843750000000000000000000000000000E+04
    0.221979478374123573303222656250000000000000E-02    0.825838964843750000000000000000000000000000E+04
    0.226463773287832736968994140625000000000000E-02    0.840159765625000000000000000000000000000000E+04
    0.231038639321923255920410156250000000000000E-02    0.854680761718750000000000000000000000000000E+04
    0.235705915838479995727539062500000000000000E-02    0.869402539062500000000000000000000000000000E+04
    0.240467488765716552734375000000000000000000E-02    0.884325390625000000000000000000000000000000E+04
    0.245325244031846523284912109375000000000000E-02    0.899450488281250000000000000000000000000000E+04
    0.250281183980405330657958984375000000000000E-02    0.914777734375000000000000000000000000000000E+04
    0.255337217822670936584472656250000000000000E-02    0.930307812500000000000000000000000000000000E+04
    0.260495371185243129730224609375000000000000E-02    0.946040625000000000000000000000000000000000E+04
    0.265757716260850429534912109375000000000000E-02    0.961976464843750000000000000000000000000000E+04
    0.271126371808350086212158203125000000000000E-02    0.978115429687500000000000000000000000000000E+04
    0.276603479869663715362548828125000000000000E-02    0.994457226562500000000000000000000000000000E+04
    0.282191229052841663360595703125000000000000E-02    0.101100156250000000000000000000000000000000E+05
    0.287891877815127372741699218750000000000000E-02    0.102774814453125000000000000000000000000000E+05
    0.293707661330699920654296875000000000000000E-02    0.104469638671875000000000000000000000000000E+05
    0.299640954472124576568603515625000000000000E-02    0.106184541015625000000000000000000000000000E+05
    0.305694085545837879180908203125000000000000E-02    0.107919492187500000000000000000000000000000E+05
    0.311869522556662559509277343750000000000000E-02    0.109674335937500000000000000000000000000000E+05
    0.318169780075550079345703125000000000000000E-02    0.111448964843750000000000000000000000000000E+05
    0.324597232975065708160400390625000000000000E-02    0.113243271484375000000000000000000000000000E+05
    0.331154512241482734680175781250000000000000E-02    0.115057070312500000000000000000000000000000E+05
    0.337844272144138813018798828125000000000000E-02    0.116890244140625000000000000000000000000000E+05
    0.344669190235435962677001953125000000000000E-02    0.118742558593750000000000000000000000000000E+05
    0.351631967350840568542480468750000000000000E-02    0.120613837890625000000000000000000000000000E+05
    0.358735374175012111663818359375000000000000E-02    0.122503828125000000000000000000000000000000E+05
    0.365982321090996265411376953125000000000000E-02    0.124412285156250000000000000000000000000000E+05
    0.373375625349581241607666015625000000000000E-02    0.126338945312500000000000000000000000000000E+05
    0.380918313749134540557861328125000000000000E-02    0.128283515625000000000000000000000000000000E+05
    0.388613343238830566406250000000000000000000E-02    0.130245712890625000000000000000000000000000E+05
    0.396463880315423011779785156250000000000000E-02    0.132225166015625000000000000000000000000000E+05
    0.404472928494215011596679687500000000000000E-02    0.134221484375000000000000000000000000000000E+05
    0.412643933668732643127441406250000000000000E-02    0.136234316406250000000000000000000000000000E+05
    0.420979922637343406677246093750000000000000E-02    0.138263261718750000000000000000000000000000E+05
    0.429484248161315917968750000000000000000000E-02    0.140307880859375000000000000000000000000000E+05
    0.438160402700304985046386718750000000000000E-02    0.142367675781250000000000000000000000000000E+05
    0.447011832147836685180664062500000000000000E-02    0.144442187500000000000000000000000000000000E+05
    0.456042028963565826416015625000000000000000E-02    0.146530888671875000000000000000000000000000E+05
    0.465254718437790870666503906250000000000000E-02    0.148633183593750000000000000000000000000000E+05
    0.474653439596295356750488281250000000000000E-02    0.150748544921875000000000000000000000000000E+05
    0.484242103993892669677734375000000000000000E-02    0.152876279296875000000000000000000000000000E+05
    0.494024436920881271362304687500000000000000E-02    0.155015820312500000000000000000000000000000E+05
    0.504004349932074546813964843750000000000000E-02    0.157166464843750000000000000000000000000000E+05
    0.514185894280672073364257812500000000000000E-02    0.159327451171875000000000000000000000000000E+05
    0.524573167786002159118652343750000000000000E-02    0.161498085937500000000000000000000000000000E+05
    0.535170361399650573730468750000000000000000E-02    0.163677519531250000000000000000000000000000E+05
    0.545981479808688163757324218750000000000000E-02    0.165864960937500000000000000000000000000000E+05
    0.557011039927601814270019531250000000000000E-02    0.168059550781250000000000000000000000000000E+05
    0.568263372406363487243652343750000000000000E-02    0.170260097656250000000000000000000000000000E+05
    0.579743087291717529296875000000000000000000E-02    0.172473632812500000000000000000000000000000E+05
    0.591454654932022094726562500000000000000000E-02    0.174683828125000000000000000000000000000000E+05
    0.603402825072407722473144531250000000000000E-02    0.176897343750000000000000000000000000000000E+05
    0.615592347458004951477050781250000000000000E-02    0.179113027343750000000000000000000000000000E+05
    0.628028111532330513000488281250000000000000E-02    0.181329785156250000000000000000000000000000E+05
    0.640715099871158599853515625000000000000000E-02    0.183546386718750000000000000000000000000000E+05
    0.653658434748649597167968750000000000000000E-02    0.185761718750000000000000000000000000000000E+05
    0.666863145306706428527832031250000000000000E-02    0.187974472656250000000000000000000000000000E+05
    0.680334679782390594482421875000000000000000E-02    0.190183359375000000000000000000000000000000E+05
    0.694078346714377403259277343750000000000000E-02    0.192387128906250000000000000000000000000000E+05
    0.708099640905857086181640625000000000000000E-02    0.194584296875000000000000000000000000000000E+05
    0.722404150292277336120605468750000000000000E-02    0.196773515625000000000000000000000000000000E+05
    0.736997742205858230590820312500000000000000E-02    0.198954335937500000000000000000000000000000E+05
    0.751886051148176193237304687500000000000000E-02    0.201123203125000000000000000000000000000000E+05
    0.767075084149837493896484375000000000000000E-02    0.203279511718750000000000000000000000000000E+05
    0.782571360468864440917968750000000000000000E-02    0.205421699218750000000000000000000000000000E+05
    0.798380374908447265625000000000000000000000E-02    0.207548066406250000000000000000000000000000E+05
    0.814508739858865737915039062500000000000000E-02    0.209656972656250000000000000000000000000000E+05
    0.830962881445884704589843750000000000000000E-02    0.211746601562500000000000000000000000000000E+05
    0.847749505192041397094726562500000000000000E-02    0.213815195312500000000000000000000000000000E+05
    0.864875130355358123779296875000000000000000E-02    0.215860878906250000000000000000000000000000E+05
    0.882346741855144500732421875000000000000000E-02    0.217881660156250000000000000000000000000000E+05
    0.900171231478452682495117187500000000000000E-02    0.219874746093750000000000000000000000000000E+05
    0.918355956673622131347656250000000000000000E-02    0.221839785156250000000000000000000000000000E+05
    0.936907902359962463378906250000000000000000E-02    0.223773925781250000000000000000000000000000E+05
    0.955834705382585525512695312500000000000000E-02    0.225675039062500000000000000000000000000000E+05
    0.975143909454345703125000000000000000000000E-02    0.227540839843750000000000000000000000000000E+05
    0.994843058288097381591796875000000000000000E-02    0.229369140625000000000000000000000000000000E+05
    0.101494016125798225402832031250000000000000E-01    0.231157636718750000000000000000000000000000E+05
    0.103544332087039947509765625000000000000000E-01    0.232903984375000000000000000000000000000000E+05
    0.105636063963174819946289062500000000000000E-01    0.234605781250000000000000000000000000000000E+05
    0.107770059257745742797851562500000000000000E-01    0.236261093750000000000000000000000000000000E+05
    0.109947146847844123840332031250000000000000E-01    0.237866445312500000000000000000000000000000E+05
    0.112168220803141593933105468750000000000000E-01    0.239419843750000000000000000000000000000000E+05
    0.114434175193309783935546875000000000000000E-01    0.240918632812500000000000000000000000000000E+05
    0.116745894774794578552246093750000000000000E-01    0.242360273437500000000000000000000000000000E+05
    0.119104310870170593261718750000000000000000E-01    0.243742128906250000000000000000000000000000E+05
    0.121510382741689682006835937500000000000000E-01    0.245061562500000000000000000000000000000000E+05
    0.123965051025152206420898437500000000000000E-01    0.246315605468750000000000000000000000000000E+05
    0.126469302922487258911132812500000000000000E-01    0.247501953125000000000000000000000000000000E+05
    0.129024153575301170349121093750000000000000E-01    0.248617636718750000000000000000000000000000E+05
    0.131630674004554748535156250000000000000000E-01    0.249659921875000000000000000000000000000000E+05
    0.134289795532822608947753906250000000000000E-01    0.250626035156250000000000000000000000000000E+05
    0.137002617120742797851562500000000000000000E-01    0.251513125000000000000000000000000000000000E+05
    0.139770256355404853820800781250000000000000E-01    0.252318496093750000000000000000000000000000E+05
    0.142593793570995330810546875000000000000000E-01    0.253039238281250000000000000000000000000000E+05
    0.145474374294281005859375000000000000000000E-01    0.253672597656250000000000000000000000000000E+05
    0.148413162678480148315429687500000000000000E-01    0.254215859375000000000000000000000000000000E+05
    0.151411294937133789062500000000000000000000E-01    0.254666308593750000000000000000000000000000E+05
    0.154470009729266166687011718750000000000000E-01    0.255021308593750000000000000000000000000000E+05
    0.157590489834547042846679687500000000000000E-01    0.255278203125000000000000000000000000000000E+05
    0.160774048417806625366210937500000000000000E-01    0.255434492187500000000000000000000000000000E+05
    0.164021886885166168212890625000000000000000E-01    0.255487656250000000000000000000000000000000E+05
    0.167335346341133117675781250000000000000000E-01    0.255435371093750000000000000000000000000000E+05
    0.170715730637311935424804687500000000000000E-01    0.255275253906250000000000000000000000000000E+05
    0.174164418131113052368164062500000000000000E-01    0.255005214843750000000000000000000000000000E+05
    0.177682787179946899414062500000000000000000E-01    0.254623144531250000000000000000000000000000E+05
    0.181272197514772415161132812500000000000000E-01    0.254127207031250000000000000000000000000000E+05
    0.184934139251708984375000000000000000000000E-01    0.253515585937500000000000000000000000000000E+05
    0.188670046627521514892578125000000000000000E-01    0.252786835937500000000000000000000000000000E+05
    0.192481447011232376098632812500000000000000E-01    0.251939492187500000000000000000000000000000E+05
    0.196369830518960952758789062500000000000000E-01    0.250972421875000000000000000000000000000000E+05
    0.200336743146181106567382812500000000000000E-01    0.249884785156250000000000000000000000000000E+05
    0.204383805394172668457031250000000000000000E-01    0.248675898437500000000000000000000000000000E+05
    0.208512637764215469360351562500000000000000E-01    0.247345234375000000000000000000000000000000E+05
    0.212724860757589340209960937500000000000000E-01    0.245892832031250000000000000000000000000000E+05
    0.217022281140089035034179687500000000000000E-01    0.244318710937500000000000000000000000000000E+05
    0.221406426280736923217773437500000000000000E-01    0.242623437500000000000000000000000000000000E+05
    0.225879121571779251098632812500000000000000E-01    0.240807871093750000000000000000000000000000E+05
    0.230442192405462265014648437500000000000000E-01    0.238873203125000000000000000000000000000000E+05
    0.235097426921129226684570312500000000000000E-01    0.236821015625000000000000000000000000000000E+05
    0.239846706390380859375000000000000000000000E-01    0.234653203125000000000000000000000000000000E+05
    0.244691912084817886352539062500000000000000E-01    0.232372187500000000000000000000000000000000E+05
    0.249635018408298492431640625000000000000000E-01    0.229980742187500000000000000000000000000000E+05
    0.254677981138229370117187500000000000000000E-01    0.227482070312500000000000000000000000000000E+05
    0.259822811931371688842773437500000000000000E-01    0.224879785156250000000000000000000000000000E+05
    0.265071578323841094970703125000000000000000E-01    0.222178164062500000000000000000000000000000E+05
    0.270426385104656219482421875000000000000000E-01    0.219381679687500000000000000000000000000000E+05
    0.275889337062835693359375000000000000000000E-01    0.216495410156250000000000000000000000000000E+05
    0.281462669372558593750000000000000000000000E-01    0.213524921875000000000000000000000000000000E+05
    0.287148579955101013183593750000000000000000E-01    0.210476171875000000000000000000000000000000E+05
    0.292949359863996505737304687500000000000000E-01    0.207355761718750000000000000000000000000000E+05
    0.298867337405681610107421875000000000000000E-01    0.204170507812500000000000000000000000000000E+05
    0.304904840886592864990234375000000000000000E-01    0.200927812500000000000000000000000000000000E+05
    0.311064328998327255249023437500000000000000E-01    0.197635390625000000000000000000000000000000E+05
    0.317348241806030273437500000000000000000000E-01    0.194301425781250000000000000000000000000000E+05
    0.323759093880653381347656250000000000000000E-01    0.190934414062500000000000000000000000000000E+05
    0.330299474298954010009765625000000000000000E-01    0.187542832031250000000000000000000000000000E+05
    0.336971953511238098144531250000000000000000E-01    0.184131230468750000000000000000000000000000E+05
    0.343779213726520538330078125000000000000000E-01    0.180650390625000000000000000000000000000000E+05
    0.350724011659622192382812500000000000000000E-01    0.179268320312500000000000000000000000000000E+05
    0.357809104025363922119140625000000000000000E-01    0.175896914062500000000000000000000000000000E+05
    0.365037508308887481689453125000000000000000E-01    0.172568613281250000000000000000000000000000E+05
    0.372411720454692840576171875000000000000000E-01    0.169268046875000000000000000000000000000000E+05
    0.379934944212436676025390625000000000000000E-01    0.165966562500000000000000000000000000000000E+05
    0.387610122561454772949218750000000000000000E-01    0.162710146484375000000000000000000000000000E+05
    0.395440347492694854736328125000000000000000E-01    0.159510048828125000000000000000000000000000E+05
    0.403428785502910614013671875000000000000000E-01    0.156376621093750000000000000000000000000000E+05
    0.411578565835952758789062500000000000000000E-01    0.153319121093750000000000000000000000000000E+05
    0.419893004000186920166015625000000000000000E-01    0.150345742187500000000000000000000000000000E+05
    0.428375415503978729248046875000000000000000E-01    0.147463730468750000000000000000000000000000E+05
    0.437029153108596801757812500000000000000000E-01    0.144668750000000000000000000000000000000000E+05
    0.445857718586921691894531250000000000000000E-01    0.140828574218750000000000000000000000000000E+05
    0.454864650964736938476562500000000000000000E-01    0.138171650390625000000000000000000000000000E+05
    0.464053489267826080322265625000000000000000E-01    0.135673232421875000000000000000000000000000E+05
    0.473427996039390563964843750000000000000000E-01    0.133285517578125000000000000000000000000000E+05
    0.482991859316825866699218750000000000000000E-01    0.131003134765625000000000000000000000000000E+05
    0.492748916149139404296875000000000000000000E-01    0.128822431640625000000000000000000000000000E+05
    0.502703115344047546386718750000000000000000E-01    0.126737998046875000000000000000000000000000E+05
    0.512858368456363677978515625000000000000000E-01    0.124745000000000000000000000000000000000000E+05
    0.523218810558319091796875000000000000000000E-01    0.122837333984375000000000000000000000000000E+05
    0.533788502216339111328125000000000000000000E-01    0.121012246093750000000000000000000000000000E+05
    0.544571764767169952392578125000000000000000E-01    0.119921328125000000000000000000000000000000E+05
    0.555572807788848876953125000000000000000000E-01    0.118265468750000000000000000000000000000000E+05
    0.566796138882637023925781250000000000000000E-01    0.116630927734375000000000000000000000000000E+05
    0.578246153891086578369140625000000000000000E-01    0.115036464843750000000000000000000000000000E+05
    0.589927472174167633056640625000000000000000E-01    0.113474550781250000000000000000000000000000E+05
    0.601844787597656250000000000000000000000000E-01    0.111935351562500000000000000000000000000000E+05
    0.614003166556358337402343750000000000000000E-01    0.110408203125000000000000000000000000000000E+05
    0.626406818628311157226562500000000000000000E-01    0.108895048828125000000000000000000000000000E+05
    0.639061108231544494628906250000000000000000E-01    0.107402802734375000000000000000000000000000E+05
    0.651970952749252319335937500000000000000000E-01    0.105441396484375000000000000000000000000000E+05
    0.665141642093658447265625000000000000000000E-01    0.103844355468750000000000000000000000000000E+05
    0.678578317165374755859375000000000000000000E-01    0.102182314453125000000000000000000000000000E+05
    0.692286565899848937988281250000000000000000E-01    0.100442109375000000000000000000000000000000E+05
    0.706271678209304809570312500000000000000000E-01    0.986075097656250000000000000000000000000000E+04
    0.720539242029190063476562500000000000000000E-01    0.966642187500000000000000000000000000000000E+04
    0.735095068812370300292968750000000000000000E-01    0.945954296875000000000000000000000000000000E+04
    0.749944970011711120605468750000000000000000E-01    0.926284179687500000000000000000000000000000E+04
    0.765094906091690063476562500000000000000000E-01    0.903274121093750000000000000000000000000000E+04
    0.780550837516784667968750000000000000000000E-01    0.879095605468750000000000000000000000000000E+04
    0.796318948268890380859375000000000000000000E-01    0.853849023437500000000000000000000000000000E+04
    0.812405645847320556640625000000000000000000E-01    0.827713671875000000000000000000000000000000E+04
    0.828817337751388549804687500000000000000000E-01    0.801029345703125000000000000000000000000000E+04
    0.845560505986213684082031250000000000000000E-01    0.773841113281250000000000000000000000000000E+04
    0.862641930580139160156250000000000000000000E-01    0.746539453125000000000000000000000000000000E+04
    0.880068466067314147949218750000000000000000E-01    0.719423925781250000000000000000000000000000E+04
    0.897847041487693786621093750000000000000000E-01    0.692781396484375000000000000000000000000000E+04
    0.915984734892845153808593750000000000000000E-01    0.666881054687500000000000000000000000000000E+04
    0.934488773345947265625000000000000000000000E-01    0.641965136718750000000000000000000000000000E+04
    0.953366756439208984375000000000000000000000E-01    0.618243896484375000000000000000000000000000E+04
    0.972625985741615295410156250000000000000000E-01    0.595893896484375000000000000000000000000000E+04
    0.992274358868598937988281250000000000000000E-01    0.575057910156250000000000000000000000000000E+04
    0.101232007145881652832031250000000000000000E+00    0.555837988281250000000000000000000000000000E+04
    0.103277020156383514404296875000000000000000E+00    0.538294238281250000000000000000000000000000E+04
    0.105363354086875915527343750000000000000000E+00    0.522447216796875000000000000000000000000000E+04
    0.107491828501224517822265625000000000000000E+00    0.508269628906250000000000000000000000000000E+04
    0.109663315117359161376953125000000000000000E+00    0.495680322265625000000000000000000000000000E+04
    0.111878655850887298583984375000000000000000E+00    0.484539111328125000000000000000000000000000E+04
    0.114138752222061157226562500000000000000000E+00    0.474644433593750000000000000000000000000000E+04
    0.116444505751132965087890625000000000000000E+00    0.465731884765625000000000000000000000000000E+04
    0.118796832859516143798828125000000000000000E+00    0.457483251953125000000000000000000000000000E+04
    0.121196687221527099609375000000000000000000E+00    0.449543115234375000000000000000000000000000E+04
    0.123645029962062835693359375000000000000000E+00    0.441544335937500000000000000000000000000000E+04
    0.126142814755439758300781250000000000000000E+00    0.433139355468750000000000000000000000000000E+04
    0.128691077232360839843750000000000000000000E+00    0.424032421875000000000000000000000000000000E+04
    0.131290808320045471191406250000000000000000E+00    0.414006787109375000000000000000000000000000E+04
    0.133943051099777221679687500000000000000000E+00    0.402937866210937500000000000000000000000000E+04
    0.136648878455162048339843750000000000000000E+00    0.390795556640625000000000000000000000000000E+04
    0.139409363269805908203125000000000000000000E+00    0.377638281250000000000000000000000000000000E+04
    0.142225623130798339843750000000000000000000E+00    0.363595947265625000000000000000000000000000E+04
    0.145098760724067687988281250000000000000000E+00    0.348913452148437500000000000000000000000000E+04
    0.148029953241348266601562500000000000000000E+00    0.333880297851562500000000000000000000000000E+04
    0.151020348072052001953125000000000000000000E+00    0.318881835937500000000000000000000000000000E+04
    0.154071167111396789550781250000000000000000E+00    0.304347436523437500000000000000000000000000E+04
    0.157183602452278137207031250000000000000000E+00    0.290697070312500000000000000000000000000000E+04
    0.160358920693397521972656250000000000000000E+00    0.278269702148437500000000000000000000000000E+04
    0.163598373532295227050781250000000000000000E+00    0.267264990234375000000000000000000000000000E+04
    0.166903272271156311035156250000000000000000E+00    0.257722387695312500000000000000000000000000E+04
    0.170275032520294189453125000000000000000000E+00    0.249544262695312500000000000000000000000000E+04
    0.173714801669120788574218750000000000000000E+00    0.242543896484375000000000000000000000000000E+04
    0.177224084734916687011718750000000000000000E+00    0.236483911132812500000000000000000000000000E+04
    0.180804237723350524902343750000000000000000E+00    0.231086181640625000000000000000000000000000E+04
    0.184456720948219299316406250000000000000000E+00    0.226023095703125000000000000000000000000000E+04
    0.188182994723320007324218750000000000000000E+00    0.220925317382812500000000000000000000000000E+04
    0.191984534263610839843750000000000000000000E+00    0.215434643554687500000000000000000000000000E+04
    0.195862874388694763183593750000000000000000E+00    0.209284912109375000000000000000000000000000E+04
    0.199819564819335937500000000000000000000000E+00    0.202365307617187500000000000000000000000000E+04
    0.203856185078620910644531250000000000000000E+00    0.194737158203125000000000000000000000000000E+04
    0.207974359393119812011718750000000000000000E+00    0.186589489746093750000000000000000000000000E+04
    0.212175697088241577148437500000000000000000E+00    0.178204907226562500000000000000000000000000E+04
    0.216461926698684692382812500000000000000000E+00    0.169924023437500000000000000000000000000000E+04
    0.220834761857986450195312500000000000000000E+00    0.162100207519531250000000000000000000000000E+04
    0.225295916199684143066406250000000000000000E+00    0.155023437500000000000000000000000000000000E+04
    0.229847192764282226562500000000000000000000E+00    0.148844604492187500000000000000000000000000E+04
    0.234490394592285156250000000000000000000000E+00    0.143550817871093750000000000000000000000000E+04
    0.239227414131164550781250000000000000000000E+00    0.139002539062500000000000000000000000000000E+04
    0.244060128927230834960937500000000000000000E+00    0.134985913085937500000000000000000000000000E+04
    0.248990446329116821289062500000000000000000E+00    0.131243432617187500000000000000000000000000E+04
    0.254020392894744873046875000000000000000000E+00    0.127496545410156250000000000000000000000000E+04
    0.259151935577392578125000000000000000000000E+00    0.123500964355468750000000000000000000000000E+04
    0.264387160539627075195312500000000000000000E+00    0.119125524902343750000000000000000000000000E+04
    0.269728124141693115234375000000000000000000E+00    0.114396398925781250000000000000000000000000E+04
    0.275177001953125000000000000000000000000000E+00    0.109469873046875000000000000000000000000000E+04
    0.280736058950424194335937500000000000000000E+00    0.104564782714843750000000000000000000000000E+04
    0.286407291889190673828125000000000000000000E+00    0.999046386718750000000000000000000000000000E+03
    0.292193114757537841796875000000000000000000E+00    0.956705139160156250000000000000000000000000E+03
    0.298095792531967163085937500000000000000000E+00    0.919425659179687500000000000000000000000000E+03
    0.304117560386657714843750000000000000000000E+00    0.886643798828125000000000000000000000000000E+03
    0.310261309146881103515625000000000000000000E+00    0.856861267089843750000000000000000000000000E+03
    0.316528826951980590820312500000000000000000E+00    0.828427246093750000000000000000000000000000E+03
    0.322923272848129272460937500000000000000000E+00    0.799848449707031250000000000000000000000000E+03
    0.329446613788604736328125000000000000000000E+00    0.770004943847656250000000000000000000000000E+03
    0.336102008819580078125000000000000000000000E+00    0.738758972167968750000000000000000000000000E+03
    0.342891573905944824218750000000000000000000E+00    0.707119201660156250000000000000000000000000E+03
    0.349818587303161621093750000000000000000000E+00    0.676472351074218750000000000000000000000000E+03
    0.356885224580764770507812500000000000000000E+00    0.647888061523437500000000000000000000000000E+03
    0.364094972610473632812500000000000000000000E+00    0.621867736816406250000000000000000000000000E+03
    0.371450334787368774414062500000000000000000E+00    0.598188171386718750000000000000000000000000E+03
    0.378953933715820312500000000000000000000000E+00    0.576072631835937500000000000000000000000000E+03
    0.386609494686126708984375000000000000000000E+00    0.554578552246093750000000000000000000000000E+03
    0.394419312477111816406250000000000000000000E+00    0.532965148925781250000000000000000000000000E+03
    0.402387291193008422851562500000000000000000E+00    0.511114593505859375000000000000000000000000E+03
    0.410515844821929931640625000000000000000000E+00    0.489504577636718750000000000000000000000000E+03
    0.418809026479721069335937500000000000000000E+00    0.468737304687500000000000000000000000000000E+03
    0.427269339561462402343750000000000000000000E+00    0.449282196044921875000000000000000000000000E+03
    0.435900926589965820312500000000000000000000E+00    0.431209594726562500000000000000000000000000E+03
    0.444706469774246215820312500000000000000000E+00    0.414159667968750000000000000000000000000000E+03
    0.453690379858016967773437500000000000000000E+00    0.397708007812500000000000000000000000000000E+03
    0.462855309247970581054687500000000000000000E+00    0.381522491455078125000000000000000000000000E+03
    0.472205787897109985351562500000000000000000E+00    0.365558135986328125000000000000000000000000E+03
    0.481744766235351562500000000000000000000000E+00    0.350107421875000000000000000000000000000000E+03
    0.491476893424987792968750000000000000000000E+00    0.335387054443359375000000000000000000000000E+03
    0.501405119895935058593750000000000000000000E+00    0.321468719482421875000000000000000000000000E+03
    0.511534392833709716796875000000000000000000E+00    0.308264648437500000000000000000000000000000E+03
    0.521867811679840087890625000000000000000000E+00    0.295537048339843750000000000000000000000000E+03
    0.532410502433776855468750000000000000000000E+00    0.283162780761718750000000000000000000000000E+03
    0.543165624141693115234375000000000000000000E+00    0.271171051025390625000000000000000000000000E+03
    0.554138541221618652343750000000000000000000E+00    0.259641967773437500000000000000000000000000E+03
    0.565332591533660888671875000000000000000000E+00    0.248660018920898437500000000000000000000000E+03
    0.576753377914428710937500000000000000000000E+00    0.238176330566406250000000000000000000000000E+03
    0.588404297828674316406250000000000000000000E+00    0.228118759155273437500000000000000000000000E+03
    0.600291073322296142578125000000000000000000E+00    0.218409164428710937500000000000000000000000E+03
    0.612418055534362792968750000000000000000000E+00    0.209057907104492187500000000000000000000000E+03
    0.624789416790008544921875000000000000000000E+00    0.200088775634765625000000000000000000000000E+03
    0.637411296367645263671875000000000000000000E+00    0.191512359619140625000000000000000000000000E+03
    0.650287508964538574218750000000000000000000E+00    0.183300231933593750000000000000000000000000E+03
    0.663424491882324218750000000000000000000000E+00    0.175410354614257812500000000000000000000000E+03
    0.676826238632202148437500000000000000000000E+00    0.167829910278320312500000000000000000000000E+03
    0.690499365329742431640625000000000000000000E+00    0.160557922363281250000000000000000000000000E+03
    0.704448044300079345703125000000000000000000E+00    0.153594207763671875000000000000000000000000E+03
    0.718679130077362060546875000000000000000000E+00    0.146923751831054687500000000000000000000000E+03
    0.733197033405303955078125000000000000000000E+00    0.140523193359375000000000000000000000000000E+03
    0.748008966445922851562500000000000000000000E+00    0.134387786865234375000000000000000000000000E+03
    0.763119339942932128906250000000000000000000E+00    0.128504165649414062500000000000000000000000E+03
    0.778535783290863037109375000000000000000000E+00    0.122872016906738281250000000000000000000000E+03
    0.794262826442718505859375000000000000000000E+00    0.117472358703613281250000000000000000000000E+03
    0.810308396816253662109375000000000000000000E+00    0.112298171997070312500000000000000000000000E+03
    0.826677322387695312500000000000000000000000E+00    0.107343162536621093750000000000000000000000E+03
    0.843377590179443359375000000000000000000000E+00    0.102595489501953125000000000000000000000000E+03
    0.860414624214172363281250000000000000000000E+00    0.980503234863281250000000000000000000000000E+02
    0.877796530723571777343750000000000000000000E+00    0.936980133056640625000000000000000000000000E+02
    0.895528674125671386718750000000000000000000E+00    0.895290451049804687500000000000000000000000E+02
    0.913619995117187500000000000000000000000000E+00    0.855393218994140625000000000000000000000000E+02
    0.932075977325439453125000000000000000000000E+00    0.817211532592773437500000000000000000000000E+02
    0.950905561447143554687500000000000000000000E+00    0.780655364990234375000000000000000000000000E+02
    0.970114648342132568359375000000000000000000E+00    0.745668792724609375000000000000000000000000E+02
    0.989712655544281005859375000000000000000000E+00    0.712196731567382812500000000000000000000000E+02
    0.100970673561096191406250000000000000000000E+01    0.680168457031250000000000000000000000000000E+02
    0.103010356426239013671875000000000000000000E+01    0.649517745971679687500000000000000000000000E+02
    0.105091357231140136718750000000000000000000E+01    0.620191421508789062500000000000000000000000E+02
    0.107214283943176269531250000000000000000000E+01    0.592140007019042968750000000000000000000000E+02
    0.109380209445953369140625000000000000000000E+01    0.565312194824218750000000000000000000000000E+02
    0.111589777469635009765625000000000000000000E+01    0.539655609130859375000000000000000000000000E+02
    0.113844096660614013671875000000000000000000E+01    0.515120849609375000000000000000000000000000E+02
    0.116143846511840820312500000000000000000000E+01    0.491662101745605468750000000000000000000000E+02
    0.118490147590637207031250000000000000000000E+01    0.469235725402832031250000000000000000000000E+02
    0.120883750915527343750000000000000000000000E+01    0.447798576354980468750000000000000000000000E+02
    0.123325824737548828125000000000000000000000E+01    0.427308349609375000000000000000000000000000E+02
    0.125817120075225830078125000000000000000000E+01    0.407724227905273437500000000000000000000000E+02
    0.128358840942382812500000000000000000000000E+01    0.389007034301757812500000000000000000000000E+02
    0.130951797962188720703125000000000000000000E+01    0.371119346618652343750000000000000000000000E+02
    0.133597266674041748046875000000000000000000E+01    0.354026184082031250000000000000000000000000E+02
    0.136296045780181884765625000000000000000000E+01    0.337694320678710937500000000000000000000000E+02
    0.139049470424652099609375000000000000000000E+01    0.322092399597167968750000000000000000000000E+02
    0.141858386993408203125000000000000000000000E+01    0.307189102172851562500000000000000000000000E+02
    0.144724178314208984375000000000000000000000E+01    0.292954673767089843750000000000000000000000E+02
    0.147647726535797119140625000000000000000000E+01    0.279359645843505859375000000000000000000000E+02
    0.150630474090576171875000000000000000000000E+01    0.266375961303710937500000000000000000000000E+02
    0.153673338890075683593750000000000000000000E+01    0.253977203369140625000000000000000000000000E+02
    0.156777822971343994140625000000000000000000E+01    0.242138919830322265625000000000000000000000E+02
    0.159944856166839599609375000000000000000000E+01    0.230835838317871093750000000000000000000000E+02
    0.163176035881042480468750000000000000000000E+01    0.220046424865722656250000000000000000000000E+02
    0.166472315788269042968750000000000000000000E+01    0.209745807647705078125000000000000000000000E+02
    0.169835364818572998046875000000000000000000E+01    0.199914131164550781250000000000000000000000E+02
    0.173266339302062988281250000000000000000000E+01    0.190531253814697265625000000000000000000000E+02
    0.176766479015350341796875000000000000000000E+01    0.181574687957763671875000000000000000000000E+02
    0.180337476730346679687500000000000000000000E+01    0.173027439117431640625000000000000000000000E+02
    0.183980441093444824218750000000000000000000E+01    0.164872760772705078125000000000000000000000E+02
    0.187697184085845947265625000000000000000000E+01    0.157091217041015625000000000000000000000000E+02
    0.191488826274871826171875000000000000000000E+01    0.149669227600097656250000000000000000000000E+02
    0.195357239246368408203125000000000000000000E+01    0.142587871551513671875000000000000000000000E+02
    0.199303627014160156250000000000000000000000E+01    0.135833997726440429687500000000000000000000E+02
    0.203329920768737792968750000000000000000000E+01    0.129390344619750976562500000000000000000000E+02
    0.207437348365783691406250000000000000000000E+01    0.123245363235473632812500000000000000000000E+02
    0.211627960205078125000000000000000000000000E+01    0.117383880615234375000000000000000000000000E+02
    0.215903019905090332031250000000000000000000E+01    0.111794710159301757812500000000000000000000E+02
    0.220264649391174316406250000000000000000000E+01    0.106465635299682617187500000000000000000000E+02
    0.224714183807373046875000000000000000000000E+01    0.101384029388427734375000000000000000000000E+02
    0.229253816604614257812500000000000000000000E+01    0.965394592285156250000000000000000000000000E+01
    0.233884930610656738281250000000000000000000E+01    0.919213485717773437500000000000000000000000E+01
    0.238609838485717773437500000000000000000000E+01    0.875189876556396484375000000000000000000000E+01
    0.243429946899414062500000000000000000000000E+01    0.833222579956054687500000000000000000000000E+01
    0.248347663879394531250000000000000000000000E+01    0.793218517303466796875000000000000000000000E+01
    0.253364515304565429687500000000000000000000E+01    0.755090856552124023437500000000000000000000E+01
    0.258482933044433593750000000000000000000000E+01    0.718756341934204101562500000000000000000000E+01
    0.263704514503479003906250000000000000000000E+01    0.684133863449096679687500000000000000000000E+01
    0.269031810760498046875000000000000000000000E+01    0.651144552230834960937500000000000000000000E+01
    0.274466466903686523437500000000000000000000E+01    0.619711589813232421875000000000000000000000E+01
    0.280011177062988281250000000000000000000000E+01    0.589762926101684570312500000000000000000000E+01
    0.285667920112609863281250000000000000000000E+01    0.561228656768798828125000000000000000000000E+01
    0.291438651084899902343750000000000000000000E+01    0.534044694900512695312500000000000000000000E+01
    0.297326231002807617187500000000000000000000E+01    0.508151102066040039062500000000000000000000E+01
    0.303332471847534179687500000000000000000000E+01    0.483488464355468750000000000000000000000000E+01
    0.309460353851318359375000000000000000000000E+01    0.459997463226318359375000000000000000000000E+01
    0.315711688995361328125000000000000000000000E+01    0.437627410888671875000000000000000000000000E+01
    0.322089648246765136718750000000000000000000E+01    0.416320419311523437500000000000000000000000E+01
    0.328596115112304687500000000000000000000000E+01    0.396031928062438964843750000000000000000000E+01
    0.335234355926513671875000000000000000000000E+01    0.376712584495544433593750000000000000000000E+01
    0.342006349563598632812500000000000000000000E+01    0.358317232131958007812500000000000000000000E+01
    0.348915529251098632812500000000000000000000E+01    0.340801692008972167968750000000000000000000E+01
    0.355963897705078125000000000000000000000000E+01    0.324128079414367675781250000000000000000000E+01
    0.363155031204223632812500000000000000000000E+01    0.308255577087402343750000000000000000000000E+01
    0.370491051673889160156250000000000000000000E+01    0.293145656585693359375000000000000000000000E+01
    0.377975654602050781250000000000000000000000E+01    0.278762555122375488281250000000000000000000E+01
    0.385611033439636230468750000000000000000000E+01    0.265072011947631835937500000000000000000000E+01
    0.393401122093200683593750000000000000000000E+01    0.252041363716125488281250000000000000000000E+01
    0.401348161697387695312500000000000000000000E+01    0.239639949798583984375000000000000000000000E+01
    0.409456062316894531250000000000000000000000E+01    0.227838444709777832031250000000000000000000E+01
    0.417727470397949218750000000000000000000000E+01    0.216608309745788574218750000000000000000000E+01
    0.426166296005249023437500000000000000000000E+01    0.205921983718872070312500000000000000000000E+01
    0.434775209426879882812500000000000000000000E+01    0.195753920078277587890625000000000000000000E+01
    0.443558454513549804687500000000000000000000E+01    0.186079478263854980468750000000000000000000E+01
