  0.104606E-04  0.199302E+08  0.199302E+08  0.265597E+08  0.265593E+08  0.199326E+08  0.199300E+08  0.525991E+00  0.199302E+08
  0.115506E-04  0.199302E+08  0.199302E+08  0.265567E+08  0.265562E+08  0.199326E+08  0.199300E+08  0.525991E+00  0.199302E+08
  0.127541E-04  0.199302E+08  0.199302E+08  0.265530E+08  0.265524E+08  0.199326E+08  0.199300E+08  0.525991E+00  0.199302E+08
  0.140830E-04  0.199302E+08  0.199302E+08  0.265484E+08  0.265478E+08  0.199326E+08  0.199300E+08  0.525991E+00  0.199302E+08
  0.155504E-04  0.199301E+08  0.199301E+08  0.265429E+08  0.265421E+08  0.199326E+08  0.199300E+08  0.525991E+00  0.199302E+08
  0.171708E-04  0.199301E+08  0.199301E+08  0.265362E+08  0.265352E+08  0.199325E+08  0.199300E+08  0.525990E+00  0.199301E+08
  0.189599E-04  0.199301E+08  0.199301E+08  0.265280E+08  0.265268E+08  0.199325E+08  0.199300E+08  0.525990E+00  0.199301E+08
  0.209355E-04  0.199301E+08  0.199301E+08  0.265180E+08  0.265165E+08  0.199324E+08  0.199300E+08  0.525990E+00  0.199301E+08
  0.231169E-04  0.199301E+08  0.199301E+08  0.265058E+08  0.265040E+08  0.199324E+08  0.199299E+08  0.525990E+00  0.199301E+08
  0.255256E-04  0.199300E+08  0.199300E+08  0.264910E+08  0.264888E+08  0.199323E+08  0.199299E+08  0.525990E+00  0.199301E+08
  0.281853E-04  0.199300E+08  0.199300E+08  0.264729E+08  0.264702E+08  0.199322E+08  0.199299E+08  0.525990E+00  0.199300E+08
  0.311221E-04  0.199300E+08  0.199300E+08  0.264509E+08  0.264476E+08  0.199321E+08  0.199298E+08  0.525990E+00  0.199300E+08
  0.343649E-04  0.199299E+08  0.199299E+08  0.264240E+08  0.264200E+08  0.199320E+08  0.199298E+08  0.525989E+00  0.199299E+08
  0.379456E-04  0.199299E+08  0.199299E+08  0.263914E+08  0.263865E+08  0.199318E+08  0.199297E+08  0.525989E+00  0.199299E+08
  0.418994E-04  0.199298E+08  0.199298E+08  0.263515E+08  0.263456E+08  0.199316E+08  0.199296E+08  0.525989E+00  0.199298E+08
  0.462652E-04  0.199297E+08  0.199297E+08  0.263031E+08  0.262959E+08  0.199314E+08  0.199296E+08  0.525988E+00  0.199297E+08
  0.510859E-04  0.199296E+08  0.199296E+08  0.262441E+08  0.262353E+08  0.199311E+08  0.199294E+08  0.525988E+00  0.199296E+08
  0.564089E-04  0.199295E+08  0.199294E+08  0.261724E+08  0.261617E+08  0.199307E+08  0.199293E+08  0.525987E+00  0.199295E+08
  0.622865E-04  0.199293E+08  0.199293E+08  0.260852E+08  0.260721E+08  0.199303E+08  0.199291E+08  0.525986E+00  0.199293E+08
  0.687766E-04  0.199291E+08  0.199291E+08  0.259792E+08  0.259634E+08  0.199297E+08  0.199290E+08  0.525985E+00  0.199291E+08
  0.759429E-04  0.199289E+08  0.199288E+08  0.258505E+08  0.258313E+08  0.199291E+08  0.199287E+08  0.525984E+00  0.199288E+08
  0.838559E-04  0.199286E+08  0.199285E+08  0.256944E+08  0.256711E+08  0.199283E+08  0.199284E+08  0.525983E+00  0.199285E+08
  0.925934E-04  0.199282E+08  0.199282E+08  0.255052E+08  0.254770E+08  0.199273E+08  0.199281E+08  0.525981E+00  0.199282E+08
  0.102241E-03  0.199278E+08  0.199277E+08  0.252764E+08  0.252421E+08  0.199261E+08  0.199276E+08  0.525979E+00  0.199277E+08
  0.112895E-03  0.199272E+08  0.199272E+08  0.249998E+08  0.249585E+08  0.199247E+08  0.199271E+08  0.525976E+00  0.199272E+08
  0.124658E-03  0.199266E+08  0.199265E+08  0.246665E+08  0.246165E+08  0.199229E+08  0.199264E+08  0.525973E+00  0.199265E+08
  0.137647E-03  0.199258E+08  0.199257E+08  0.242656E+08  0.242054E+08  0.199208E+08  0.199256E+08  0.525969E+00  0.199257E+08
  0.151989E-03  0.199248E+08  0.199247E+08  0.237849E+08  0.237127E+08  0.199181E+08  0.199247E+08  0.525965E+00  0.199248E+08
  0.167826E-03  0.199236E+08  0.199235E+08  0.232108E+08  0.231244E+08  0.199150E+08  0.199235E+08  0.525959E+00  0.199236E+08
  0.185313E-03  0.199222E+08  0.199220E+08  0.225281E+08  0.224252E+08  0.199111E+08  0.199221E+08  0.525952E+00  0.199221E+08
  0.204622E-03  0.199205E+08  0.199203E+08  0.217209E+08  0.215989E+08  0.199064E+08  0.199203E+08  0.525945E+00  0.199204E+08
  0.225943E-03  0.199184E+08  0.199181E+08  0.207730E+08  0.206293E+08  0.199007E+08  0.199182E+08  0.525935E+00  0.199183E+08
  0.249485E-03  0.199158E+08  0.199155E+08  0.196694E+08  0.195014E+08  0.198937E+08  0.199157E+08  0.525924E+00  0.199157E+08
  0.275481E-03  0.199128E+08  0.199124E+08  0.183977E+08  0.182032E+08  0.198852E+08  0.199126E+08  0.525911E+00  0.199126E+08
  0.304185E-03  0.199090E+08  0.199086E+08  0.169513E+08  0.167288E+08  0.198750E+08  0.199089E+08  0.525896E+00  0.199088E+08
  0.335880E-03  0.199045E+08  0.199040E+08  0.153324E+08  0.150815E+08  0.198625E+08  0.199044E+08  0.525878E+00  0.199042E+08
  0.370878E-03  0.198991E+08  0.198984E+08  0.135565E+08  0.132785E+08  0.198474E+08  0.198989E+08  0.525858E+00  0.198987E+08
  0.409522E-03  0.198925E+08  0.198917E+08  0.116566E+08  0.113554E+08  0.198291E+08  0.198924E+08  0.525836E+00  0.198921E+08
  0.452193E-03  0.198847E+08  0.198837E+08  0.968768E+07  0.937053E+07  0.198070E+08  0.198845E+08  0.525811E+00  0.198842E+08
  0.499310E-03  0.198753E+08  0.198742E+08  0.772831E+07  0.740591E+07  0.197804E+08  0.198751E+08  0.525784E+00  0.198746E+08
  0.551337E-03  0.198641E+08  0.198628E+08  0.587778E+07  0.556450E+07  0.197483E+08  0.198639E+08  0.525756E+00  0.198633E+08
  0.608784E-03  0.198507E+08  0.198492E+08  0.424586E+07  0.395862E+07  0.197097E+08  0.198506E+08  0.525727E+00  0.198498E+08
  0.672218E-03  0.198349E+08  0.198332E+08  0.293260E+07  0.268853E+07  0.196634E+08  0.198348E+08  0.525699E+00  0.198338E+08
  0.742261E-03  0.198163E+08  0.198143E+08  0.199951E+07  0.181210E+07  0.196081E+08  0.198161E+08  0.525671E+00  0.198150E+08
  0.819602E-03  0.197944E+08  0.197921E+08  0.143937E+07  0.131390E+07  0.195422E+08  0.197942E+08  0.525647E+00  0.197928E+08
  0.905002E-03  0.197687E+08  0.197662E+08  0.116109E+07  0.109103E+07  0.194640E+08  0.197685E+08  0.525624E+00  0.197668E+08
  0.999300E-03  0.197387E+08  0.197360E+08  0.101115E+07  0.978131E+06  0.193715E+08  0.197386E+08  0.525605E+00  0.197366E+08
  0.110342E-02  0.197039E+08  0.197009E+08  0.842129E+06  0.821752E+06  0.192625E+08  0.197038E+08  0.525587E+00  0.197014E+08
  0.121840E-02  0.196636E+08  0.196604E+08  0.601395E+06  0.573717E+06  0.191346E+08  0.196634E+08  0.525569E+00  0.196606E+08
  0.134535E-02  0.196169E+08  0.196136E+08  0.364196E+06  0.322665E+06  0.189860E+08  0.196167E+08  0.525552E+00  0.196134E+08
  0.148553E-02  0.195631E+08  0.195597E+08  0.241224E+06  0.192174E+06  0.188148E+08  0.195629E+08  0.525534E+00  0.195590E+08
  0.164032E-02  0.195012E+08  0.194978E+08  0.222936E+06  0.000000E+00  0.186190E+08  0.195011E+08  0.525517E+00  0.194966E+08
  0.181124E-02  0.194304E+08  0.194269E+08  0.180196E+06  0.000000E+00  0.183972E+08  0.194302E+08  0.525498E+00  0.194250E+08
  0.199996E-02  0.193494E+08  0.193459E+08  0.834802E+05  0.000000E+00  0.181481E+08  0.193493E+08  0.525479E+00  0.193433E+08
  0.220835E-02  0.192572E+08  0.192537E+08  0.506380E+05  0.000000E+00  0.178713E+08  0.192571E+08  0.525458E+00  0.192502E+08
  0.243845E-02  0.191526E+08  0.191490E+08  0.607419E+05  0.000000E+00  0.175664E+08  0.191524E+08  0.525437E+00  0.191446E+08
  0.269253E-02  0.190342E+08  0.190306E+08  0.230530E+05  0.000000E+00  0.172337E+08  0.190341E+08  0.525415E+00  0.190253E+08
  0.297309E-02  0.189010E+08  0.188971E+08  0.211762E+05  0.000000E+00  0.168730E+08  0.189008E+08  0.525391E+00  0.188910E+08
  0.328287E-02  0.187515E+08  0.187474E+08  0.943143E+04  0.000000E+00  0.164839E+08  0.187513E+08  0.525367E+00  0.187403E+08
  0.362494E-02  0.185844E+08  0.185800E+08  0.325072E+04  0.000000E+00  0.160656E+08  0.185842E+08  0.525342E+00  0.185720E+08
  0.400264E-02  0.183984E+08  0.183938E+08 -0.536280E+04  0.000000E+00  0.156169E+08  0.183983E+08  0.525316E+00  0.183848E+08
  0.441971E-02  0.181923E+08  0.181873E+08  0.154371E+04  0.000000E+00  0.151366E+08  0.181921E+08  0.525289E+00  0.181773E+08
  0.488023E-02  0.179645E+08  0.179592E+08 -0.106453E+04  0.000000E+00  0.146257E+08  0.179644E+08  0.525260E+00  0.179482E+08
  0.538873E-02  0.177139E+08  0.177080E+08 -0.389552E+04  0.000000E+00  0.140840E+08  0.177138E+08  0.525230E+00  0.176961E+08
  0.595022E-02  0.174394E+08  0.174330E+08 -0.240469E+04  0.000000E+00  0.134851E+08  0.174393E+08  0.525196E+00  0.174201E+08
  0.657021E-02  0.171388E+08  0.171317E+08 -0.267154E+04  0.000000E+00  0.128673E+08  0.171387E+08  0.525162E+00  0.171179E+08
  0.725481E-02  0.168112E+08  0.168031E+08 -0.229429E+04  0.000000E+00  0.122175E+08  0.168110E+08  0.525126E+00  0.167886E+08
  0.801074E-02  0.164550E+08  0.164460E+08 -0.282790E+04  0.000000E+00  0.115454E+08  0.164549E+08  0.525088E+00  0.164308E+08
  0.884543E-02  0.160691E+08  0.160588E+08 -0.233686E+04  0.000000E+00  0.108580E+08  0.160689E+08  0.525050E+00  0.160433E+08
  0.976710E-02  0.156521E+08  0.156403E+08 -0.162112E+04  0.000000E+00  0.101536E+08  0.156519E+08  0.525010E+00  0.156246E+08
  0.107848E-01  0.152027E+08  0.151892E+08 -0.178426E+04  0.000000E+00  0.943379E+07  0.152025E+08  0.524970E+00  0.151737E+08
  0.119085E-01  0.147196E+08  0.147042E+08 -0.147228E+04  0.000000E+00  0.870585E+07  0.147195E+08  0.524928E+00  0.146892E+08
  0.131494E-01  0.142018E+08  0.141840E+08 -0.108439E+04  0.000000E+00  0.797869E+07  0.142016E+08  0.524886E+00  0.141700E+08
  0.145195E-01  0.136481E+08  0.136277E+08 -0.103995E+04  0.000000E+00  0.725528E+07  0.136480E+08  0.524845E+00  0.136151E+08
  0.160324E-01  0.130582E+08  0.130348E+08 -0.871427E+03  0.000000E+00  0.654088E+07  0.130581E+08  0.524803E+00  0.130241E+08
  0.177029E-01  0.124456E+08  0.124189E+08 -0.618744E+03  0.000000E+00  0.585103E+07  0.124454E+08  0.524761E+00  0.124106E+08
  0.195475E-01  0.117871E+08  0.117568E+08 -0.565127E+03  0.000000E+00  0.517851E+07  0.117870E+08  0.524720E+00  0.117514E+08
  0.215843E-01  0.110964E+08  0.110624E+08 -0.323490E+03  0.000000E+00  0.453650E+07  0.110962E+08  0.524680E+00  0.110603E+08
  0.238333E-01  0.103681E+08  0.103304E+08 -0.325402E+03  0.000000E+00  0.392706E+07  0.103679E+08  0.524642E+00  0.103319E+08
  0.263166E-01  0.962744E+07  0.958618E+07 -0.243779E+03  0.000000E+00  0.336378E+07  0.962720E+07  0.524604E+00  0.959146E+07
  0.290588E-01  0.888284E+07  0.883864E+07 -0.169121E+03  0.000000E+00  0.285043E+07  0.888256E+07  0.524568E+00  0.884742E+07
  0.320866E-01  0.813748E+07  0.809129E+07 -0.151823E+03  0.000000E+00  0.238764E+07  0.813715E+07  0.524534E+00  0.810303E+07
  0.354299E-01  0.741050E+07  0.736372E+07 -0.972440E+02  0.000000E+00  0.197940E+07  0.741009E+07  0.524502E+00  0.737742E+07
  0.391216E-01  0.672814E+07  0.668257E+07 -0.780217E+02  0.000000E+00  0.162893E+07  0.672763E+07  0.524471E+00  0.669680E+07
  0.431979E-01  0.610611E+07  0.606383E+07 -0.783044E+02  0.000000E+00  0.133422E+07  0.610547E+07  0.524443E+00  0.607684E+07
  0.475177E-01  0.557574E+07  0.553852E+07  0.000000E+00  0.000000E+00  0.109950E+07  0.557492E+07  0.524418E+00  0.554870E+07
  0.518375E-01  0.515719E+07  0.512585E+07  0.000000E+00  0.000000E+00  0.922932E+06  0.515616E+07  0.524396E+00  0.513227E+07
  0.561573E-01  0.481627E+07  0.479079E+07  0.000000E+00  0.000000E+00  0.786140E+06  0.481499E+07  0.524378E+00  0.479330E+07
  0.604771E-01  0.452688E+07  0.450651E+07  0.000000E+00  0.000000E+00  0.676966E+06  0.452531E+07  0.524362E+00  0.450561E+07
  0.647969E-01  0.426798E+07  0.425151E+07  0.000000E+00  0.000000E+00  0.587105E+06  0.426608E+07  0.524348E+00  0.424817E+07
  0.691167E-01  0.402259E+07  0.400858E+07  0.000000E+00  0.000000E+00  0.510878E+06  0.402031E+07  0.524336E+00  0.400398E+07
  0.734365E-01  0.377995E+07  0.376699E+07  0.000000E+00  0.000000E+00  0.444680E+06  0.377725E+07  0.524325E+00  0.376233E+07
  0.777563E-01  0.354261E+07  0.352956E+07  0.000000E+00  0.000000E+00  0.387217E+06  0.353945E+07  0.524315E+00  0.352580E+07
  0.820761E-01  0.330498E+07  0.329109E+07  0.000000E+00  0.000000E+00  0.380131E+06  0.330134E+07  0.524323E+00  0.328910E+07
  0.863959E-01  0.307610E+07  0.306106E+07  0.000000E+00  0.000000E+00  0.332022E+06  0.307194E+07  0.524314E+00  0.306085E+07
  0.907157E-01  0.286116E+07  0.284509E+07  0.000000E+00  0.000000E+00  0.290446E+06  0.285646E+07  0.524306E+00  0.284653E+07
  0.971846E-01  0.257582E+07  0.255909E+07  0.000000E+00  0.000000E+00  0.239439E+06  0.257028E+07  0.524296E+00  0.256217E+07
  0.103654E+00  0.234535E+07  0.232940E+07  0.000000E+00  0.000000E+00  0.200483E+06  0.233890E+07  0.524286E+00  0.233272E+07
  0.110122E+00  0.217018E+07  0.215625E+07  0.000000E+00  0.000000E+00  0.171248E+06  0.216275E+07  0.524278E+00  0.215857E+07
  0.116591E+00  0.203462E+07  0.202331E+07  0.000000E+00  0.000000E+00  0.148725E+06  0.202616E+07  0.524270E+00  0.202398E+07
  0.123060E+00  0.191760E+07  0.190869E+07  0.000000E+00  0.000000E+00  0.130251E+06  0.190808E+07  0.524262E+00  0.190782E+07
  0.129529E+00  0.180437E+07  0.179709E+07  0.000000E+00  0.000000E+00  0.114207E+06  0.179381E+07  0.524255E+00  0.179532E+07
  0.135998E+00  0.168686E+07  0.168022E+07  0.000000E+00  0.000000E+00  0.997459E+05  0.167534E+07  0.524247E+00  0.167840E+07
  0.142467E+00  0.156327E+07  0.155644E+07  0.000000E+00  0.000000E+00  0.865598E+05  0.155087E+07  0.524240E+00  0.155528E+07
  0.148936E+00  0.143965E+07  0.143223E+07  0.000000E+00  0.000000E+00  0.748098E+05  0.142650E+07  0.524233E+00  0.143208E+07
  0.155405E+00  0.132575E+07  0.131781E+07  0.000000E+00  0.000000E+00  0.647874E+05  0.131194E+07  0.524225E+00  0.131857E+07
  0.161874E+00  0.122859E+07  0.122055E+07  0.000000E+00  0.000000E+00  0.565761E+05  0.121415E+07  0.524218E+00  0.122180E+07
  0.168343E+00  0.115058E+07  0.114295E+07  0.000000E+00  0.000000E+00  0.500228E+05  0.113548E+07  0.524210E+00  0.114419E+07
  0.174812E+00  0.108994E+07  0.108314E+07  0.000000E+00  0.000000E+00  0.448187E+05  0.107412E+07  0.524202E+00  0.108395E+07
  0.181281E+00  0.104187E+07  0.103604E+07  0.000000E+00  0.000000E+00  0.405873E+05  0.102522E+07  0.524193E+00  0.103625E+07
  0.187750E+00  0.999607E+06  0.994646E+06  0.000000E+00  0.000000E+00  0.369470E+05  0.982038E+06  0.524184E+00  0.994313E+06
  0.194219E+00  0.957315E+06  0.952924E+06  0.000000E+00  0.000000E+00  0.336186E+05  0.938799E+06  0.524174E+00  0.952298E+06
  0.200687E+00  0.912189E+06  0.908014E+06  0.000000E+00  0.000000E+00  0.304746E+05  0.892747E+06  0.524163E+00  0.907403E+06
  0.207156E+00  0.864521E+06  0.860284E+06  0.000000E+00  0.000000E+00  0.275096E+05  0.844207E+06  0.524152E+00  0.859931E+06
  0.213625E+00  0.816728E+06  0.812302E+06  0.000000E+00  0.000000E+00  0.247828E+05  0.795601E+06  0.524140E+00  0.812313E+06
  0.220094E+00  0.771787E+06  0.767208E+06  0.000000E+00  0.000000E+00  0.223578E+05  0.749888E+06  0.524127E+00  0.767543E+06
  0.226563E+00  0.732023E+06  0.727439E+06  0.000000E+00  0.000000E+00  0.202674E+05  0.709355E+06  0.524114E+00  0.727951E+06
  0.233032E+00  0.698436E+06  0.694030E+06  0.000000E+00  0.000000E+00  0.185019E+05  0.674970E+06  0.524099E+00  0.694543E+06
  0.239501E+00  0.670524E+06  0.666439E+06  0.000000E+00  0.000000E+00  0.170124E+05  0.646209E+06  0.524084E+00  0.666807E+06
  0.245970E+00  0.646435E+06  0.642727E+06  0.000000E+00  0.000000E+00  0.157238E+05  0.621235E+06  0.524067E+00  0.642888E+06
  0.252439E+00  0.624060E+06  0.620692E+06  0.000000E+00  0.000000E+00  0.145656E+05  0.597966E+06  0.524049E+00  0.620669E+06
  0.258908E+00  0.601814E+06  0.598685E+06  0.000000E+00  0.000000E+00  0.134894E+05  0.574853E+06  0.524031E+00  0.598562E+06
  0.265377E+00  0.578879E+06  0.575868E+06  0.000000E+00  0.000000E+00  0.124706E+05  0.551106E+06  0.524011E+00  0.575748E+06
  0.271846E+00  0.555242E+06  0.552251E+06  0.000000E+00  0.000000E+00  0.115047E+05  0.526727E+06  0.523990E+00  0.552220E+06
  0.278315E+00  0.531707E+06  0.528690E+06  0.000000E+00  0.000000E+00  0.106041E+05  0.502510E+06  0.523967E+00  0.528785E+06
  0.284783E+00  0.509438E+06  0.506402E+06  0.000000E+00  0.000000E+00  0.978617E+04  0.479584E+06  0.523943E+00  0.506611E+06
  0.291252E+00  0.489220E+06  0.486216E+06  0.000000E+00  0.000000E+00  0.905850E+04  0.458705E+06  0.523918E+00  0.486489E+06
  0.297721E+00  0.471319E+06  0.468407E+06  0.000000E+00  0.000000E+00  0.841777E+04  0.440117E+06  0.523892E+00  0.468683E+06
  0.304190E+00  0.455579E+06  0.452809E+06  0.000000E+00  0.000000E+00  0.785354E+04  0.423651E+06  0.523864E+00  0.453037E+06
  0.310659E+00  0.441420E+06  0.438813E+06  0.000000E+00  0.000000E+00  0.734931E+04  0.408738E+06  0.523835E+00  0.438970E+06
  0.317128E+00  0.428111E+06  0.425655E+06  0.000000E+00  0.000000E+00  0.688812E+04  0.394666E+06  0.523804E+00  0.425746E+06
  0.323597E+00  0.415060E+06  0.412721E+06  0.000000E+00  0.000000E+00  0.645723E+04  0.380874E+06  0.523771E+00  0.412773E+06
  0.330066E+00  0.401944E+06  0.399679E+06  0.000000E+00  0.000000E+00  0.604955E+04  0.367064E+06  0.523737E+00  0.399728E+06
  0.336535E+00  0.388760E+06  0.386533E+06  0.000000E+00  0.000000E+00  0.566345E+04  0.353250E+06  0.523702E+00  0.386610E+06
  0.343004E+00  0.375742E+06  0.373534E+06  0.000000E+00  0.000000E+00  0.530094E+04  0.339666E+06  0.523665E+00  0.373653E+06
  0.349473E+00  0.363235E+06  0.361046E+06  0.000000E+00  0.000000E+00  0.496513E+04  0.326639E+06  0.523626E+00  0.361206E+06
  0.355942E+00  0.351547E+06  0.349392E+06  0.000000E+00  0.000000E+00  0.465823E+04  0.314445E+06  0.523585E+00  0.349577E+06
  0.362411E+00  0.340832E+06  0.338730E+06  0.000000E+00  0.000000E+00  0.438004E+04  0.303206E+06  0.523543E+00  0.338918E+06
  0.368879E+00  0.331045E+06  0.329014E+06  0.000000E+00  0.000000E+00  0.412787E+04  0.292861E+06  0.523499E+00  0.329188E+06
  0.375348E+00  0.321988E+06  0.320036E+06  0.000000E+00  0.000000E+00  0.389736E+04  0.283213E+06  0.523453E+00  0.320185E+06
  0.381817E+00  0.313392E+06  0.311516E+06  0.000000E+00  0.000000E+00  0.368378E+04  0.274021E+06  0.523405E+00  0.311641E+06
  0.388286E+00  0.305048E+06  0.303236E+06  0.000000E+00  0.000000E+00  0.348356E+04  0.265105E+06  0.523356E+00  0.303345E+06
  0.394755E+00  0.296818E+06  0.295056E+06  0.000000E+00  0.000000E+00  0.329431E+04  0.256358E+06  0.523305E+00  0.295161E+06
  0.401224E+00  0.288681E+06  0.286956E+06  0.000000E+00  0.000000E+00  0.311517E+04  0.247765E+06  0.523252E+00  0.287067E+06
  0.407693E+00  0.280714E+06  0.279016E+06  0.000000E+00  0.000000E+00  0.294629E+04  0.239389E+06  0.523197E+00  0.279141E+06
  0.414162E+00  0.273026E+06  0.271354E+06  0.000000E+00  0.000000E+00  0.278819E+04  0.231313E+06  0.523140E+00  0.271492E+06
  0.420631E+00  0.265708E+06  0.264065E+06  0.000000E+00  0.000000E+00  0.264108E+04  0.223606E+06  0.523081E+00  0.264212E+06
  0.427100E+00  0.258817E+06  0.257208E+06  0.000000E+00  0.000000E+00  0.250484E+04  0.216313E+06  0.523020E+00  0.257358E+06
  0.433569E+00  0.252337E+06  0.250769E+06  0.000000E+00  0.000000E+00  0.237864E+04  0.209424E+06  0.522958E+00  0.250914E+06
  0.440038E+00  0.246209E+06  0.244685E+06  0.000000E+00  0.000000E+00  0.226129E+04  0.202894E+06  0.522894E+00  0.244822E+06
  0.446507E+00  0.240354E+06  0.238872E+06  0.000000E+00  0.000000E+00  0.215152E+04  0.196652E+06  0.522828E+00  0.239000E+06
  0.452976E+00  0.234695E+06  0.233253E+06  0.000000E+00  0.000000E+00  0.204822E+04  0.190627E+06  0.522759E+00  0.233374E+06
  0.459444E+00  0.229182E+06  0.227773E+06  0.000000E+00  0.000000E+00  0.195057E+04  0.184769E+06  0.522689E+00  0.227891E+06
  0.465913E+00  0.223791E+06  0.222411E+06  0.000000E+00  0.000000E+00  0.185805E+04  0.179055E+06  0.522617E+00  0.222530E+06
  0.472382E+00  0.218535E+06  0.217181E+06  0.000000E+00  0.000000E+00  0.177049E+04  0.173499E+06  0.522544E+00  0.217302E+06
  0.478851E+00  0.213440E+06  0.212109E+06  0.000000E+00  0.000000E+00  0.168783E+04  0.168130E+06  0.522468E+00  0.212235E+06
  0.485320E+00  0.208531E+06  0.207224E+06  0.000000E+00  0.000000E+00  0.160999E+04  0.162968E+06  0.522391E+00  0.207352E+06
  0.491789E+00  0.203828E+06  0.202546E+06  0.000000E+00  0.000000E+00  0.153686E+04  0.158021E+06  0.522311E+00  0.202674E+06
  0.498258E+00  0.199338E+06  0.198082E+06  0.000000E+00  0.000000E+00  0.146823E+04  0.153286E+06  0.522230E+00  0.198209E+06
  0.504727E+00  0.195040E+06  0.193812E+06  0.000000E+00  0.000000E+00  0.140369E+04  0.148741E+06  0.522147E+00  0.193936E+06
  0.511196E+00  0.190907E+06  0.189706E+06  0.000000E+00  0.000000E+00  0.134283E+04  0.144368E+06  0.522062E+00  0.189826E+06
  0.517665E+00  0.186906E+06  0.185731E+06  0.000000E+00  0.000000E+00  0.128523E+04  0.140144E+06  0.521975E+00  0.185848E+06
  0.524134E+00  0.183019E+06  0.181868E+06  0.000000E+00  0.000000E+00  0.123060E+04  0.136058E+06  0.521887E+00  0.181983E+06
  0.530603E+00  0.179236E+06  0.178107E+06  0.000000E+00  0.000000E+00  0.117872E+04  0.132095E+06  0.521796E+00  0.178221E+06
  0.537072E+00  0.175553E+06  0.174444E+06  0.000000E+00  0.000000E+00  0.112942E+04  0.128245E+06  0.521704E+00  0.174557E+06
  0.543540E+00  0.171973E+06  0.170883E+06  0.000000E+00  0.000000E+00  0.108260E+04  0.124510E+06  0.521611E+00  0.170997E+06
  0.550009E+00  0.168508E+06  0.167437E+06  0.000000E+00  0.000000E+00  0.103821E+04  0.120902E+06  0.521515E+00  0.167552E+06
  0.556478E+00  0.165159E+06  0.164107E+06  0.000000E+00  0.000000E+00  0.996132E+03  0.117424E+06  0.521418E+00  0.164221E+06
  0.562947E+00  0.161926E+06  0.160893E+06  0.000000E+00  0.000000E+00  0.956251E+03  0.114073E+06  0.521320E+00  0.161006E+06
  0.569416E+00  0.158804E+06  0.157790E+06  0.000000E+00  0.000000E+00  0.918441E+03  0.110838E+06  0.521219E+00  0.157902E+06
  0.575885E+00  0.155788E+06  0.154793E+06  0.000000E+00  0.000000E+00  0.882560E+03  0.107713E+06  0.521117E+00  0.154903E+06
  0.582354E+00  0.152862E+06  0.151885E+06  0.000000E+00  0.000000E+00  0.848427E+03  0.104687E+06  0.521014E+00  0.151993E+06
  0.588823E+00  0.150016E+06  0.149056E+06  0.000000E+00  0.000000E+00  0.815912E+03  0.101756E+06  0.520909E+00  0.149163E+06
  0.595292E+00  0.147246E+06  0.146304E+06  0.000000E+00  0.000000E+00  0.784923E+03  0.989172E+05  0.520802E+00  0.146409E+06
  0.601761E+00  0.144552E+06  0.143625E+06  0.000000E+00  0.000000E+00  0.755374E+03  0.961645E+05  0.520694E+00  0.143729E+06
  0.608230E+00  0.141930E+06  0.141018E+06  0.000000E+00  0.000000E+00  0.727192E+03  0.934925E+05  0.520584E+00  0.141122E+06
  0.614699E+00  0.139379E+06  0.138482E+06  0.000000E+00  0.000000E+00  0.700305E+03  0.909004E+05  0.520473E+00  0.138585E+06
  0.621168E+00  0.136905E+06  0.136023E+06  0.000000E+00  0.000000E+00  0.674685E+03  0.883948E+05  0.520361E+00  0.136125E+06
  0.627637E+00  0.134498E+06  0.133630E+06  0.000000E+00  0.000000E+00  0.650230E+03  0.859687E+05  0.520248E+00  0.133732E+06
  0.675151E+00  0.118760E+06  0.117988E+06  0.000000E+00  0.000000E+00  0.501218E+03  0.703036E+05  0.519374E+00  0.118082E+06
  0.726262E+00  0.104860E+06  0.104174E+06  0.000000E+00  0.000000E+00  0.385893E+03  0.569179E+05  0.518373E+00  0.104260E+06
  0.781243E+00  0.925974E+05  0.919872E+05  0.000000E+00  0.000000E+00  0.296820E+03  0.455936E+05  0.517244E+00  0.920668E+05
  0.840386E+00  0.817792E+05  0.812372E+05  0.000000E+00  0.000000E+00  0.228120E+03  0.361160E+05  0.515994E+00  0.813099E+05
  0.904007E+00  0.722356E+05  0.717545E+05  0.000000E+00  0.000000E+00  0.175203E+03  0.282787E+05  0.514640E+00  0.718205E+05
  0.972443E+00  0.638144E+05  0.633875E+05  0.000000E+00  0.000000E+00  0.134485E+03  0.218772E+05  0.513201E+00  0.634473E+05
  0.104606E+01  0.563804E+05  0.560018E+05  0.000000E+00  0.000000E+00  0.103179E+03  0.167193E+05  0.511704E+00  0.560557E+05
  0.105164E+01  0.558740E+05  0.554987E+05  0.000000E+00  0.000000E+00  0.101204E+03  0.163865E+05  0.511594E+00  0.555522E+05
  0.106221E+01  0.549339E+05  0.545648E+05  0.000000E+00  0.000000E+00  0.975916E+02  0.157767E+05  0.511386E+00  0.546175E+05
  0.107288E+01  0.540099E+05  0.536468E+05  0.000000E+00  0.000000E+00  0.941077E+02  0.151858E+05  0.511177E+00  0.536988E+05
  0.108367E+01  0.531008E+05  0.527436E+05  0.000000E+00  0.000000E+00  0.907458E+02  0.146137E+05  0.510969E+00  0.527949E+05
  0.109456E+01  0.522076E+05  0.518563E+05  0.000000E+00  0.000000E+00  0.875049E+02  0.140599E+05  0.510760E+00  0.519069E+05
  0.110556E+01  0.513290E+05  0.509835E+05  0.000000E+00  0.000000E+00  0.843779E+02  0.135240E+05  0.510551E+00  0.510332E+05
  0.111667E+01  0.504660E+05  0.501261E+05  0.000000E+00  0.000000E+00  0.813636E+02  0.130054E+05  0.510342E+00  0.501752E+05
  0.112789E+01  0.496169E+05  0.492827E+05  0.000000E+00  0.000000E+00  0.784554E+02  0.125042E+05  0.510133E+00  0.493310E+05
  0.113923E+01  0.487823E+05  0.484535E+05  0.000000E+00  0.000000E+00  0.756508E+02  0.120189E+05  0.509924E+00  0.485012E+05
  0.115068E+01  0.479617E+05  0.476384E+05  0.000000E+00  0.000000E+00  0.729463E+02  0.115506E+05  0.509716E+00  0.476853E+05
  0.116224E+01  0.471553E+05  0.468372E+05  0.000000E+00  0.000000E+00  0.703381E+02  0.110971E+05  0.509508E+00  0.468834E+05
  0.117392E+01  0.463622E+05  0.460494E+05  0.000000E+00  0.000000E+00  0.678227E+02  0.106598E+05  0.509300E+00  0.460949E+05
  0.118572E+01  0.455823E+05  0.452747E+05  0.000000E+00  0.000000E+00  0.653965E+02  0.102368E+05  0.509093E+00  0.453195E+05
  0.119764E+01  0.448158E+05  0.445132E+05  0.000000E+00  0.000000E+00  0.630571E+02  0.982861E+04  0.508886E+00  0.445574E+05
  0.120967E+01  0.440622E+05  0.437645E+05  0.000000E+00  0.000000E+00  0.608012E+02  0.943482E+04  0.508680E+00  0.438081E+05
  0.122183E+01  0.433213E+05  0.430286E+05  0.000000E+00  0.000000E+00  0.586253E+02  0.905418E+04  0.508475E+00  0.430714E+05
  0.123411E+01  0.425926E+05  0.423047E+05  0.000000E+00  0.000000E+00  0.565271E+02  0.868751E+04  0.508270E+00  0.423469E+05
  0.124651E+01  0.418764E+05  0.415933E+05  0.000000E+00  0.000000E+00  0.545038E+02  0.833355E+04  0.508067E+00  0.416348E+05
  0.125904E+01  0.411720E+05  0.408936E+05  0.000000E+00  0.000000E+00  0.525525E+02  0.799206E+04  0.507864E+00  0.409345E+05
  0.127170E+01  0.404796E+05  0.402057E+05  0.000000E+00  0.000000E+00  0.506710E+02  0.766334E+04  0.507663E+00  0.402460E+05
  0.128448E+01  0.397986E+05  0.395293E+05  0.000000E+00  0.000000E+00  0.488561E+02  0.734613E+04  0.507463E+00  0.395690E+05
  0.129739E+01  0.391290E+05  0.388641E+05  0.000000E+00  0.000000E+00  0.471059E+02  0.704042E+04  0.507263E+00  0.389032E+05
  0.131042E+01  0.384707E+05  0.382102E+05  0.000000E+00  0.000000E+00  0.454186E+02  0.674639E+04  0.507065E+00  0.382487E+05
  0.132359E+01  0.378233E+05  0.375671E+05  0.000000E+00  0.000000E+00  0.437910E+02  0.646295E+04  0.506869E+00  0.376050E+05
  0.133690E+01  0.371869E+05  0.369350E+05  0.000000E+00  0.000000E+00  0.422219E+02  0.618993E+04  0.506674E+00  0.369723E+05
  0.135033E+01  0.365608E+05  0.363130E+05  0.000000E+00  0.000000E+00  0.407080E+02  0.592739E+04  0.506480E+00  0.363497E+05
  0.136390E+01  0.359457E+05  0.357020E+05  0.000000E+00  0.000000E+00  0.392491E+02  0.567493E+04  0.506288E+00  0.357382E+05
  0.137761E+01  0.353404E+05  0.351008E+05  0.000000E+00  0.000000E+00  0.378417E+02  0.543176E+04  0.506098E+00  0.351364E+05
  0.139146E+01  0.347455E+05  0.345099E+05  0.000000E+00  0.000000E+00  0.364847E+02  0.519791E+04  0.505909E+00  0.345449E+05
  0.140544E+01  0.341604E+05  0.339286E+05  0.000000E+00  0.000000E+00  0.351760E+02  0.497324E+04  0.505722E+00  0.339631E+05
  0.141957E+01  0.335851E+05  0.333573E+05  0.000000E+00  0.000000E+00  0.339142E+02  0.475739E+04  0.505536E+00  0.333912E+05
  0.143383E+01  0.330195E+05  0.327955E+05  0.000000E+00  0.000000E+00  0.326976E+02  0.454987E+04  0.505353E+00  0.328289E+05
  0.144824E+01  0.324633E+05  0.322429E+05  0.000000E+00  0.000000E+00  0.315242E+02  0.435038E+04  0.505172E+00  0.322758E+05
  0.146280E+01  0.319165E+05  0.316998E+05  0.000000E+00  0.000000E+00  0.303929E+02  0.415884E+04  0.504992E+00  0.317322E+05
  0.147750E+01  0.313786E+05  0.311656E+05  0.000000E+00  0.000000E+00  0.293019E+02  0.397499E+04  0.504814E+00  0.311974E+05
  0.149235E+01  0.308501E+05  0.306406E+05  0.000000E+00  0.000000E+00  0.282502E+02  0.379862E+04  0.504638E+00  0.306719E+05
  0.150735E+01  0.303302E+05  0.301242E+05  0.000000E+00  0.000000E+00  0.272360E+02  0.362932E+04  0.504464E+00  0.301550E+05
  0.152250E+01  0.298186E+05  0.296160E+05  0.000000E+00  0.000000E+00  0.262576E+02  0.346682E+04  0.504293E+00  0.296464E+05
  0.153780E+01  0.293162E+05  0.291170E+05  0.000000E+00  0.000000E+00  0.253148E+02  0.331099E+04  0.504123E+00  0.291468E+05
  0.155325E+01  0.288218E+05  0.286259E+05  0.000000E+00  0.000000E+00  0.244055E+02  0.316150E+04  0.503956E+00  0.286552E+05
  0.156886E+01  0.283356E+05  0.281430E+05  0.000000E+00  0.000000E+00  0.235285E+02  0.301817E+04  0.503791E+00  0.281719E+05
  0.158463E+01  0.278576E+05  0.276682E+05  0.000000E+00  0.000000E+00  0.226829E+02  0.288081E+04  0.503628E+00  0.276966E+05
  0.160056E+01  0.273875E+05  0.272012E+05  0.000000E+00  0.000000E+00  0.218676E+02  0.274919E+04  0.503468E+00  0.272292E+05
  0.161664E+01  0.269253E+05  0.267422E+05  0.000000E+00  0.000000E+00  0.210817E+02  0.262312E+04  0.503309E+00  0.267697E+05
  0.163289E+01  0.264710E+05  0.262909E+05  0.000000E+00  0.000000E+00  0.203238E+02  0.250239E+04  0.503153E+00  0.263181E+05
  0.164930E+01  0.260239E+05  0.258468E+05  0.000000E+00  0.000000E+00  0.195927E+02  0.238676E+04  0.502999E+00  0.258735E+05
  0.166588E+01  0.255844E+05  0.254103E+05  0.000000E+00  0.000000E+00  0.188880E+02  0.227608E+04  0.502848E+00  0.254366E+05
  0.168262E+01  0.251524E+05  0.249812E+05  0.000000E+00  0.000000E+00  0.182088E+02  0.217018E+04  0.502699E+00  0.250070E+05
  0.169953E+01  0.247274E+05  0.245591E+05  0.000000E+00  0.000000E+00  0.175535E+02  0.206883E+04  0.502552E+00  0.245845E+05
  0.171661E+01  0.243095E+05  0.241440E+05  0.000000E+00  0.000000E+00  0.169217E+02  0.197187E+04  0.502407E+00  0.241690E+05
  0.173386E+01  0.238986E+05  0.237359E+05  0.000000E+00  0.000000E+00  0.163127E+02  0.187913E+04  0.502264E+00  0.237605E+05
  0.175129E+01  0.234946E+05  0.233346E+05  0.000000E+00  0.000000E+00  0.157255E+02  0.179042E+04  0.502124E+00  0.233588E+05
  0.176889E+01  0.230972E+05  0.229399E+05  0.000000E+00  0.000000E+00  0.151592E+02  0.170558E+04  0.501987E+00  0.229637E+05
  0.178667E+01  0.227064E+05  0.225517E+05  0.000000E+00  0.000000E+00  0.146132E+02  0.162449E+04  0.501852E+00  0.225751E+05
  0.180462E+01  0.223221E+05  0.221700E+05  0.000000E+00  0.000000E+00  0.140867E+02  0.154704E+04  0.501720E+00  0.221931E+05
  0.182276E+01  0.219443E+05  0.217948E+05  0.000000E+00  0.000000E+00  0.135792E+02  0.147311E+04  0.501590E+00  0.218175E+05
  0.184108E+01  0.215729E+05  0.214259E+05  0.000000E+00  0.000000E+00  0.130899E+02  0.140247E+04  0.501461E+00  0.214482E+05
  0.185958E+01  0.212075E+05  0.210630E+05  0.000000E+00  0.000000E+00  0.126181E+02  0.133492E+04  0.501335E+00  0.210849E+05
  0.187827E+01  0.208483E+05  0.207062E+05  0.000000E+00  0.000000E+00  0.121632E+02  0.127044E+04  0.501213E+00  0.207278E+05
  0.189715E+01  0.204951E+05  0.203554E+05  0.000000E+00  0.000000E+00  0.117246E+02  0.120897E+04  0.501092E+00  0.203766E+05
  0.191621E+01  0.201477E+05  0.200104E+05  0.000000E+00  0.000000E+00  0.113018E+02  0.115028E+04  0.500973E+00  0.200313E+05
  0.193547E+01  0.198062E+05  0.196711E+05  0.000000E+00  0.000000E+00  0.108941E+02  0.109419E+04  0.500856E+00  0.196916E+05
  0.195492E+01  0.194703E+05  0.193376E+05  0.000000E+00  0.000000E+00  0.105011E+02  0.104077E+04  0.500743E+00  0.193578E+05
  0.197457E+01  0.191401E+05  0.190096E+05  0.000000E+00  0.000000E+00  0.101221E+02  0.989813E+03  0.500631E+00  0.190294E+05
  0.199441E+01  0.188154E+05  0.186870E+05  0.000000E+00  0.000000E+00  0.975685E+01  0.941134E+03  0.500522E+00  0.187066E+05
  0.201446E+01  0.184960E+05  0.183698E+05  0.000000E+00  0.000000E+00  0.940449E+01  0.894833E+03  0.500414E+00  0.183890E+05
  0.203471E+01  0.181820E+05  0.180580E+05  0.000000E+00  0.000000E+00  0.906490E+01  0.850589E+03  0.500309E+00  0.180768E+05
  0.205515E+01  0.178732E+05  0.177513E+05  0.000000E+00  0.000000E+00  0.873744E+01  0.808496E+03  0.500207E+00  0.177699E+05
  0.207581E+01  0.175696E+05  0.174497E+05  0.000000E+00  0.000000E+00  0.842192E+01  0.768334E+03  0.500106E+00  0.174680E+05
  0.209667E+01  0.172710E+05  0.171532E+05  0.000000E+00  0.000000E+00  0.811752E+01  0.730102E+03  0.500008E+00  0.171711E+05
  0.211774E+01  0.169775E+05  0.168616E+05  0.000000E+00  0.000000E+00  0.782405E+01  0.693645E+03  0.499911E+00  0.168793E+05
  0.213903E+01  0.166887E+05  0.165748E+05  0.000000E+00  0.000000E+00  0.754123E+01  0.658971E+03  0.499818E+00  0.165922E+05
  0.216052E+01  0.164048E+05  0.162929E+05  0.000000E+00  0.000000E+00  0.726861E+01  0.625877E+03  0.499725E+00  0.163099E+05
  0.218224E+01  0.161257E+05  0.160156E+05  0.000000E+00  0.000000E+00  0.700575E+01  0.594458E+03  0.499635E+00  0.160324E+05
  0.220417E+01  0.158512E+05  0.157430E+05  0.000000E+00  0.000000E+00  0.675228E+01  0.564473E+03  0.499548E+00  0.157595E+05
  0.222632E+01  0.155814E+05  0.154750E+05  0.000000E+00  0.000000E+00  0.650794E+01  0.535952E+03  0.499461E+00  0.154912E+05
  0.224870E+01  0.153161E+05  0.152115E+05  0.000000E+00  0.000000E+00  0.627239E+01  0.508861E+03  0.499378E+00  0.152275E+05
  0.227130E+01  0.150551E+05  0.149523E+05  0.000000E+00  0.000000E+00  0.604529E+01  0.483023E+03  0.499296E+00  0.149680E+05
  0.229412E+01  0.147986E+05  0.146975E+05  0.000000E+00  0.000000E+00  0.582645E+01  0.458436E+03  0.499216E+00  0.147130E+05
  0.231718E+01  0.145464E+05  0.144470E+05  0.000000E+00  0.000000E+00  0.561541E+01  0.435091E+03  0.499138E+00  0.144622E+05
  0.234047E+01  0.142983E+05  0.142006E+05  0.000000E+00  0.000000E+00  0.541208E+01  0.412892E+03  0.499062E+00  0.142156E+05
  0.236399E+01  0.140544E+05  0.139584E+05  0.000000E+00  0.000000E+00  0.521593E+01  0.391767E+03  0.498988E+00  0.139731E+05
  0.238775E+01  0.138146E+05  0.137203E+05  0.000000E+00  0.000000E+00  0.502689E+01  0.371664E+03  0.498916E+00  0.137347E+05
  0.241175E+01  0.135788E+05  0.134860E+05  0.000000E+00  0.000000E+00  0.484463E+01  0.352552E+03  0.498845E+00  0.135002E+05
  0.243599E+01  0.133469E+05  0.132557E+05  0.000000E+00  0.000000E+00  0.466898E+01  0.334392E+03  0.498776E+00  0.132697E+05
  0.246047E+01  0.131190E+05  0.130294E+05  0.000000E+00  0.000000E+00  0.449968E+01  0.317142E+03  0.498709E+00  0.130431E+05
  0.248519E+01  0.128948E+05  0.128067E+05  0.000000E+00  0.000000E+00  0.433642E+01  0.300747E+03  0.498644E+00  0.128202E+05
  0.251017E+01  0.126744E+05  0.125878E+05  0.000000E+00  0.000000E+00  0.417912E+01  0.285173E+03  0.498580E+00  0.126011E+05
  0.253540E+01  0.124577E+05  0.123725E+05  0.000000E+00  0.000000E+00  0.402743E+01  0.270380E+03  0.498518E+00  0.123856E+05
  0.256088E+01  0.122446E+05  0.121609E+05  0.000000E+00  0.000000E+00  0.388125E+01  0.256336E+03  0.498458E+00  0.121738E+05
  0.258662E+01  0.120351E+05  0.119528E+05  0.000000E+00  0.000000E+00  0.374028E+01  0.242999E+03  0.498399E+00  0.119655E+05
  0.261261E+01  0.118292E+05  0.117483E+05  0.000000E+00  0.000000E+00  0.360453E+01  0.230332E+03  0.498342E+00  0.117607E+05
  0.263887E+01  0.116267E+05  0.115471E+05  0.000000E+00  0.000000E+00  0.347354E+01  0.218289E+03  0.498285E+00  0.115594E+05
  0.266539E+01  0.114276E+05  0.113494E+05  0.000000E+00  0.000000E+00  0.334735E+01  0.206849E+03  0.498231E+00  0.113614E+05
  0.269218E+01  0.112318E+05  0.111550E+05  0.000000E+00  0.000000E+00  0.322573E+01  0.196010E+03  0.498179E+00  0.111668E+05
  0.271924E+01  0.110393E+05  0.109638E+05  0.000000E+00  0.000000E+00  0.310846E+01  0.185735E+03  0.498128E+00  0.109754E+05
  0.274657E+01  0.108501E+05  0.107759E+05  0.000000E+00  0.000000E+00  0.299539E+01  0.175952E+03  0.498077E+00  0.107873E+05
  0.277417E+01  0.106641E+05  0.105911E+05  0.000000E+00  0.000000E+00  0.288645E+01  0.166683E+03  0.498030E+00  0.106024E+05
  0.280205E+01  0.104811E+05  0.104094E+05  0.000000E+00  0.000000E+00  0.278147E+01  0.157903E+03  0.497982E+00  0.104205E+05
  0.283021E+01  0.103013E+05  0.102308E+05  0.000000E+00  0.000000E+00  0.268020E+01  0.149541E+03  0.497937E+00  0.102416E+05
  0.285865E+01  0.101244E+05  0.100551E+05  0.000000E+00  0.000000E+00  0.258268E+01  0.141647E+03  0.497892E+00  0.100658E+05
  0.288738E+01  0.995061E+04  0.988249E+04  0.000000E+00  0.000000E+00  0.248871E+01  0.134124E+03  0.497849E+00  0.989301E+04
  0.291640E+01  0.977970E+04  0.971275E+04  0.000000E+00  0.000000E+00  0.239812E+01  0.127020E+03  0.497807E+00  0.972309E+04
  0.294571E+01  0.961162E+04  0.954582E+04  0.000000E+00  0.000000E+00  0.231074E+01  0.120265E+03  0.497767E+00  0.955599E+04
  0.297532E+01  0.944641E+04  0.938173E+04  0.000000E+00  0.000000E+00  0.222655E+01  0.113856E+03  0.497727E+00  0.939173E+04
  0.300522E+01  0.928398E+04  0.922040E+04  0.000000E+00  0.000000E+00  0.214540E+01  0.107803E+03  0.497688E+00  0.923024E+04
  0.303542E+01  0.912433E+04  0.906184E+04  0.000000E+00  0.000000E+00  0.206726E+01  0.102052E+03  0.497651E+00  0.907151E+04
  0.306593E+01  0.896735E+04  0.890592E+04  0.000000E+00  0.000000E+00  0.199187E+01  0.965900E+02  0.497615E+00  0.891543E+04
  0.309674E+01  0.881300E+04  0.875262E+04  0.000000E+00  0.000000E+00  0.191925E+01  0.914186E+02  0.497580E+00  0.876198E+04
  0.312787E+01  0.866125E+04  0.860191E+04  0.000000E+00  0.000000E+00  0.184925E+01  0.865234E+02  0.497546E+00  0.861111E+04
  0.315930E+01  0.851210E+04  0.845378E+04  0.000000E+00  0.000000E+00  0.178185E+01  0.818865E+02  0.497512E+00  0.846283E+04
  0.319105E+01  0.836546E+04  0.830813E+04  0.000000E+00  0.000000E+00  0.171678E+01  0.774911E+02  0.497480E+00  0.831703E+04
  0.322312E+01  0.822128E+04  0.816493E+04  0.000000E+00  0.000000E+00  0.165413E+01  0.733245E+02  0.497450E+00  0.817368E+04
  0.325552E+01  0.807955E+04  0.802416E+04  0.000000E+00  0.000000E+00  0.159374E+01  0.693764E+02  0.497420E+00  0.803277E+04
  0.328823E+01  0.794023E+04  0.788580E+04  0.000000E+00  0.000000E+00  0.153558E+01  0.656386E+02  0.497391E+00  0.789426E+04
  0.332128E+01  0.780328E+04  0.774977E+04  0.000000E+00  0.000000E+00  0.147948E+01  0.621034E+02  0.497363E+00  0.775809E+04
  0.335466E+01  0.766861E+04  0.761602E+04  0.000000E+00  0.000000E+00  0.142542E+01  0.587575E+02  0.497335E+00  0.762421E+04
  0.338838E+01  0.753623E+04  0.748454E+04  0.000000E+00  0.000000E+00  0.137334E+01  0.555773E+02  0.497308E+00  0.749259E+04
  0.342243E+01  0.740611E+04  0.735531E+04  0.000000E+00  0.000000E+00  0.132314E+01  0.525647E+02  0.497283E+00  0.736322E+04
  0.345683E+01  0.727816E+04  0.722823E+04  0.000000E+00  0.000000E+00  0.127479E+01  0.497280E+02  0.497259E+00  0.723601E+04
  0.349157E+01  0.715241E+04  0.710334E+04  0.000000E+00  0.000000E+00  0.122818E+01  0.470237E+02  0.497234E+00  0.711099E+04
  0.352666E+01  0.702877E+04  0.698053E+04  0.000000E+00  0.000000E+00  0.118331E+01  0.444795E+02  0.497212E+00  0.698806E+04
  0.356210E+01  0.690727E+04  0.685987E+04  0.000000E+00  0.000000E+00  0.113999E+01  0.420560E+02  0.497189E+00  0.686727E+04
  0.359790E+01  0.678779E+04  0.674119E+04  0.000000E+00  0.000000E+00  0.109827E+01  0.397785E+02  0.497167E+00  0.674848E+04
  0.363406E+01  0.667037E+04  0.662458E+04  0.000000E+00  0.000000E+00  0.105810E+01  0.376091E+02  0.497146E+00  0.663174E+04
  0.367058E+01  0.655492E+04  0.650991E+04  0.000000E+00  0.000000E+00  0.101937E+01  0.355574E+02  0.497125E+00  0.651696E+04
  0.370747E+01  0.644147E+04  0.639723E+04  0.000000E+00  0.000000E+00  0.982048E+00  0.336239E+02  0.497105E+00  0.640416E+04
  0.374473E+01  0.632991E+04  0.628643E+04  0.000000E+00  0.000000E+00  0.946126E+00  0.317931E+02  0.497086E+00  0.629325E+04
  0.378237E+01  0.622028E+04  0.617755E+04  0.000000E+00  0.000000E+00  0.911444E+00  0.300583E+02  0.497068E+00  0.618425E+04
  0.382038E+01  0.611247E+04  0.607047E+04  0.000000E+00  0.000000E+00  0.878103E+00  0.284159E+02  0.497051E+00  0.607706E+04
  0.385878E+01  0.600653E+04  0.596525E+04  0.000000E+00  0.000000E+00  0.845904E+00  0.268621E+02  0.497033E+00  0.597174E+04
  0.389756E+01  0.590239E+04  0.586182E+04  0.000000E+00  0.000000E+00  0.814940E+00  0.253912E+02  0.497016E+00  0.586820E+04
  0.393673E+01  0.580000E+04  0.576013E+04  0.000000E+00  0.000000E+00  0.785055E+00  0.239970E+02  0.497000E+00  0.576640E+04
  0.397630E+01  0.569937E+04  0.566018E+04  0.000000E+00  0.000000E+00  0.756273E+00  0.226797E+02  0.496985E+00  0.566635E+04
  0.401626E+01  0.560044E+04  0.556192E+04  0.000000E+00  0.000000E+00  0.728497E+00  0.214410E+02  0.496970E+00  0.556799E+04
  0.405662E+01  0.550320E+04  0.546535E+04  0.000000E+00  0.000000E+00  0.701809E+00  0.202626E+02  0.496955E+00  0.547132E+04
  0.409739E+01  0.540767E+04  0.537047E+04  0.000000E+00  0.000000E+00  0.676086E+00  0.191484E+02  0.496942E+00  0.537634E+04
  0.413857E+01  0.531373E+04  0.527716E+04  0.000000E+00  0.000000E+00  0.651267E+00  0.180985E+02  0.496927E+00  0.528293E+04
  0.418017E+01  0.522138E+04  0.518544E+04  0.000000E+00  0.000000E+00  0.627374E+00  0.171029E+02  0.496915E+00  0.519112E+04
  0.422218E+01  0.513064E+04  0.509532E+04  0.000000E+00  0.000000E+00  0.604335E+00  0.161586E+02  0.496902E+00  0.510091E+04
  0.426461E+01  0.504144E+04  0.500673E+04  0.000000E+00  0.000000E+00  0.582159E+00  0.152726E+02  0.496890E+00  0.501223E+04
  0.430747E+01  0.495375E+04  0.491963E+04  0.000000E+00  0.000000E+00  0.560747E+00  0.144328E+02  0.496878E+00  0.492504E+04
  0.435076E+01  0.486757E+04  0.483404E+04  0.000000E+00  0.000000E+00  0.540163E+00  0.136369E+02  0.496867E+00  0.483936E+04
  0.439448E+01  0.478286E+04  0.474991E+04  0.000000E+00  0.000000E+00  0.520357E+00  0.128846E+02  0.496856E+00  0.475514E+04
  0.443865E+01  0.469961E+04  0.466722E+04  0.000000E+00  0.000000E+00  0.501197E+00  0.121741E+02  0.496846E+00  0.467236E+04
  0.448326E+01  0.461776E+04  0.458592E+04  0.000000E+00  0.000000E+00  0.482783E+00  0.115020E+02  0.496835E+00  0.459099E+04
