    0.999999974737875163555145263671875000000000E-04    0.445641967773437500000000000000000000000000E+03
    0.102020130725577473640441894531250000000000E-03    0.454325378417968750000000000000000000000000E+03
    0.104081082099582999944686889648437500000000E-03    0.463177734375000000000000000000000000000000E+03
    0.106183659227099269628524780273437500000000E-03    0.472202362060546875000000000000000000000000E+03
    0.108328706119209527969360351562500000000000E-03    0.481402557373046875000000000000000000000000E+03
    0.110517095890827476978302001953125000000000E-03    0.490781707763671875000000000000000000000000E+03
    0.112749679828993976116180419921875000000000E-03    0.500343383789062500000000000000000000000000E+03
    0.115027374704368412494659423828125000000000E-03    0.510090942382812500000000000000000000000000E+03
    0.117351090011652559041976928710937500000000E-03    0.520028076171875000000000000000000000000000E+03
    0.119721727969590574502944946289062500000000E-03    0.530158508300781250000000000000000000000000E+03
    0.122140278108417987823486328125000000000000E-03    0.540485839843750000000000000000000000000000E+03
    0.124607671750709414482116699218750000000000E-03    0.551013977050781250000000000000000000000000E+03
    0.127124920254573225975036621093750000000000E-03    0.561746765136718750000000000000000000000000E+03
    0.129692998598329722881317138671875000000000E-03    0.572688293457031250000000000000000000000000E+03
    0.132312969071790575981140136718750000000000E-03    0.583842346191406250000000000000000000000000E+03
    0.134985879412852227687835693359375000000000E-03    0.595213134765625000000000000000000000000000E+03
    0.137712777359411120414733886718750000000000E-03    0.606804931640625000000000000000000000000000E+03
    0.140494754305109381675720214843750000000000E-03    0.618621948242187500000000000000000000000000E+03
    0.143332930747419595718383789062500000000000E-03    0.630668334960937500000000000000000000000000E+03
    0.146228456287644803524017333984375000000000E-03    0.642948791503906250000000000000000000000000E+03
    0.149182465975172817707061767578125000000000E-03    0.655467773437500000000000000000000000000000E+03
    0.152196153067052364349365234375000000000000E-03    0.668229614257812500000000000000000000000000E+03
    0.155270710820332169532775878906250000000000E-03    0.681239318847656250000000000000000000000000E+03
    0.158407390699721872806549072265625000000000E-03    0.694501586914062500000000000000000000000000E+03
    0.161607444169931113719940185546875000000000E-03    0.708021057128906250000000000000000000000000E+03
    0.164872122695669531822204589843750000000000E-03    0.721802978515625000000000000000000000000000E+03
    0.168202750501222908496856689453125000000000E-03    0.735852172851562500000000000000000000000000E+03
    0.171600666362792253494262695312500000000000E-03    0.750173706054687500000000000000000000000000E+03
    0.175067238160409033298492431640625000000000E-03    0.764772949218750000000000000000000000000000E+03
    0.178603833774104714393615722656250000000000E-03    0.779655212402343750000000000000000000000000E+03
    0.182211864739656448364257812500000000000000E-03    0.794825927734375000000000000000000000000000E+03
    0.185892800800502300262451171875000000000000E-03    0.810290588378906250000000000000000000000000E+03
    0.189648068044334650039672851562500000000000E-03    0.826054748535156250000000000000000000000000E+03
    0.193479223526082932949066162109375000000000E-03    0.842124145507812500000000000000000000000000E+03
    0.197387780644930899143218994140625000000000E-03    0.858504760742187500000000000000000000000000E+03
    0.201375267351977527141571044921875000000000E-03    0.875202392578125000000000000000000000000000E+03
    0.205443298909813165664672851562500000000000E-03    0.892223022460937500000000000000000000000000E+03
    0.209593548788689076900482177734375000000000E-03    0.909572875976562500000000000000000000000000E+03
    0.213827603147365152835845947265625000000000E-03    0.927258239746093750000000000000000000000000E+03
    0.218147222767584025859832763671875000000000E-03    0.945285522460937500000000000000000000000000E+03
    0.222554081119596958160400390625000000000000E-03    0.963661193847656250000000000000000000000000E+03
    0.227049968088977038860321044921875000000000E-03    0.982391723632812500000000000000000000000000E+03
    0.231636688113212585449218750000000000000000E-03    0.100148388671875000000000000000000000000000E+04
    0.236316060181707143783569335937500000000000E-03    0.102094464111328125000000000000000000000000E+04
    0.241089961491525173187255859375000000000000E-03    0.104078112792968750000000000000000000000000E+04
    0.245960312895476818084716796875000000000000E-03    0.106099975585937500000000000000000000000000E+04
    0.250929006142541766166687011718750000000000E-03    0.108160852050781250000000000000000000000000E+04
    0.255998136708512902259826660156250000000000E-03    0.110261413574218750000000000000000000000000E+04
    0.261169654550030827522277832031250000000000E-03    0.112402453613281250000000000000000000000000E+04
    0.266445596935227513313293457031250000000000E-03    0.114584692382812500000000000000000000000000E+04
    0.271828175755217671394348144531250000000000E-03    0.116808959960937500000000000000000000000000E+04
    0.277319486485794186592102050781250000000000E-03    0.119075964355468750000000000000000000000000E+04
    0.282921682810410857200622558593750000000000E-03    0.121386560058593750000000000000000000000000E+04
    0.288637093035504221916198730468750000000000E-03    0.123741528320312500000000000000000000000000E+04
    0.294467929052188992500305175781250000000000E-03    0.126141748046875000000000000000000000000000E+04
    0.300416606478393077850341796875000000000000E-03    0.128588000488281250000000000000000000000000E+04
    0.306485395412892103195190429687500000000000E-03    0.131081164550781250000000000000000000000000E+04
    0.312676827888935804367065429687500000000000E-03    0.133622119140625000000000000000000000000000E+04
    0.318993290420621633529663085937500000000000E-03    0.136211743164062500000000000000000000000000E+04
    0.325437402352690696716308593750000000000000E-03    0.138850915527343750000000000000000000000000E+04
    0.332011666614562273025512695312500000000000E-03    0.141540539550781250000000000000000000000000E+04
    0.338718760758638381958007812500000000000000E-03    0.144281604003906250000000000000000000000000E+04
    0.345561362337321043014526367187500000000000E-03    0.147074975585937500000000000000000000000000E+04
    0.352542119799181818962097167968750000000000E-03    0.149921679687500000000000000000000000000000E+04
    0.359663943527266383171081542968750000000000E-03    0.152822619628906250000000000000000000000000E+04
    0.366929627489298582077026367187500000000000E-03    0.155778857421875000000000000000000000000000E+04
    0.374342111172154545783996582031250000000000E-03    0.158791320800781250000000000000000000000000E+04
    0.381904304958879947662353515625000000000000E-03    0.161861096191406250000000000000000000000000E+04
    0.389619322959333658218383789062500000000000E-03    0.164989147949218750000000000000000000000000E+04
    0.397490162868052721023559570312500000000000E-03    0.168176574707031250000000000000000000000000E+04
    0.405519997002556920051574707031250000000000E-03    0.171424450683593750000000000000000000000000E+04
    0.413712026784196496009826660156250000000000E-03    0.174733813476562500000000000000000000000000E+04
    0.422069540945813059806823730468750000000000E-03    0.178105773925781250000000000000000000000000E+04
    0.430595915531739592552185058593750000000000E-03    0.181541455078125000000000000000000000000000E+04
    0.439294555690139532089233398437500000000000E-03    0.185042004394531250000000000000000000000000E+04
    0.448168895673006772994995117187500000000000E-03    0.188608520507812500000000000000000000000000E+04
    0.457222486147657036781311035156250000000000E-03    0.192242199707031250000000000000000000000000E+04
    0.466458965092897415161132812500000000000000E-03    0.195944189453125000000000000000000000000000E+04
    0.475882086902856826782226562500000000000000E-03    0.199715698242187500000000000000000000000000E+04
    0.485495518660172820091247558593750000000000E-03    0.203557946777343750000000000000000000000000E+04
    0.495303189381957054138183593750000000000000E-03    0.207472119140625000000000000000000000000000E+04
    0.505309028085321187973022460937500000000000E-03    0.211459472656250000000000000000000000000000E+04
    0.515516963787376880645751953125000000000000E-03    0.215521264648437500000000000000000000000000E+04
    0.525931071024388074874877929687500000000000E-03    0.219658789062500000000000000000000000000000E+04
    0.536555540747940540313720703125000000000000E-03    0.223873315429687500000000000000000000000000E+04
    0.547394680324941873550415039062500000000000E-03    0.228166162109375000000000000000000000000000E+04
    0.558452797122299671173095703125000000000000E-03    0.232538549804687500000000000000000000000000E+04
    0.569734314922243356704711914062500000000000E-03    0.236991967773437500000000000000000000000000E+04
    0.581243715714663267135620117187500000000000E-03    0.241527587890625000000000000000000000000000E+04
    0.592985597904771566390991210937500000000000E-03    0.246146948242187500000000000000000000000000E+04
    0.604964734520763158798217773437500000000000E-03    0.250851245117187500000000000000000000000000E+04
    0.617185782175511121749877929687500000000000E-03    0.255642041015625000000000000000000000000000E+04
    0.629653746727854013442993164062500000000000E-03    0.260520581054687500000000000000000000000000E+04
    0.642373692244291305541992187500000000000000E-03    0.265488354492187500000000000000000000000000E+04
    0.655350449960678815841674804687500000000000E-03    0.270546801757812500000000000000000000000000E+04
    0.668589433189481496810913085937500000000000E-03    0.275697338867187500000000000000000000000000E+04
    0.682095822412520647048950195312500000000000E-03    0.280941430664062500000000000000000000000000E+04
    0.695875030942261219024658203125000000000000E-03    0.286280517578125000000000000000000000000000E+04
    0.709932646714150905609130859375000000000000E-03    0.291716088867187500000000000000000000000000E+04
    0.724274199455976486206054687500000000000000E-03    0.297249609375000000000000000000000000000000E+04
    0.738905626349151134490966796875000000000000E-03    0.302882617187500000000000000000000000000000E+04
    0.753832457121461629867553710937500000000000E-03    0.308616552734375000000000000000000000000000E+04
    0.769060861784964799880981445312500000000000E-03    0.314452978515625000000000000000000000000000E+04
    0.784596893936395645141601562500000000000000E-03    0.320393310546875000000000000000000000000000E+04
    0.800446781795471906661987304687500000000000E-03    0.326439208984375000000000000000000000000000E+04
    0.816616869997233152389526367187500000000000E-03    0.332592089843750000000000000000000000000000E+04
    0.833113677799701690673828125000000000000000E-03    0.338853564453125000000000000000000000000000E+04
    0.849943608045578002929687500000000000000000E-03    0.345225073242187500000000000000000000000000E+04
    0.867113587446510791778564453125000000000000E-03    0.351708154296875000000000000000000000000000E+04
    0.884630659129470586776733398437500000000000E-03    0.358304492187500000000000000000000000000000E+04
    0.902501342352479696273803710937500000000000E-03    0.365015356445312500000000000000000000000000E+04
    0.920733029488474130630493164062500000000000E-03    0.371842480468750000000000000000000000000000E+04
    0.939333112910389900207519531250000000000000E-03    0.378787377929687500000000000000000000000000E+04
    0.958308868575841188430786132812500000000000E-03    0.385851391601562500000000000000000000000000E+04
    0.977667979896068572998046875000000000000000E-03    0.393036254882812500000000000000000000000000E+04
    0.997418188489973545074462890625000000000000E-03    0.400343237304687500000000000000000000000000E+04
    0.101756735239177942276000976562500000000000E-02    0.407773901367187500000000000000000000000000E+04
    0.103812362067401409149169921875000000000000E-02    0.415329785156250000000000000000000000000000E+04
    0.105909502599388360977172851562500000000000E-02    0.423012304687500000000000000000000000000000E+04
    0.108049006666988134384155273437500000000000E-02    0.430822753906250000000000000000000000000000E+04
    0.110231747385114431381225585937500000000000E-02    0.438762744140625000000000000000000000000000E+04
    0.112458574585616588592529296875000000000000E-02    0.446833496093750000000000000000000000000000E+04
    0.114730407949537038803100585937500000000000E-02    0.455036474609375000000000000000000000000000E+04
    0.117048120591789484024047851562500000000000E-02    0.463372460937500000000000000000000000000000E+04
    0.119412643834948539733886718750000000000000E-02    0.471843554687500000000000000000000000000000E+04
    0.121824943926185369491577148437500000000000E-02    0.480450634765625000000000000000000000000000E+04
    0.124285963829606771469116210937500000000000E-02    0.489194970703125000000000000000000000000000E+04
    0.126796704716980457305908203125000000000000E-02    0.498077636718750000000000000000000000000000E+04
    0.129358167760074138641357421875000000000000E-02    0.507099853515625000000000000000000000000000E+04
    0.131971365772187709808349609375000000000000E-02    0.516262402343750000000000000000000000000000E+04
    0.134637358132749795913696289062500000000000E-02    0.525566601562500000000000000000000000000000E+04
    0.137357215862721204757690429687500000000000E-02    0.535013281250000000000000000000000000000000E+04
    0.140132009983062744140625000000000000000000E-02    0.544603271484375000000000000000000000000000E+04
    0.142962858080863952636718750000000000000000E-02    0.554337353515625000000000000000000000000000E+04
    0.145850901026278734207153320312500000000000E-02    0.564216113281250000000000000000000000000000E+04
    0.148797314614057540893554687500000000000000E-02    0.574240576171875000000000000000000000000000E+04
    0.151803228072822093963623046875000000000000E-02    0.584410937500000000000000000000000000000000E+04
    0.154869852121919393539428710937500000000000E-02    0.594727783203125000000000000000000000000000E+04
    0.157998420763760805130004882812500000000000E-02    0.605191455078125000000000000000000000000000E+04
    0.161190202925354242324829101562500000000000E-02    0.615802392578125000000000000000000000000000E+04
    0.164446467533707618713378906250000000000000E-02    0.626560498046875000000000000000000000000000E+04
    0.167768495157361030578613281250000000000000E-02    0.637465771484375000000000000000000000000000E+04
    0.171157636214047670364379882812500000000000E-02    0.648518066406250000000000000000000000000000E+04
    0.174615241121500730514526367187500000000000E-02    0.659717089843750000000000000000000000000000E+04
    0.178142718505114316940307617187500000000000E-02    0.671062451171875000000000000000000000000000E+04
    0.181741418782621622085571289062500000000000E-02    0.682553662109375000000000000000000000000000E+04
    0.185412843711674213409423828125000000000000E-02    0.694189990234375000000000000000000000000000E+04
    0.189158413559198379516601562500000000000000E-02    0.705970263671875000000000000000000000000000E+04
    0.192979711573570966720581054687500000000000E-02    0.717893701171875000000000000000000000000000E+04
    0.196878169663250446319580078125000000000000E-02    0.729958740234375000000000000000000000000000E+04
    0.200855359435081481933593750000000000000000E-02    0.742163916015625000000000000000000000000000E+04
    0.204912899062037467956542968750000000000000E-02    0.754507666015625000000000000000000000000000E+04
    0.209052418358623981475830078125000000000000E-02    0.766987939453125000000000000000000000000000E+04
    0.213275570422410964965820312500000000000000E-02    0.779602343750000000000000000000000000000000E+04
    0.217583985067903995513916015625000000000000E-02    0.792348632812500000000000000000000000000000E+04
    0.221979478374123573303222656250000000000000E-02    0.805223974609375000000000000000000000000000E+04
    0.226463773287832736968994140625000000000000E-02    0.818225244140625000000000000000000000000000E+04
    0.231038639321923255920410156250000000000000E-02    0.831349121093750000000000000000000000000000E+04
    0.235705915838479995727539062500000000000000E-02    0.844591992187500000000000000000000000000000E+04
    0.240467488765716552734375000000000000000000E-02    0.857949804687500000000000000000000000000000E+04
    0.245325244031846523284912109375000000000000E-02    0.871417871093750000000000000000000000000000E+04
    0.250281183980405330657958984375000000000000E-02    0.884991992187500000000000000000000000000000E+04
    0.255337217822670936584472656250000000000000E-02    0.898666210937500000000000000000000000000000E+04
    0.260495371185243129730224609375000000000000E-02    0.912435644531250000000000000000000000000000E+04
    0.265757716260850429534912109375000000000000E-02    0.926293750000000000000000000000000000000000E+04
    0.271126371808350086212158203125000000000000E-02    0.940233984375000000000000000000000000000000E+04
    0.276603479869663715362548828125000000000000E-02    0.954249511718750000000000000000000000000000E+04
    0.282191229052841663360595703125000000000000E-02    0.968332324218750000000000000000000000000000E+04
    0.287891877815127372741699218750000000000000E-02    0.982474707031250000000000000000000000000000E+04
    0.293707661330699920654296875000000000000000E-02    0.996667578125000000000000000000000000000000E+04
    0.299640954472124576568603515625000000000000E-02    0.101090166015625000000000000000000000000000E+05
    0.305694085545837879180908203125000000000000E-02    0.102516689453125000000000000000000000000000E+05
    0.311869522556662559509277343750000000000000E-02    0.103945185546875000000000000000000000000000E+05
    0.318169780075550079345703125000000000000000E-02    0.105374628906250000000000000000000000000000E+05
    0.324597232975065708160400390625000000000000E-02    0.106803701171875000000000000000000000000000E+05
    0.331154512241482734680175781250000000000000E-02    0.108231142578125000000000000000000000000000E+05
    0.337844272144138813018798828125000000000000E-02    0.109655517578125000000000000000000000000000E+05
    0.344669190235435962677001953125000000000000E-02    0.111075380859375000000000000000000000000000E+05
    0.351631967350840568542480468750000000000000E-02    0.112489121093750000000000000000000000000000E+05
    0.358735374175012111663818359375000000000000E-02    0.113895039062500000000000000000000000000000E+05
    0.365982321090996265411376953125000000000000E-02    0.115291396484375000000000000000000000000000E+05
    0.373375625349581241607666015625000000000000E-02    0.116676279296875000000000000000000000000000E+05
    0.380918313749134540557861328125000000000000E-02    0.118047656250000000000000000000000000000000E+05
    0.388613343238830566406250000000000000000000E-02    0.119403427734375000000000000000000000000000E+05
    0.396463880315423011779785156250000000000000E-02    0.120741298828125000000000000000000000000000E+05
    0.404472928494215011596679687500000000000000E-02    0.122058945312500000000000000000000000000000E+05
    0.412643933668732643127441406250000000000000E-02    0.123353798828125000000000000000000000000000E+05
    0.420979922637343406677246093750000000000000E-02    0.124623203125000000000000000000000000000000E+05
    0.429484248161315917968750000000000000000000E-02    0.125864365234375000000000000000000000000000E+05
    0.438160402700304985046386718750000000000000E-02    0.127074335937500000000000000000000000000000E+05
    0.447011832147836685180664062500000000000000E-02    0.128249980468750000000000000000000000000000E+05
    0.456042028963565826416015625000000000000000E-02    0.129388007812500000000000000000000000000000E+05
    0.465254718437790870666503906250000000000000E-02    0.130485009765625000000000000000000000000000E+05
    0.474653439596295356750488281250000000000000E-02    0.131537402343750000000000000000000000000000E+05
    0.484242103993892669677734375000000000000000E-02    0.132541367187500000000000000000000000000000E+05
    0.494024436920881271362304687500000000000000E-02    0.133493017578125000000000000000000000000000E+05
    0.504004349932074546813964843750000000000000E-02    0.134388193359375000000000000000000000000000E+05
    0.514185894280672073364257812500000000000000E-02    0.135222685546875000000000000000000000000000E+05
    0.524573167786002159118652343750000000000000E-02    0.135992109375000000000000000000000000000000E+05
    0.535170361399650573730468750000000000000000E-02    0.136704208984375000000000000000000000000000E+05
    0.545981479808688163757324218750000000000000E-02    0.137330292968750000000000000000000000000000E+05
    0.557011039927601814270019531250000000000000E-02    0.137876464843750000000000000000000000000000E+05
    0.568263372406363487243652343750000000000000E-02    0.138338203125000000000000000000000000000000E+05
    0.579743087291717529296875000000000000000000E-02    0.138710478515625000000000000000000000000000E+05
    0.591454654932022094726562500000000000000000E-02    0.138988095703125000000000000000000000000000E+05
    0.603402825072407722473144531250000000000000E-02    0.139165761718750000000000000000000000000000E+05
    0.615592347458004951477050781250000000000000E-02    0.139238212890625000000000000000000000000000E+05
    0.628028111532330513000488281250000000000000E-02    0.139200166015625000000000000000000000000000E+05
    0.640715099871158599853515625000000000000000E-02    0.139046406250000000000000000000000000000000E+05
    0.653658434748649597167968750000000000000000E-02    0.138771787109375000000000000000000000000000E+05
    0.666863145306706428527832031250000000000000E-02    0.138371298828125000000000000000000000000000E+05
    0.680334679782390594482421875000000000000000E-02    0.137840195312500000000000000000000000000000E+05
    0.694078346714377403259277343750000000000000E-02    0.137174257812500000000000000000000000000000E+05
    0.708099640905857086181640625000000000000000E-02    0.136368603515625000000000000000000000000000E+05
    0.722404150292277336120605468750000000000000E-02    0.135419892578125000000000000000000000000000E+05
    0.736997742205858230590820312500000000000000E-02    0.134324833984375000000000000000000000000000E+05
    0.751886051148176193237304687500000000000000E-02    0.133080761718750000000000000000000000000000E+05
    0.767075084149837493896484375000000000000000E-02    0.131685722656250000000000000000000000000000E+05
    0.782571360468864440917968750000000000000000E-02    0.130138447265625000000000000000000000000000E+05
    0.798380374908447265625000000000000000000000E-02    0.128438671875000000000000000000000000000000E+05
    0.814508739858865737915039062500000000000000E-02    0.126586933593750000000000000000000000000000E+05
    0.830962881445884704589843750000000000000000E-02    0.124584960937500000000000000000000000000000E+05
    0.847749505192041397094726562500000000000000E-02    0.122435000000000000000000000000000000000000E+05
    0.864875130355358123779296875000000000000000E-02    0.120142285156250000000000000000000000000000E+05
    0.882346741855144500732421875000000000000000E-02    0.117711513671875000000000000000000000000000E+05
    0.900171231478452682495117187500000000000000E-02    0.115149462890625000000000000000000000000000E+05
    0.918355956673622131347656250000000000000000E-02    0.112464150390625000000000000000000000000000E+05
    0.936907902359962463378906250000000000000000E-02    0.109665107421875000000000000000000000000000E+05
    0.955834705382585525512695312500000000000000E-02    0.106763232421875000000000000000000000000000E+05
    0.975143909454345703125000000000000000000000E-02    0.103770605468750000000000000000000000000000E+05
    0.994843058288097381591796875000000000000000E-02    0.100700957031250000000000000000000000000000E+05
    0.101494016125798225402832031250000000000000E-01    0.975683886718750000000000000000000000000000E+04
    0.103544332087039947509765625000000000000000E-01    0.943886230468750000000000000000000000000000E+04
    0.105636063963174819946289062500000000000000E-01    0.911779199218750000000000000000000000000000E+04
    0.107770059257745742797851562500000000000000E-01    0.879531250000000000000000000000000000000000E+04
    0.109947146847844123840332031250000000000000E-01    0.847312988281250000000000000000000000000000E+04
    0.112168220803141593933105468750000000000000E-01    0.815294042968750000000000000000000000000000E+04
    0.114434175193309783935546875000000000000000E-01    0.783640429687500000000000000000000000000000E+04
    0.116745894774794578552246093750000000000000E-01    0.752513134765625000000000000000000000000000E+04
    0.119104310870170593261718750000000000000000E-01    0.722060156250000000000000000000000000000000E+04
    0.121510382741689682006835937500000000000000E-01    0.692416748046875000000000000000000000000000E+04
    0.123965051025152206420898437500000000000000E-01    0.663700683593750000000000000000000000000000E+04
    0.126469302922487258911132812500000000000000E-01    0.636009863281250000000000000000000000000000E+04
    0.129024153575301170349121093750000000000000E-01    0.609419580078125000000000000000000000000000E+04
    0.131630674004554748535156250000000000000000E-01    0.583981542968750000000000000000000000000000E+04
    0.134289795532822608947753906250000000000000E-01    0.559720556640625000000000000000000000000000E+04
    0.137002617120742797851562500000000000000000E-01    0.536636669921875000000000000000000000000000E+04
    0.139770256355404853820800781250000000000000E-01    0.514704199218750000000000000000000000000000E+04
    0.142593793570995330810546875000000000000000E-01    0.493874267578125000000000000000000000000000E+04
    0.145474374294281005859375000000000000000000E-01    0.474076464843750000000000000000000000000000E+04
    0.148413162678480148315429687500000000000000E-01    0.455223925781250000000000000000000000000000E+04
    0.151411294937133789062500000000000000000000E-01    0.437217431640625000000000000000000000000000E+04
    0.154470009729266166687011718750000000000000E-01    0.419951660156250000000000000000000000000000E+04
    0.157590489834547042846679687500000000000000E-01    0.403322314453125000000000000000000000000000E+04
    0.160774048417806625366210937500000000000000E-01    0.387232714843750000000000000000000000000000E+04
    0.164021886885166168212890625000000000000000E-01    0.371601342773437500000000000000000000000000E+04
    0.167335346341133117675781250000000000000000E-01    0.356367895507812500000000000000000000000000E+04
    0.170715730637311935424804687500000000000000E-01    0.341496826171875000000000000000000000000000E+04
    0.174164418131113052368164062500000000000000E-01    0.326980175781250000000000000000000000000000E+04
    0.177682787179946899414062500000000000000000E-01    0.312835253906250000000000000000000000000000E+04
    0.181272197514772415161132812500000000000000E-01    0.299100512695312500000000000000000000000000E+04
    0.184934139251708984375000000000000000000000E-01    0.285826538085937500000000000000000000000000E+04
    0.188670046627521514892578125000000000000000E-01    0.273066943359375000000000000000000000000000E+04
    0.192481447011232376098632812500000000000000E-01    0.260865844726562500000000000000000000000000E+04
    0.196369830518960952758789062500000000000000E-01    0.249248437500000000000000000000000000000000E+04
    0.200336743146181106567382812500000000000000E-01    0.238213623046875000000000000000000000000000E+04
    0.204383805394172668457031250000000000000000E-01    0.227731616210937500000000000000000000000000E+04
    0.208512637764215469360351562500000000000000E-01    0.217747436523437500000000000000000000000000E+04
    0.212724860757589340209960937500000000000000E-01    0.208191308593750000000000000000000000000000E+04
    0.217022281140089035034179687500000000000000E-01    0.198991857910156250000000000000000000000000E+04
    0.221406426280736923217773437500000000000000E-01    0.190091625976562500000000000000000000000000E+04
    0.225879121571779251098632812500000000000000E-01    0.181458935546875000000000000000000000000000E+04
    0.230442192405462265014648437500000000000000E-01    0.173092651367187500000000000000000000000000E+04
    0.235097426921129226684570312500000000000000E-01    0.165017395019531250000000000000000000000000E+04
    0.239846706390380859375000000000000000000000E-01    0.157269799804687500000000000000000000000000E+04
    0.244691912084817886352539062500000000000000E-01    0.149880249023437500000000000000000000000000E+04
    0.249635018408298492431640625000000000000000E-01    0.142857092285156250000000000000000000000000E+04
    0.254677981138229370117187500000000000000000E-01    0.136179724121093750000000000000000000000000E+04
    0.259822811931371688842773437500000000000000E-01    0.129805529785156250000000000000000000000000E+04
    0.265071578323841094970703125000000000000000E-01    0.123687170410156250000000000000000000000000E+04
    0.270426385104656219482421875000000000000000E-01    0.117793310546875000000000000000000000000000E+04
    0.275889337062835693359375000000000000000000E-01    0.112120654296875000000000000000000000000000E+04
    0.281462669372558593750000000000000000000000E-01    0.106690112304687500000000000000000000000000E+04
    0.287148579955101013183593750000000000000000E-01    0.101528436279296875000000000000000000000000E+04
    0.292949359863996505737304687500000000000000E-01    0.966456726074218750000000000000000000000000E+03
    0.298867337405681610107421875000000000000000E-01    0.920254455566406250000000000000000000000000E+03
    0.304904840886592864990234375000000000000000E-01    0.876344848632812500000000000000000000000000E+03
    0.311064328998327255249023437500000000000000E-01    0.834497802734375000000000000000000000000000E+03
    0.317348241806030273437500000000000000000000E-01    0.794605651855468750000000000000000000000000E+03
    0.323759093880653381347656250000000000000000E-01    0.756902648925781250000000000000000000000000E+03
    0.330299474298954010009765625000000000000000E-01    0.721470703125000000000000000000000000000000E+03
    0.336971953511238098144531250000000000000000E-01    0.688278869628906250000000000000000000000000E+03
    0.343779213726520538330078125000000000000000E-01    0.656005249023437500000000000000000000000000E+03
    0.350724011659622192382812500000000000000000E-01    0.646141296386718750000000000000000000000000E+03
    0.357809104025363922119140625000000000000000E-01    0.617935180664062500000000000000000000000000E+03
    0.365037508308887481689453125000000000000000E-01    0.591939880371093750000000000000000000000000E+03
    0.372411720454692840576171875000000000000000E-01    0.567985900878906250000000000000000000000000E+03
    0.379934944212436676025390625000000000000000E-01    0.545875061035156250000000000000000000000000E+03
    0.387610122561454772949218750000000000000000E-01    0.525423461914062500000000000000000000000000E+03
    0.395440347492694854736328125000000000000000E-01    0.506678741455078125000000000000000000000000E+03
    0.403428785502910614013671875000000000000000E-01    0.489688262939453125000000000000000000000000E+03
    0.411578565835952758789062500000000000000000E-01    0.474302978515625000000000000000000000000000E+03
    0.419893004000186920166015625000000000000000E-01    0.460337524414062500000000000000000000000000E+03
    0.428375415503978729248046875000000000000000E-01    0.447774047851562500000000000000000000000000E+03
    0.437029153108596801757812500000000000000000E-01    0.436526641845703125000000000000000000000000E+03
    0.445857718586921691894531250000000000000000E-01    0.417390289306640625000000000000000000000000E+03
    0.454864650964736938476562500000000000000000E-01    0.408184417724609375000000000000000000000000E+03
    0.464053489267826080322265625000000000000000E-01    0.400463409423828125000000000000000000000000E+03
    0.473427996039390563964843750000000000000000E-01    0.393731231689453125000000000000000000000000E+03
    0.482991859316825866699218750000000000000000E-01    0.387773590087890625000000000000000000000000E+03
    0.492748916149139404296875000000000000000000E-01    0.382667022705078125000000000000000000000000E+03
    0.502703115344047546386718750000000000000000E-01    0.378030517578125000000000000000000000000000E+03
    0.512858368456363677978515625000000000000000E-01    0.373799591064453125000000000000000000000000E+03
    0.523218810558319091796875000000000000000000E-01    0.369931854248046875000000000000000000000000E+03
    0.533788502216339111328125000000000000000000E-01    0.366281921386718750000000000000000000000000E+03
    0.544571764767169952392578125000000000000000E-01    0.367805114746093750000000000000000000000000E+03
    0.555572807788848876953125000000000000000000E-01    0.364417663574218750000000000000000000000000E+03
    0.566796138882637023925781250000000000000000E-01    0.360614868164062500000000000000000000000000E+03
    0.578246153891086578369140625000000000000000E-01    0.356512176513671875000000000000000000000000E+03
    0.589927472174167633056640625000000000000000E-01    0.351980316162109375000000000000000000000000E+03
    0.601844787597656250000000000000000000000000E-01    0.346884918212890625000000000000000000000000E+03
    0.614003166556358337402343750000000000000000E-01    0.341114501953125000000000000000000000000000E+03
    0.626406818628311157226562500000000000000000E-01    0.334545440673828125000000000000000000000000E+03
    0.639061108231544494628906250000000000000000E-01    0.327230957031250000000000000000000000000000E+03
    0.651970952749252319335937500000000000000000E-01    0.314575531005859375000000000000000000000000E+03
    0.665141642093658447265625000000000000000000E-01    0.305229675292968750000000000000000000000000E+03
    0.678578317165374755859375000000000000000000E-01    0.294866912841796875000000000000000000000000E+03
    0.692286565899848937988281250000000000000000E-01    0.283569030761718750000000000000000000000000E+03
    0.706271678209304809570312500000000000000000E-01    0.271427062988281250000000000000000000000000E+03
    0.720539242029190063476562500000000000000000E-01    0.258561370849609375000000000000000000000000E+03
    0.735095068812370300292968750000000000000000E-01    0.245115112304687500000000000000000000000000E+03
    0.749944970011711120605468750000000000000000E-01    0.232872100830078125000000000000000000000000E+03
    0.765094906091690063476562500000000000000000E-01    0.219045074462890625000000000000000000000000E+03
    0.780550837516784667968750000000000000000000E-01    0.205433944702148437500000000000000000000000E+03
    0.796318948268890380859375000000000000000000E-01    0.192272415161132812500000000000000000000000E+03
    0.812405645847320556640625000000000000000000E-01    0.179785766601562500000000000000000000000000E+03
    0.828817337751388549804687500000000000000000E-01    0.168165969848632812500000000000000000000000E+03
    0.845560505986213684082031250000000000000000E-01    0.157560028076171875000000000000000000000000E+03
    0.862641930580139160156250000000000000000000E-01    0.148068832397460937500000000000000000000000E+03
    0.880068466067314147949218750000000000000000E-01    0.139757995605468750000000000000000000000000E+03
    0.897847041487693786621093750000000000000000E-01    0.132647583007812500000000000000000000000000E+03
    0.915984734892845153808593750000000000000000E-01    0.126730171203613281250000000000000000000000E+03
    0.934488773345947265625000000000000000000000E-01    0.121970619201660156250000000000000000000000E+03
    0.953366756439208984375000000000000000000000E-01    0.118307388305664062500000000000000000000000E+03
    0.972625985741615295410156250000000000000000E-01    0.115652076721191406250000000000000000000000E+03
    0.992274358868598937988281250000000000000000E-01    0.113886886596679687500000000000000000000000E+03
    0.101232007145881652832031250000000000000000E+00    0.112863098144531250000000000000000000000000E+03
    0.103277020156383514404296875000000000000000E+00    0.112400779724121093750000000000000000000000E+03
    0.105363354086875915527343750000000000000000E+00    0.112291091918945312500000000000000000000000E+03
    0.107491828501224517822265625000000000000000E+00    0.112301872253417968750000000000000000000000E+03
    0.109663315117359161376953125000000000000000E+00    0.112186912536621093750000000000000000000000E+03
    0.111878655850887298583984375000000000000000E+00    0.111700302124023437500000000000000000000000E+03
    0.114138752222061157226562500000000000000000E+00    0.110616172790527343750000000000000000000000E+03
    0.116444505751132965087890625000000000000000E+00    0.108752906799316406250000000000000000000000E+03
    0.118796832859516143798828125000000000000000E+00    0.105998016357421875000000000000000000000000E+03
    0.121196687221527099609375000000000000000000E+00    0.102326881408691406250000000000000000000000E+03
    0.123645029962062835693359375000000000000000E+00    0.978088836669921875000000000000000000000000E+02
    0.126142814755439758300781250000000000000000E+00    0.925956344604492187500000000000000000000000E+02
    0.128691077232360839843750000000000000000000E+00    0.869006576538085937500000000000000000000000E+02
    0.131290808320045471191406250000000000000000E+00    0.809712905883789062500000000000000000000000E+02
    0.133943051099777221679687500000000000000000E+00    0.750674209594726562500000000000000000000000E+02
    0.136648878455162048339843750000000000000000E+00    0.694523696899414062500000000000000000000000E+02
    0.139409363269805908203125000000000000000000E+00    0.643703308105468750000000000000000000000000E+02
    0.142225623130798339843750000000000000000000E+00    0.600136260986328125000000000000000000000000E+02
    0.145098760724067687988281250000000000000000E+00    0.565139122009277343750000000000000000000000E+02
    0.148029953241348266601562500000000000000000E+00    0.538985061645507812500000000000000000000000E+02
    0.151020348072052001953125000000000000000000E+00    0.521079063415527343750000000000000000000000E+02
    0.154071167111396789550781250000000000000000E+00    0.510087928771972656250000000000000000000000E+02
    0.157183602452278137207031250000000000000000E+00    0.504237747192382812500000000000000000000000E+02
    0.160358920693397521972656250000000000000000E+00    0.501538467407226562500000000000000000000000E+02
    0.163598373532295227050781250000000000000000E+00    0.499884834289550781250000000000000000000000E+02
    0.166903272271156311035156250000000000000000E+00    0.497107200622558593750000000000000000000000E+02
    0.170275032520294189453125000000000000000000E+00    0.491123199462890625000000000000000000000000E+02
    0.173714801669120788574218750000000000000000E+00    0.480268821716308593750000000000000000000000E+02
    0.177224084734916687011718750000000000000000E+00    0.463719139099121093750000000000000000000000E+02
    0.180804237723350524902343750000000000000000E+00    0.441779289245605468750000000000000000000000E+02
    0.184456720948219299316406250000000000000000E+00    0.415847396850585937500000000000000000000000E+02
    0.188182994723320007324218750000000000000000E+00    0.388017807006835937500000000000000000000000E+02
    0.191984534263610839843750000000000000000000E+00    0.360539932250976562500000000000000000000000E+02
    0.195862874388694763183593750000000000000000E+00    0.335406341552734375000000000000000000000000E+02
    0.199819564819335937500000000000000000000000E+00    0.314156246185302734375000000000000000000000E+02
    0.203856185078620910644531250000000000000000E+00    0.297726707458496093750000000000000000000000E+02
    0.207974359393119812011718750000000000000000E+00    0.286214389801025390625000000000000000000000E+02
    0.212175697088241577148437500000000000000000E+00    0.278783149719238281250000000000000000000000E+02
    0.216461926698684692382812500000000000000000E+00    0.273927268981933593750000000000000000000000E+02
    0.220834761857986450195312500000000000000000E+00    0.269947528839111328125000000000000000000000E+02
    0.225295916199684143066406250000000000000000E+00    0.265284233093261718750000000000000000000000E+02
    0.229847192764282226562500000000000000000000E+00    0.258678150177001953125000000000000000000000E+02
    0.234490394592285156250000000000000000000000E+00    0.249403152465820312500000000000000000000000E+02
    0.239227414131164550781250000000000000000000E+00    0.237524967193603515625000000000000000000000E+02
    0.244060128927230834960937500000000000000000E+00    0.223916683197021484375000000000000000000000E+02
    0.248990446329116821289062500000000000000000E+00    0.209974060058593750000000000000000000000000E+02
    0.254020392894744873046875000000000000000000E+00    0.197126865386962890625000000000000000000000E+02
    0.259151935577392578125000000000000000000000E+00    0.186354484558105468750000000000000000000000E+02
    0.264387160539627075195312500000000000000000E+00    0.178013725280761718750000000000000000000000E+02
    0.269728124141693115234375000000000000000000E+00    0.171872215270996093750000000000000000000000E+02
    0.275177001953125000000000000000000000000000E+00    0.167138767242431640625000000000000000000000E+02
    0.280736058950424194335937500000000000000000E+00    0.162736740112304687500000000000000000000000E+02
    0.286407291889190673828125000000000000000000E+00    0.157782135009765625000000000000000000000000E+02
    0.292193114757537841796875000000000000000000E+00    0.151790189743041992187500000000000000000000E+02
    0.298095792531967163085937500000000000000000E+00    0.144722337722778320312500000000000000000000E+02
    0.304117560386657714843750000000000000000000E+00    0.137042961120605468750000000000000000000000E+02
    0.310261309146881103515625000000000000000000E+00    0.129532814025878906250000000000000000000000E+02
    0.316528826951980590820312500000000000000000E+00    0.122885627746582031250000000000000000000000E+02
    0.322923272848129272460937500000000000000000E+00    0.117375297546386718750000000000000000000000E+02
    0.329446613788604736328125000000000000000000E+00    0.112868480682373046875000000000000000000000E+02
    0.336102008819580078125000000000000000000000E+00    0.108944110870361328125000000000000000000000E+02
    0.342891573905944824218750000000000000000000E+00    0.105054225921630859375000000000000000000000E+02
    0.349818587303161621093750000000000000000000E+00    0.100859861373901367187500000000000000000000E+02
    0.356885224580764770507812500000000000000000E+00    0.962913036346435546875000000000000000000000E+01
    0.364094972610473632812500000000000000000000E+00    0.915540790557861328125000000000000000000000E+01
    0.371450334787368774414062500000000000000000E+00    0.870266628265380859375000000000000000000000E+01
    0.378953933715820312500000000000000000000000E+00    0.829842567443847656250000000000000000000000E+01
    0.386609494686126708984375000000000000000000E+00    0.794525337219238281250000000000000000000000E+01
    0.394419312477111816406250000000000000000000E+00    0.762661027908325195312500000000000000000000E+01
    0.402387291193008422851562500000000000000000E+00    0.731870603561401367187500000000000000000000E+01
    0.410515844821929931640625000000000000000000E+00    0.700481033325195312500000000000000000000000E+01
    0.418809026479721069335937500000000000000000E+00    0.668412065505981445312500000000000000000000E+01
    0.427269339561462402343750000000000000000000E+00    0.636882019042968750000000000000000000000000E+01
    0.435900926589965820312500000000000000000000E+00    0.607430171966552734375000000000000000000000E+01
    0.444706469774246215820312500000000000000000E+00    0.580544090270996093750000000000000000000000E+01
    0.453690379858016967773437500000000000000000E+00    0.555610847473144531250000000000000000000000E+01
    0.462855309247970581054687500000000000000000E+00    0.531680679321289062500000000000000000000000E+01
    0.472205787897109985351562500000000000000000E+00    0.508027267456054687500000000000000000000000E+01
    0.481744766235351562500000000000000000000000E+00    0.484752988815307617187500000000000000000000E+01
    0.491476893424987792968750000000000000000000E+00    0.462450981140136718750000000000000000000000E+01
    0.501405119895935058593750000000000000000000E+00    0.441522502899169921875000000000000000000000E+01
    0.511534392833709716796875000000000000000000E+00    0.421870708465576171875000000000000000000000E+01
    0.521867811679840087890625000000000000000000E+00    0.403116035461425781250000000000000000000000E+01
    0.532410502433776855468750000000000000000000E+00    0.384921598434448242187500000000000000000000E+01
    0.543165624141693115234375000000000000000000E+00    0.367318248748779296875000000000000000000000E+01
    0.554138541221618652343750000000000000000000E+00    0.350510835647583007812500000000000000000000E+01
    0.565332591533660888671875000000000000000000E+00    0.334576392173767089843750000000000000000000E+01
    0.576753377914428710937500000000000000000000E+00    0.319429135322570800781250000000000000000000E+01
    0.588404297828674316406250000000000000000000E+00    0.304907059669494628906250000000000000000000E+01
    0.600291073322296142578125000000000000000000E+00    0.290941524505615234375000000000000000000000E+01
    0.612418055534362792968750000000000000000000E+00    0.277578973770141601562500000000000000000000E+01
    0.624789416790008544921875000000000000000000E+00    0.264848875999450683593750000000000000000000E+01
    0.637411296367645263671875000000000000000000E+00    0.252714800834655761718750000000000000000000E+01
    0.650287508964538574218750000000000000000000E+00    0.241103148460388183593750000000000000000000E+01
    0.663424491882324218750000000000000000000000E+00    0.229986095428466796875000000000000000000000E+01
    0.676826238632202148437500000000000000000000E+00    0.219366121292114257812500000000000000000000E+01
    0.690499365329742431640625000000000000000000E+00    0.209234595298767089843750000000000000000000E+01
    0.704448044300079345703125000000000000000000E+00    0.199558937549591064453125000000000000000000E+01
    0.718679130077362060546875000000000000000000E+00    0.190309154987335205078125000000000000000000E+01
    0.733197033405303955078125000000000000000000E+00    0.181471669673919677734375000000000000000000E+01
    0.748008966445922851562500000000000000000000E+00    0.173036265373229980468750000000000000000000E+01
    0.763119339942932128906250000000000000000000E+00    0.164983642101287841796875000000000000000000E+01
    0.778535783290863037109375000000000000000000E+00    0.157293164730072021484375000000000000000000E+01
    0.794262826442718505859375000000000000000000E+00    0.149948620796203613281250000000000000000000E+01
    0.810308396816253662109375000000000000000000E+00    0.142938530445098876953125000000000000000000E+01
    0.826677322387695312500000000000000000000000E+00    0.136247539520263671875000000000000000000000E+01
    0.843377590179443359375000000000000000000000E+00    0.129861044883728027343750000000000000000000E+01
    0.860414624214172363281250000000000000000000E+00    0.123766171932220458984375000000000000000000E+01
    0.877796530723571777343750000000000000000000E+00    0.117949569225311279296875000000000000000000E+01
    0.895528674125671386718750000000000000000000E+00    0.112395811080932617187500000000000000000000E+01
    0.913619995117187500000000000000000000000000E+00    0.107098650932312011718750000000000000000000E+01
    0.932075977325439453125000000000000000000000E+00    0.102044856548309326171875000000000000000000E+01
    0.950905561447143554687500000000000000000000E+00    0.972236275672912597656250000000000000000000E+00
    0.970114648342132568359375000000000000000000E+00    0.926254808902740478515625000000000000000000E+00
    0.989712655544281005859375000000000000000000E+00    0.882367253303527832031250000000000000000000E+00
    0.100970673561096191406250000000000000000000E+01    0.840493500232696533203125000000000000000000E+00
    0.103010356426239013671875000000000000000000E+01    0.800569951534271240234375000000000000000000E+00
    0.105091357231140136718750000000000000000000E+01    0.762520611286163330078125000000000000000000E+00
    0.107214283943176269531250000000000000000000E+01    0.726209640502929687500000000000000000000000E+00
    0.109380209445953369140625000000000000000000E+01    0.691597640514373779296875000000000000000000E+00
    0.111589777469635009765625000000000000000000E+01    0.658591985702514648437500000000000000000000E+00
    0.113844096660614013671875000000000000000000E+01    0.627127945423126220703125000000000000000000E+00
    0.116143846511840820312500000000000000000000E+01    0.597133338451385498046875000000000000000000E+00
    0.118490147590637207031250000000000000000000E+01    0.568559169769287109375000000000000000000000E+00
    0.120883750915527343750000000000000000000000E+01    0.541300296783447265625000000000000000000000E+00
    0.123325824737548828125000000000000000000000E+01    0.515317559242248535156250000000000000000000E+00
    0.125817120075225830078125000000000000000000E+01    0.490546554327011108398437500000000000000000E+00
    0.128358840942382812500000000000000000000000E+01    0.466941684484481811523437500000000000000000E+00
    0.130951797962188720703125000000000000000000E+01    0.444459497928619384765625000000000000000000E+00
    0.133597266674041748046875000000000000000000E+01    0.423024535179138183593750000000000000000000E+00
    0.136296045780181884765625000000000000000000E+01    0.402604848146438598632812500000000000000000E+00
    0.139049470424652099609375000000000000000000E+01    0.383153080940246582031250000000000000000000E+00
    0.141858386993408203125000000000000000000000E+01    0.364622652530670166015625000000000000000000E+00
    0.144724178314208984375000000000000000000000E+01    0.346969217061996459960937500000000000000000E+00
    0.147647726535797119140625000000000000000000E+01    0.330153048038482666015625000000000000000000E+00
