    0.999999974737875163555145263671875000000000E-04    0.454645111083984375000000000000000000000000E+03
    0.102020130725577473640441894531250000000000E-03    0.463500244140625000000000000000000000000000E+03
    0.104081082099582999944686889648437500000000E-03    0.472527496337890625000000000000000000000000E+03
    0.106183659227099269628524780273437500000000E-03    0.481730163574218750000000000000000000000000E+03
    0.108328706119209527969360351562500000000000E-03    0.491111602783203125000000000000000000000000E+03
    0.110517095890827476978302001953125000000000E-03    0.500675292968750000000000000000000000000000E+03
    0.112749679828993976116180419921875000000000E-03    0.510424774169921875000000000000000000000000E+03
    0.115027374704368412494659423828125000000000E-03    0.520363525390625000000000000000000000000000E+03
    0.117351090011652559041976928710937500000000E-03    0.530495239257812500000000000000000000000000E+03
    0.119721727969590574502944946289062500000000E-03    0.540823608398437500000000000000000000000000E+03
    0.122140278108417987823486328125000000000000E-03    0.551352600097656250000000000000000000000000E+03
    0.124607671750709414482116699218750000000000E-03    0.562085754394531250000000000000000000000000E+03
    0.127124920254573225975036621093750000000000E-03    0.573027282714843750000000000000000000000000E+03
    0.129692998598329722881317138671875000000000E-03    0.584180969238281250000000000000000000000000E+03
    0.132312969071790575981140136718750000000000E-03    0.595550964355468750000000000000000000000000E+03
    0.134985879412852227687835693359375000000000E-03    0.607141357421875000000000000000000000000000E+03
    0.137712777359411120414733886718750000000000E-03    0.618956542968750000000000000000000000000000E+03
    0.140494754305109381675720214843750000000000E-03    0.631000732421875000000000000000000000000000E+03
    0.143332930747419595718383789062500000000000E-03    0.643278259277343750000000000000000000000000E+03
    0.146228456287644803524017333984375000000000E-03    0.655793640136718750000000000000000000000000E+03
    0.149182465975172817707061767578125000000000E-03    0.668551330566406250000000000000000000000000E+03
    0.152196153067052364349365234375000000000000E-03    0.681555969238281250000000000000000000000000E+03
    0.155270710820332169532775878906250000000000E-03    0.694812500000000000000000000000000000000000E+03
    0.158407390699721872806549072265625000000000E-03    0.708325439453125000000000000000000000000000E+03
    0.161607444169931113719940185546875000000000E-03    0.722099792480468750000000000000000000000000E+03
    0.164872122695669531822204589843750000000000E-03    0.736140380859375000000000000000000000000000E+03
    0.168202750501222908496856689453125000000000E-03    0.750452514648437500000000000000000000000000E+03
    0.171600666362792253494262695312500000000000E-03    0.765041198730468750000000000000000000000000E+03
    0.175067238160409033298492431640625000000000E-03    0.779911804199218750000000000000000000000000E+03
    0.178603833774104714393615722656250000000000E-03    0.795069396972656250000000000000000000000000E+03
    0.182211864739656448364257812500000000000000E-03    0.810519653320312500000000000000000000000000E+03
    0.185892800800502300262451171875000000000000E-03    0.826268005371093750000000000000000000000000E+03
    0.189648068044334650039672851562500000000000E-03    0.842320068359375000000000000000000000000000E+03
    0.193479223526082932949066162109375000000000E-03    0.858681518554687500000000000000000000000000E+03
    0.197387780644930899143218994140625000000000E-03    0.875358398437500000000000000000000000000000E+03
    0.201375267351977527141571044921875000000000E-03    0.892356262207031250000000000000000000000000E+03
    0.205443298909813165664672851562500000000000E-03    0.909681579589843750000000000000000000000000E+03
    0.209593548788689076900482177734375000000000E-03    0.927340087890625000000000000000000000000000E+03
    0.213827603147365152835845947265625000000000E-03    0.945338195800781250000000000000000000000000E+03
    0.218147222767584025859832763671875000000000E-03    0.963682189941406250000000000000000000000000E+03
    0.222554081119596958160400390625000000000000E-03    0.982378601074218750000000000000000000000000E+03
    0.227049968088977038860321044921875000000000E-03    0.100143402099609375000000000000000000000000E+04
    0.231636688113212585449218750000000000000000E-03    0.102085473632812500000000000000000000000000E+04
    0.236316060181707143783569335937500000000000E-03    0.104064807128906250000000000000000000000000E+04
    0.241089961491525173187255859375000000000000E-03    0.106082043457031250000000000000000000000000E+04
    0.245960312895476818084716796875000000000000E-03    0.108137902832031250000000000000000000000000E+04
    0.250929006142541766166687011718750000000000E-03    0.110233117675781250000000000000000000000000E+04
    0.255998136708512902259826660156250000000000E-03    0.112368359375000000000000000000000000000000E+04
    0.261169654550030827522277832031250000000000E-03    0.114544396972656250000000000000000000000000E+04
    0.266445596935227513313293457031250000000000E-03    0.116761975097656250000000000000000000000000E+04
    0.271828175755217671394348144531250000000000E-03    0.119021838378906250000000000000000000000000E+04
    0.277319486485794186592102050781250000000000E-03    0.121324768066406250000000000000000000000000E+04
    0.282921682810410857200622558593750000000000E-03    0.123671520996093750000000000000000000000000E+04
    0.288637093035504221916198730468750000000000E-03    0.126062915039062500000000000000000000000000E+04
    0.294467929052188992500305175781250000000000E-03    0.128499731445312500000000000000000000000000E+04
    0.300416606478393077850341796875000000000000E-03    0.130982788085937500000000000000000000000000E+04
    0.306485395412892103195190429687500000000000E-03    0.133512927246093750000000000000000000000000E+04
    0.312676827888935804367065429687500000000000E-03    0.136090991210937500000000000000000000000000E+04
    0.318993290420621633529663085937500000000000E-03    0.138717810058593750000000000000000000000000E+04
    0.325437402352690696716308593750000000000000E-03    0.141394250488281250000000000000000000000000E+04
    0.332011666614562273025512695312500000000000E-03    0.144121191406250000000000000000000000000000E+04
    0.338718760758638381958007812500000000000000E-03    0.146899511718750000000000000000000000000000E+04
    0.345561362337321043014526367187500000000000E-03    0.149730126953125000000000000000000000000000E+04
    0.352542119799181818962097167968750000000000E-03    0.152613928222656250000000000000000000000000E+04
    0.359663943527266383171081542968750000000000E-03    0.155551843261718750000000000000000000000000E+04
    0.366929627489298582077026367187500000000000E-03    0.158544799804687500000000000000000000000000E+04
    0.374342111172154545783996582031250000000000E-03    0.161593762207031250000000000000000000000000E+04
    0.381904304958879947662353515625000000000000E-03    0.164699645996093750000000000000000000000000E+04
    0.389619322959333658218383789062500000000000E-03    0.167863427734375000000000000000000000000000E+04
    0.397490162868052721023559570312500000000000E-03    0.171086096191406250000000000000000000000000E+04
    0.405519997002556920051574707031250000000000E-03    0.174368615722656250000000000000000000000000E+04
    0.413712026784196496009826660156250000000000E-03    0.177711999511718750000000000000000000000000E+04
    0.422069540945813059806823730468750000000000E-03    0.181117236328125000000000000000000000000000E+04
    0.430595915531739592552185058593750000000000E-03    0.184585363769531250000000000000000000000000E+04
    0.439294555690139532089233398437500000000000E-03    0.188117431640625000000000000000000000000000E+04
    0.448168895673006772994995117187500000000000E-03    0.191714392089843750000000000000000000000000E+04
    0.457222486147657036781311035156250000000000E-03    0.195377307128906250000000000000000000000000E+04
    0.466458965092897415161132812500000000000000E-03    0.199107275390625000000000000000000000000000E+04
    0.475882086902856826782226562500000000000000E-03    0.202905322265625000000000000000000000000000E+04
    0.485495518660172820091247558593750000000000E-03    0.206772534179687500000000000000000000000000E+04
    0.495303189381957054138183593750000000000000E-03    0.210709936523437500000000000000000000000000E+04
    0.505309028085321187973022460937500000000000E-03    0.214718627929687500000000000000000000000000E+04
    0.515516963787376880645751953125000000000000E-03    0.218799682617187500000000000000000000000000E+04
    0.525931071024388074874877929687500000000000E-03    0.222954150390625000000000000000000000000000E+04
    0.536555540747940540313720703125000000000000E-03    0.227183227539062500000000000000000000000000E+04
    0.547394680324941873550415039062500000000000E-03    0.231487915039062500000000000000000000000000E+04
    0.558452797122299671173095703125000000000000E-03    0.235869262695312500000000000000000000000000E+04
    0.569734314922243356704711914062500000000000E-03    0.240328442382812500000000000000000000000000E+04
    0.581243715714663267135620117187500000000000E-03    0.244866528320312500000000000000000000000000E+04
    0.592985597904771566390991210937500000000000E-03    0.249484619140625000000000000000000000000000E+04
    0.604964734520763158798217773437500000000000E-03    0.254183789062500000000000000000000000000000E+04
    0.617185782175511121749877929687500000000000E-03    0.258965112304687500000000000000000000000000E+04
    0.629653746727854013442993164062500000000000E-03    0.263829663085937500000000000000000000000000E+04
    0.642373692244291305541992187500000000000000E-03    0.268778540039062500000000000000000000000000E+04
    0.655350449960678815841674804687500000000000E-03    0.273812768554687500000000000000000000000000E+04
    0.668589433189481496810913085937500000000000E-03    0.278933398437500000000000000000000000000000E+04
    0.682095822412520647048950195312500000000000E-03    0.284141528320312500000000000000000000000000E+04
    0.695875030942261219024658203125000000000000E-03    0.289438159179687500000000000000000000000000E+04
    0.709932646714150905609130859375000000000000E-03    0.294824267578125000000000000000000000000000E+04
    0.724274199455976486206054687500000000000000E-03    0.300300903320312500000000000000000000000000E+04
    0.738905626349151134490966796875000000000000E-03    0.305868969726562500000000000000000000000000E+04
    0.753832457121461629867553710937500000000000E-03    0.311529516601562500000000000000000000000000E+04
    0.769060861784964799880981445312500000000000E-03    0.317283325195312500000000000000000000000000E+04
    0.784596893936395645141601562500000000000000E-03    0.323131494140625000000000000000000000000000E+04
    0.800446781795471906661987304687500000000000E-03    0.329074731445312500000000000000000000000000E+04
    0.816616869997233152389526367187500000000000E-03    0.335113916015625000000000000000000000000000E+04
    0.833113677799701690673828125000000000000000E-03    0.341249853515625000000000000000000000000000E+04
    0.849943608045578002929687500000000000000000E-03    0.347483349609375000000000000000000000000000E+04
    0.867113587446510791778564453125000000000000E-03    0.353815039062500000000000000000000000000000E+04
    0.884630659129470586776733398437500000000000E-03    0.360245654296875000000000000000000000000000E+04
    0.902501342352479696273803710937500000000000E-03    0.366775732421875000000000000000000000000000E+04
    0.920733029488474130630493164062500000000000E-03    0.373405981445312500000000000000000000000000E+04
    0.939333112910389900207519531250000000000000E-03    0.380136743164062500000000000000000000000000E+04
    0.958308868575841188430786132812500000000000E-03    0.386968554687500000000000000000000000000000E+04
    0.977667979896068572998046875000000000000000E-03    0.393901806640625000000000000000000000000000E+04
    0.997418188489973545074462890625000000000000E-03    0.400936669921875000000000000000000000000000E+04
    0.101756735239177942276000976562500000000000E-02    0.408073559570312500000000000000000000000000E+04
    0.103812362067401409149169921875000000000000E-02    0.415312402343750000000000000000000000000000E+04
    0.105909502599388360977172851562500000000000E-02    0.422653320312500000000000000000000000000000E+04
    0.108049006666988134384155273437500000000000E-02    0.430096337890625000000000000000000000000000E+04
    0.110231747385114431381225585937500000000000E-02    0.437641210937500000000000000000000000000000E+04
    0.112458574585616588592529296875000000000000E-02    0.445287548828125000000000000000000000000000E+04
    0.114730407949537038803100585937500000000000E-02    0.453035253906250000000000000000000000000000E+04
    0.117048120591789484024047851562500000000000E-02    0.460883398437500000000000000000000000000000E+04
    0.119412643834948539733886718750000000000000E-02    0.468831787109375000000000000000000000000000E+04
    0.121824943926185369491577148437500000000000E-02    0.476879492187500000000000000000000000000000E+04
    0.124285963829606771469116210937500000000000E-02    0.485025488281250000000000000000000000000000E+04
    0.126796704716980457305908203125000000000000E-02    0.493268701171875000000000000000000000000000E+04
    0.129358167760074138641357421875000000000000E-02    0.501608105468750000000000000000000000000000E+04
    0.131971365772187709808349609375000000000000E-02    0.510042187500000000000000000000000000000000E+04
    0.134637358132749795913696289062500000000000E-02    0.518569189453125000000000000000000000000000E+04
    0.137357215862721204757690429687500000000000E-02    0.527187451171875000000000000000000000000000E+04
    0.140132009983062744140625000000000000000000E-02    0.535894921875000000000000000000000000000000E+04
    0.142962858080863952636718750000000000000000E-02    0.544689404296875000000000000000000000000000E+04
    0.145850901026278734207153320312500000000000E-02    0.553568359375000000000000000000000000000000E+04
    0.148797314614057540893554687500000000000000E-02    0.562529248046875000000000000000000000000000E+04
    0.151803228072822093963623046875000000000000E-02    0.571569042968750000000000000000000000000000E+04
    0.154869852121919393539428710937500000000000E-02    0.580684228515625000000000000000000000000000E+04
    0.157998420763760805130004882812500000000000E-02    0.589872070312500000000000000000000000000000E+04
    0.161190202925354242324829101562500000000000E-02    0.599128271484375000000000000000000000000000E+04
    0.164446467533707618713378906250000000000000E-02    0.608448925781250000000000000000000000000000E+04
    0.167768495157361030578613281250000000000000E-02    0.617829492187500000000000000000000000000000E+04
    0.171157636214047670364379882812500000000000E-02    0.627265185546875000000000000000000000000000E+04
    0.174615241121500730514526367187500000000000E-02    0.636751074218750000000000000000000000000000E+04
    0.178142718505114316940307617187500000000000E-02    0.646281542968750000000000000000000000000000E+04
    0.181741418782621622085571289062500000000000E-02    0.655851806640625000000000000000000000000000E+04
    0.185412843711674213409423828125000000000000E-02    0.665453759765625000000000000000000000000000E+04
    0.189158413559198379516601562500000000000000E-02    0.675081396484375000000000000000000000000000E+04
    0.192979711573570966720581054687500000000000E-02    0.684727832031250000000000000000000000000000E+04
    0.196878169663250446319580078125000000000000E-02    0.694385449218750000000000000000000000000000E+04
    0.200855359435081481933593750000000000000000E-02    0.704046142578125000000000000000000000000000E+04
    0.204912899062037467956542968750000000000000E-02    0.713701269531250000000000000000000000000000E+04
    0.209052418358623981475830078125000000000000E-02    0.723341943359375000000000000000000000000000E+04
    0.213275570422410964965820312500000000000000E-02    0.732958593750000000000000000000000000000000E+04
    0.217583985067903995513916015625000000000000E-02    0.742540722656250000000000000000000000000000E+04
    0.221979478374123573303222656250000000000000E-02    0.752077783203125000000000000000000000000000E+04
    0.226463773287832736968994140625000000000000E-02    0.761558349609375000000000000000000000000000E+04
    0.231038639321923255920410156250000000000000E-02    0.770970556640625000000000000000000000000000E+04
    0.235705915838479995727539062500000000000000E-02    0.780301611328125000000000000000000000000000E+04
    0.240467488765716552734375000000000000000000E-02    0.789538378906250000000000000000000000000000E+04
    0.245325244031846523284912109375000000000000E-02    0.798666601562500000000000000000000000000000E+04
    0.250281183980405330657958984375000000000000E-02    0.807671679687500000000000000000000000000000E+04
    0.255337217822670936584472656250000000000000E-02    0.816538134765625000000000000000000000000000E+04
    0.260495371185243129730224609375000000000000E-02    0.825250000000000000000000000000000000000000E+04
    0.265757716260850429534912109375000000000000E-02    0.833789843750000000000000000000000000000000E+04
    0.271126371808350086212158203125000000000000E-02    0.842140039062500000000000000000000000000000E+04
    0.276603479869663715362548828125000000000000E-02    0.850282128906250000000000000000000000000000E+04
    0.282191229052841663360595703125000000000000E-02    0.858196582031250000000000000000000000000000E+04
    0.287891877815127372741699218750000000000000E-02    0.865862792968750000000000000000000000000000E+04
    0.293707661330699920654296875000000000000000E-02    0.873260156250000000000000000000000000000000E+04
    0.299640954472124576568603515625000000000000E-02    0.880364941406250000000000000000000000000000E+04
    0.305694085545837879180908203125000000000000E-02    0.887156640625000000000000000000000000000000E+04
    0.311869522556662559509277343750000000000000E-02    0.893610351562500000000000000000000000000000E+04
    0.318169780075550079345703125000000000000000E-02    0.899701464843750000000000000000000000000000E+04
    0.324597232975065708160400390625000000000000E-02    0.905404589843750000000000000000000000000000E+04
    0.331154512241482734680175781250000000000000E-02    0.910693066406250000000000000000000000000000E+04
    0.337844272144138813018798828125000000000000E-02    0.915539453125000000000000000000000000000000E+04
    0.344669190235435962677001953125000000000000E-02    0.919916113281250000000000000000000000000000E+04
    0.351631967350840568542480468750000000000000E-02    0.923793945312500000000000000000000000000000E+04
    0.358735374175012111663818359375000000000000E-02    0.927143359375000000000000000000000000000000E+04
    0.365982321090996265411376953125000000000000E-02    0.929933691406250000000000000000000000000000E+04
    0.373375625349581241607666015625000000000000E-02    0.932139160156250000000000000000000000000000E+04
    0.380918313749134540557861328125000000000000E-02    0.933718945312500000000000000000000000000000E+04
    0.388613343238830566406250000000000000000000E-02    0.934645605468750000000000000000000000000000E+04
    0.396463880315423011779785156250000000000000E-02    0.934886621093750000000000000000000000000000E+04
    0.404472928494215011596679687500000000000000E-02    0.934409375000000000000000000000000000000000E+04
    0.412643933668732643127441406250000000000000E-02    0.933181152343750000000000000000000000000000E+04
    0.420979922637343406677246093750000000000000E-02    0.931169042968750000000000000000000000000000E+04
    0.429484248161315917968750000000000000000000E-02    0.928340722656250000000000000000000000000000E+04
    0.438160402700304985046386718750000000000000E-02    0.924664062500000000000000000000000000000000E+04
    0.447011832147836685180664062500000000000000E-02    0.920107617187500000000000000000000000000000E+04
    0.456042028963565826416015625000000000000000E-02    0.914640722656250000000000000000000000000000E+04
    0.465254718437790870666503906250000000000000E-02    0.908233886718750000000000000000000000000000E+04
    0.474653439596295356750488281250000000000000E-02    0.900852343750000000000000000000000000000000E+04
    0.484242103993892669677734375000000000000000E-02    0.892704394531250000000000000000000000000000E+04
    0.494024436920881271362304687500000000000000E-02    0.883325488281250000000000000000000000000000E+04
    0.504004349932074546813964843750000000000000E-02    0.872910351562500000000000000000000000000000E+04
    0.514185894280672073364257812500000000000000E-02    0.861438574218750000000000000000000000000000E+04
    0.524573167786002159118652343750000000000000E-02    0.848895214843750000000000000000000000000000E+04
    0.535170361399650573730468750000000000000000E-02    0.835269433593750000000000000000000000000000E+04
    0.545981479808688163757324218750000000000000E-02    0.820554687500000000000000000000000000000000E+04
    0.557011039927601814270019531250000000000000E-02    0.804750292968750000000000000000000000000000E+04
    0.568263372406363487243652343750000000000000E-02    0.787858740234375000000000000000000000000000E+04
    0.579743087291717529296875000000000000000000E-02    0.769893115234375000000000000000000000000000E+04
    0.591454654932022094726562500000000000000000E-02    0.750869335937500000000000000000000000000000E+04
    0.603402825072407722473144531250000000000000E-02    0.730812255859375000000000000000000000000000E+04
    0.615592347458004951477050781250000000000000E-02    0.709744433593750000000000000000000000000000E+04
    0.628028111532330513000488281250000000000000E-02    0.687723095703125000000000000000000000000000E+04
    0.640715099871158599853515625000000000000000E-02    0.664790722656250000000000000000000000000000E+04
    0.653658434748649597167968750000000000000000E-02    0.641005468750000000000000000000000000000000E+04
    0.666863145306706428527832031250000000000000E-02    0.616434570312500000000000000000000000000000E+04
    0.680334679782390594482421875000000000000000E-02    0.591155419921875000000000000000000000000000E+04
    0.694078346714377403259277343750000000000000E-02    0.565253857421875000000000000000000000000000E+04
    0.708099640905857086181640625000000000000000E-02    0.538825292968750000000000000000000000000000E+04
    0.722404150292277336120605468750000000000000E-02    0.511974023437500000000000000000000000000000E+04
    0.736997742205858230590820312500000000000000E-02    0.484812109375000000000000000000000000000000E+04
    0.751886051148176193237304687500000000000000E-02    0.457458935546875000000000000000000000000000E+04
    0.767075084149837493896484375000000000000000E-02    0.430041796875000000000000000000000000000000E+04
    0.782571360468864440917968750000000000000000E-02    0.402694213867187500000000000000000000000000E+04
    0.798380374908447265625000000000000000000000E-02    0.375544970703125000000000000000000000000000E+04
    0.814508739858865737915039062500000000000000E-02    0.348733911132812500000000000000000000000000E+04
    0.830962881445884704589843750000000000000000E-02    0.322398022460937500000000000000000000000000E+04
    0.847749505192041397094726562500000000000000E-02    0.296672436523437500000000000000000000000000E+04
    0.864875130355358123779296875000000000000000E-02    0.271688208007812500000000000000000000000000E+04
    0.882346741855144500732421875000000000000000E-02    0.247569311523437500000000000000000000000000E+04
    0.900171231478452682495117187500000000000000E-02    0.224432348632812500000000000000000000000000E+04
    0.918355956673622131347656250000000000000000E-02    0.202380273437500000000000000000000000000000E+04
    0.936907902359962463378906250000000000000000E-02    0.181504956054687500000000000000000000000000E+04
    0.955834705382585525512695312500000000000000E-02    0.161882226562500000000000000000000000000000E+04
    0.975143909454345703125000000000000000000000E-02    0.143570678710937500000000000000000000000000E+04
    0.994843058288097381591796875000000000000000E-02    0.126611010742187500000000000000000000000000E+04
    0.101494016125798225402832031250000000000000E-01    0.111024841308593750000000000000000000000000E+04
    0.103544332087039947509765625000000000000000E-01    0.968144531250000000000000000000000000000000E+03
    0.105636063963174819946289062500000000000000E-01    0.839640136718750000000000000000000000000000E+03
    0.107770059257745742797851562500000000000000E-01    0.724393432617187500000000000000000000000000E+03
    0.109947146847844123840332031250000000000000E-01    0.621902221679687500000000000000000000000000E+03
    0.112168220803141593933105468750000000000000E-01    0.531522644042968750000000000000000000000000E+03
    0.114434175193309783935546875000000000000000E-01    0.452494323730468750000000000000000000000000E+03
    0.116745894774794578552246093750000000000000E-01    0.383966491699218750000000000000000000000000E+03
    0.119104310870170593261718750000000000000000E-01    0.325025939941406250000000000000000000000000E+03
    0.121510382741689682006835937500000000000000E-01    0.274727905273437500000000000000000000000000E+03
    0.123965051025152206420898437500000000000000E-01    0.232120635986328125000000000000000000000000E+03
    0.126469302922487258911132812500000000000000E-01    0.196271301269531250000000000000000000000000E+03
    0.129024153575301170349121093750000000000000E-01    0.166286193847656250000000000000000000000000E+03
    0.131630674004554748535156250000000000000000E-01    0.141327438354492187500000000000000000000000E+03
    0.134289795532822608947753906250000000000000E-01    0.120624320983886718750000000000000000000000E+03
    0.137002617120742797851562500000000000000000E-01    0.103480018615722656250000000000000000000000E+03
    0.139770256355404853820800781250000000000000E-01    0.892744216918945312500000000000000000000000E+02
    0.142593793570995330810546875000000000000000E-01    0.774634857177734375000000000000000000000000E+02
    0.145474374294281005859375000000000000000000E-01    0.675757217407226562500000000000000000000000E+02
    0.148413162678480148315429687500000000000000E-01    0.592082633972167968750000000000000000000000E+02
    0.151411294937133789062500000000000000000000E-01    0.520220260620117187500000000000000000000000E+02
    0.154470009729266166687011718750000000000000E-01    0.457380104064941406250000000000000000000000E+02
    0.157590489834547042846679687500000000000000E-01    0.401342620849609375000000000000000000000000E+02
    0.160774048417806625366210937500000000000000E-01    0.350436515808105468750000000000000000000000E+02
    0.164021886885166168212890625000000000000000E-01    0.303514289855957031250000000000000000000000E+02
    0.167335346341133117675781250000000000000000E-01    0.259915733337402343750000000000000000000000E+02
    0.170715730637311935424804687500000000000000E-01    0.219405231475830078125000000000000000000000E+02
    0.174164418131113052368164062500000000000000E-01    0.182077865600585937500000000000000000000000E+02
    0.177682787179946899414062500000000000000000E-01    0.148230762481689453125000000000000000000000E+02
    0.181272197514772415161132812500000000000000E-01    0.118219108581542968750000000000000000000000E+02
    0.184934139251708984375000000000000000000000E-01    0.923146533966064453125000000000000000000000E+01
    0.188670046627521514892578125000000000000000E-01    0.706006193161010742187500000000000000000000E+01
    0.192481447011232376098632812500000000000000E-01    0.529205226898193359375000000000000000000000E+01
    0.196369830518960952758789062500000000000000E-01    0.388942170143127441406250000000000000000000E+01
    0.200336743146181106567382812500000000000000E-01    0.279859924316406250000000000000000000000000E+01
    0.204383805394172668457031250000000000000000E-01    0.196018648147583007812500000000000000000000E+01
    0.208512637764215469360351562500000000000000E-01    0.131865108013153076171875000000000000000000E+01
    0.212724860757589340209960937500000000000000E-01    0.829699099063873291015625000000000000000000E+00
    0.217022281140089035034179687500000000000000E-01    0.463878452777862548828125000000000000000000E+00
    0.221406426280736923217773437500000000000000E-01    0.205580234527587890625000000000000000000000E+00
    0.225879121571779251098632812500000000000000E-01    0.486070401966571807861328125000000000000000E-01
    0.230442192405462265014648437500000000000000E-01    0.401325632992666214704513549804687500000000E-05
    0.235097426921129226684570312500000000000000E-01    0.460226722061634063720703125000000000000000E-01
    0.239846706390380859375000000000000000000000E-01    0.163762256503105163574218750000000000000000E+00
    0.244691912084817886352539062500000000000000E-01    0.344015598297119140625000000000000000000000E+00
    0.249635018408298492431640625000000000000000E-01    0.565556883811950683593750000000000000000000E+00
    0.254677981138229370117187500000000000000000E-01    0.813259720802307128906250000000000000000000E+00
    0.259822811931371688842773437500000000000000E-01    0.107869708538055419921875000000000000000000E+01
    0.265071578323841094970703125000000000000000E-01    0.135821747779846191406250000000000000000000E+01
    0.270426385104656219482421875000000000000000E-01    0.164755249023437500000000000000000000000000E+01
    0.275889337062835693359375000000000000000000E-01    0.193604695796966552734375000000000000000000E+01
    0.281462669372558593750000000000000000000000E-01    0.220982098579406738281250000000000000000000E+01
    0.287148579955101013183593750000000000000000E-01    0.245354509353637695312500000000000000000000E+01
    0.292949359863996505737304687500000000000000E-01    0.265924096107482910156250000000000000000000E+01
    0.298867337405681610107421875000000000000000E-01    0.282358503341674804687500000000000000000000E+01
    0.304904840886592864990234375000000000000000E-01    0.294593620300292968750000000000000000000000E+01
    0.311064328998327255249023437500000000000000E-01    0.302585864067077636718750000000000000000000E+01
    0.317348241806030273437500000000000000000000E-01    0.305900192260742187500000000000000000000000E+01
    0.323759093880653381347656250000000000000000E-01    0.303941845893859863281250000000000000000000E+01
    0.330299474298954010009765625000000000000000E-01    0.296467494964599609375000000000000000000000E+01
    0.336971953511238098144531250000000000000000E-01    0.283907556533813476562500000000000000000000E+01
    0.343779213726520538330078125000000000000000E-01    0.267968559265136718750000000000000000000000E+01
    0.350724011659622192382812500000000000000000E-01    0.217386126518249511718750000000000000000000E+01
    0.357809104025363922119140625000000000000000E-01    0.195847642421722412109375000000000000000000E+01
    0.365037508308887481689453125000000000000000E-01    0.171526837348937988281250000000000000000000E+01
    0.372411720454692840576171875000000000000000E-01    0.145656096935272216796875000000000000000000E+01
    0.379934944212436676025390625000000000000000E-01    0.119436001777648925781250000000000000000000E+01
    0.387610122561454772949218750000000000000000E-01    0.941178500652313232421875000000000000000000E+00
    0.395440347492694854736328125000000000000000E-01    0.701484441757202148437500000000000000000000E+00
    0.403428785502910614013671875000000000000000E-01    0.486265838146209716796875000000000000000000E+00
    0.411578565835952758789062500000000000000000E-01    0.304413527250289916992187500000000000000000E+00
    0.419893004000186920166015625000000000000000E-01    0.162543311715126037597656250000000000000000E+00
    0.428375415503978729248046875000000000000000E-01    0.642495751380920410156250000000000000000000E-01
    0.437029153108596801757812500000000000000000E-01    0.110335415229201316833496093750000000000000E-01
    0.445857718586921691894531250000000000000000E-01    0.789417244959622621536254882812500000000000E-04
    0.454864650964736938476562500000000000000000E-01    0.166628528386354446411132812500000000000000E-01
    0.464053489267826080322265625000000000000000E-01    0.687766149640083312988281250000000000000000E-01
    0.473427996039390563964843750000000000000000E-01    0.150401741266250610351562500000000000000000E+00
    0.482991859316825866699218750000000000000000E-01    0.252362906932830810546875000000000000000000E+00
    0.492748916149139404296875000000000000000000E-01    0.365075141191482543945312500000000000000000E+00
    0.502703115344047546386718750000000000000000E-01    0.478316307067871093750000000000000000000000E+00
    0.512858368456363677978515625000000000000000E-01    0.581229567527770996093750000000000000000000E+00
    0.523218810558319091796875000000000000000000E-01    0.665738701820373535156250000000000000000000E+00
    0.533788502216339111328125000000000000000000E-01    0.722686648368835449218750000000000000000000E+00
    0.544571764767169952392578125000000000000000E-01    0.801446974277496337890625000000000000000000E+00
    0.555572807788848876953125000000000000000000E-01    0.789934039115905761718750000000000000000000E+00
    0.566796138882637023925781250000000000000000E-01    0.739384233951568603515625000000000000000000E+00
    0.578246153891086578369140625000000000000000E-01    0.656882822513580322265625000000000000000000E+00
    0.589927472174167633056640625000000000000000E-01    0.549723386764526367187500000000000000000000E+00
    0.601844787597656250000000000000000000000000E-01    0.428041309118270874023437500000000000000000E+00
    0.614003166556358337402343750000000000000000E-01    0.303783059120178222656250000000000000000000E+00
    0.626406818628311157226562500000000000000000E-01    0.189219430088996887207031250000000000000000E+00
    0.639061108231544494628906250000000000000000E-01    0.961100459098815917968750000000000000000000E-01
    0.651970952749252319335937500000000000000000E-01    0.231431368738412857055664062500000000000000E-01
    0.665141642093658447265625000000000000000000E-01    0.346037355484440922737121582031250000000000E-03
    0.678578317165374755859375000000000000000000E-01    0.111629534512758255004882812500000000000000E-01
    0.692286565899848937988281250000000000000000E-01    0.507787130773067474365234375000000000000000E-01
    0.706271678209304809570312500000000000000000E-01    0.110542900860309600830078125000000000000000E+00
    0.720539242029190063476562500000000000000000E-01    0.178911000490188598632812500000000000000000E+00
    0.735095068812370300292968750000000000000000E-01    0.243572965264320373535156250000000000000000E+00
    0.749944970011711120605468750000000000000000E-01    0.283292502164840698242187500000000000000000E+00
    0.765094906091690063476562500000000000000000E-01    0.308213561773300170898437500000000000000000E+00
    0.780550837516784667968750000000000000000000E-01    0.305307358503341674804687500000000000000000E+00
    0.796318948268890380859375000000000000000000E-01    0.275580853223800659179687500000000000000000E+00
    0.812405645847320556640625000000000000000000E-01    0.224719688296318054199218750000000000000000E+00
    0.828817337751388549804687500000000000000000E-01    0.162033841013908386230468750000000000000000E+00
    0.845560505986213684082031250000000000000000E-01    0.986818969249725341796875000000000000000000E-01
    0.862641930580139160156250000000000000000000E-01    0.454976335167884826660156250000000000000000E-01
    0.880068466067314147949218750000000000000000E-01    0.108873676508665084838867187500000000000000E-01
    0.897847041487693786621093750000000000000000E-01    0.373275106539949774742126464843750000000000E-04
    0.915984734892845153808593750000000000000000E-01    0.117298113182187080383300781250000000000000E-01
    0.934488773345947265625000000000000000000000E-01    0.391360521316528320312500000000000000000000E-01
    0.953366756439208984375000000000000000000000E-01    0.742576345801353454589843750000000000000000E-01
    0.972625985741615295410156250000000000000000E-01    0.106243245303630828857421875000000000000000E+00
    0.992274358868598937988281250000000000000000E-01    0.125774323940277099609375000000000000000000E+00
    0.101232007145881652832031250000000000000000E+00    0.127448379993438720703125000000000000000000E+00
    0.103277020156383514404296875000000000000000E+00    0.111141979694366455078125000000000000000000E+00
    0.105363354086875915527343750000000000000000E+00    0.818869620561599731445312500000000000000000E-01
    0.107491828501224517822265625000000000000000E+00    0.482489690184593200683593750000000000000000E-01
    0.109663315117359161376953125000000000000000E+00    0.196456424891948699951171875000000000000000E-01
    0.111878655850887298583984375000000000000000E+00    0.317054567858576774597167968750000000000000E-02
    0.114138752222061157226562500000000000000000E+00    0.964265142101794481277465820312500000000000E-03
    0.116444505751132965087890625000000000000000E+00    0.119406646117568016052246093750000000000000E-01
    0.118796832859516143798828125000000000000000E+00    0.294585209339857101440429687500000000000000E-01
    0.121196687221527099609375000000000000000000E+00    0.453449375927448272705078125000000000000000E-01
    0.123645029962062835693359375000000000000000E+00    0.528181046247482299804687500000000000000000E-01
    0.126142814755439758300781250000000000000000E+00    0.489030741155147552490234375000000000000000E-01
    0.128691077232360839843750000000000000000000E+00    0.356424376368522644042968750000000000000000E-01
    0.131290808320045471191406250000000000000000E+00    0.189329404383897781372070312500000000000000E-01
    0.133943051099777221679687500000000000000000E+00    0.546534499153494834899902343750000000000000E-02
    0.136648878455162048339843750000000000000000E+00    0.480364687973633408546447753906250000000000E-04
    0.139409363269805908203125000000000000000000E+00    0.277518131770193576812744140625000000000000E-02
    0.142225623130798339843750000000000000000000E+00    0.102677065879106521606445312500000000000000E-01
    0.145098760724067687988281250000000000000000E+00    0.175540391355752944946289062500000000000000E-01
    0.148029953241348266601562500000000000000000E+00    0.204097777605056762695312500000000000000000E-01
    0.151020348072052001953125000000000000000000E+00    0.173981487751007080078125000000000000000000E-01
    0.154071167111396789550781250000000000000000E+00    0.104450462386012077331542968750000000000000E-01
    0.157183602452278137207031250000000000000000E+00    0.349962199106812477111816406250000000000000E-02
    0.160358920693397521972656250000000000000000E+00    0.109718399471603333950042724609375000000000E-03
    0.163598373532295227050781250000000000000000E+00    0.106895726639777421951293945312500000000000E-02
    0.166903272271156311035156250000000000000000E+00    0.451103271916508674621582031250000000000000E-02
    0.170275032520294189453125000000000000000000E+00    0.733734341338276863098144531250000000000000E-02
    0.173714801669120788574218750000000000000000E+00    0.742829591035842895507812500000000000000000E-02
    0.177224084734916687011718750000000000000000E+00    0.488682650029659271240234375000000000000000E-02
    0.180804237723350524902343750000000000000000E+00    0.169710686895996332168579101562500000000000E-02
    0.184456720948219299316406250000000000000000E+00    0.497611399623565375804901123046875000000000E-04
    0.188182994723320007324218750000000000000000E+00    0.519901281222701072692871093750000000000000E-03
    0.191984534263610839843750000000000000000000E+00    0.199268059805035591125488281250000000000000E-02
    0.195862874388694763183593750000000000000000E+00    0.282899290323257446289062500000000000000000E-02
    0.199819564819335937500000000000000000000000E+00    0.231503392569720745086669921875000000000000E-02
    0.203856185078620910644531250000000000000000E+00    0.102504575625061988830566406250000000000000E-02
    0.207974359393119812011718750000000000000000E+00    0.100138364359736442565917968750000000000000E-03
    0.212175697088241577148437500000000000000000E+00    0.124325582874007523059844970703125000000000E-03
    0.216461926698684692382812500000000000000000E+00    0.725891150068491697311401367187500000000000E-03
    0.220834761857986450195312500000000000000000E+00    0.103448517620563507080078125000000000000000E-02
    0.225295916199684143066406250000000000000000E+00    0.724136247299611568450927734375000000000000E-03
    0.229847192764282226562500000000000000000000E+00    0.200132082682102918624877929687500000000000E-03
    0.234490394592285156250000000000000000000000E+00    0.203179615709814243018627166748046875000000E-05
    0.239227414131164550781250000000000000000000E+00    0.183423864655196666717529296875000000000000E-03
    0.244060128927230834960937500000000000000000E+00    0.361991260433569550514221191406250000000000E-03
    0.248990446329116821289062500000000000000000E+00    0.291620788630098104476928710937500000000000E-03
    0.254020392894744873046875000000000000000000E+00    0.867782655404880642890930175781250000000000E-04
    0.259151935577392578125000000000000000000000E+00    0.546310388926940504461526870727539062500000E-06
    0.264387160539627075195312500000000000000000E+00    0.725980571587570011615753173828125000000000E-04
    0.269728124141693115234375000000000000000000E+00    0.130204512970522046089172363281250000000000E-03
    0.275177001953125000000000000000000000000000E+00    0.820496788946911692619323730468750000000000E-04
    0.280736058950424194335937500000000000000000E+00    0.124461448649526573717594146728515625000000E-04
    0.286407291889190673828125000000000000000000E+00    0.623207961325533688068389892578125000000000E-05
    0.292193114757537841796875000000000000000000E+00    0.393249247281346470117568969726562500000000E-04
    0.298095792531967163085937500000000000000000E+00    0.369364279322326183319091796875000000000000E-04
    0.304117560386657714843750000000000000000000E+00    0.895897665031952783465385437011718750000000E-05
    0.310261309146881103515625000000000000000000E+00    0.112043403532879892736673355102539062500000E-05
    0.316528826951980590820312500000000000000000E+00    0.126623663163627497851848602294921875000000E-04
    0.322923272848129272460937500000000000000000E+00    0.125336373457685112953186035156250000000000E-04
    0.329446613788604736328125000000000000000000E+00    0.257071883424941916018724441528320312500000E-05
    0.336102008819580078125000000000000000000000E+00    0.719832200957171153277158737182617187500000E-06
    0.342891573905944824218750000000000000000000E+00    0.468940879727597348392009735107421875000000E-05
    0.349818587303161621093750000000000000000000E+00    0.321282254844845738261938095092773437500000E-05
    0.356885224580764770507812500000000000000000E+00    0.124704428117183852009475231170654296875000E-06
    0.364094972610473632812500000000000000000000E+00    0.786725138368637999519705772399902343750000E-06
    0.371450334787368774414062500000000000000000E+00    0.147430944252846529707312583923339843750000E-05
    0.378953933715820312500000000000000000000000E+00    0.351865026004816172644495964050292968750000E-06
    0.386609494686126708984375000000000000000000E+00    0.954560519517144712153822183609008789062500E-07
    0.394419312477111816406250000000000000000000E+00    0.526869655459449859336018562316894531250000E-06
    0.402387291193008422851562500000000000000000E+00    0.221762135765857237856835126876831054687500E-06
    0.410515844821929931640625000000000000000000E+00    0.689266910214314520999323576688766479492188E-08
    0.418809026479721069335937500000000000000000E+00    0.139493096185105969198048114776611328125000E-06
    0.427269339561462402343750000000000000000000E+00    0.613037585139863949734717607498168945312500E-07
    0.435900926589965820312500000000000000000000E+00    0.552158851974127173889428377151489257812500E-08
    0.444706469774246215820312500000000000000000E+00    0.524686036840193992247804999351501464843750E-07
    0.453690379858016967773437500000000000000000E+00    0.197267606694140340550802648067474365234375E-07
    0.462855309247970581054687500000000000000000E+00    0.204289651861699894652701914310455322265625E-08
    0.472205787897109985351562500000000000000000E+00    0.105805950667559045541565865278244018554688E-07
    0.481744766235351562500000000000000000000000E+00    0.435243924234995915867330040782690048217773E-09
    0.491476893424987792968750000000000000000000E+00    0.379201692268793522089254111051559448242188E-08
    0.501405119895935058593750000000000000000000E+00    0.395387678153724664298351854085922241210938E-08
    0.511534392833709716796875000000000000000000E+00    0.226003365327853700250670954119414091110229E-10
    0.521867811679840087890625000000000000000000E+00    0.475303074676247661045636050403118133544922E-09
    0.532410502433776855468750000000000000000000E+00    0.714893335501676219223554653581231832504272E-11
    0.543165624141693115234375000000000000000000E+00    0.893780938149291159788845106959342956542969E-09
    0.554138541221618652343750000000000000000000E+00    0.784614317961285223645973019301891326904297E-09
    0.565332591533660888671875000000000000000000E+00    0.911603223463508527402154868468642234802246E-10
    0.576753377914428710937500000000000000000000E+00    0.233087316808822109237553377170115709304810E-10
    0.588404297828674316406250000000000000000000E+00    0.150208678828533948035328648984432220458984E-09
    0.600291073322296142578125000000000000000000E+00    0.253230991731356880336534231901168823242188E-09
    0.612418055534362792968750000000000000000000E+00    0.123846141675265641879377653822302818298340E-09
    0.624789416790008544921875000000000000000000E+00    0.648248191237321691460238071158528327941895E-10
    0.637411296367645263671875000000000000000000E+00    0.814362396961421097785205347463488578796387E-10
    0.650287508964538574218750000000000000000000E+00    0.859020285459699550756340613588690757751465E-10
    0.663424491882324218750000000000000000000000E+00    0.494059272659885806433521793223917484283447E-10
    0.676826238632202148437500000000000000000000E+00    0.353328408198017029917537001892924308776855E-10
    0.690499365329742431640625000000000000000000E+00    0.431627025787584273075481178238987922668457E-10
    0.704448044300079345703125000000000000000000E+00    0.455920960706901468029172974638640880584717E-10
    0.718679130077362060546875000000000000000000E+00    0.369861918869673900189809501171112060546875E-10
    0.733197033405303955078125000000000000000000E+00    0.392462728981968211883213371038436889648438E-10
    0.748008966445922851562500000000000000000000E+00    0.499278257626301069649343844503164291381836E-10
    0.763119339942932128906250000000000000000000E+00    0.506517605636247481015743687748908996582031E-10
    0.778535783290863037109375000000000000000000E+00    0.477647713048590105699986452236771583557129E-10
    0.794262826442718505859375000000000000000000E+00    0.495638530217945572076132521033287048339844E-10
    0.810308396816253662109375000000000000000000E+00    0.455991980286007958511618198826909065246582E-10
    0.826677322387695312500000000000000000000000E+00    0.419460091660717182548978598788380622863770E-10
    0.843377590179443359375000000000000000000000E+00    0.425507233614563773471672902815043926239014E-10
    0.860414624214172363281250000000000000000000E+00    0.294282653801047899833065457642078399658203E-10
    0.877796530723571777343750000000000000000000E+00    0.259465209734299762089904106687754392623901E-10
    0.895528674125671386718750000000000000000000E+00    0.210177222847995892607286805287003517150879E-10
    0.913619995117187500000000000000000000000000E+00    0.167502487574688885274554195348173379898071E-10
    0.932075977325439453125000000000000000000000E+00    0.126778327419474479142991185653954744338989E-10
    0.950905561447143554687500000000000000000000E+00    0.128221946948947618238889845088124275207520E-10
    0.970114648342132568359375000000000000000000E+00    0.105048175019772926930272660683840513229370E-10
    0.989712655544281005859375000000000000000000E+00    0.129200790691119671294018189655616879463196E-10
    0.100970673561096191406250000000000000000000E+01    0.132816960554671403826887399191036820411682E-10
    0.103010356426239013671875000000000000000000E+01    0.146912291359990732075857522431761026382446E-10
    0.105091357231140136718750000000000000000000E+01    0.181816298128190112493030028417706489562988E-10
    0.107214283943176269531250000000000000000000E+01    0.192068895510377757318565272726118564605713E-10
    0.109380209445953369140625000000000000000000E+01    0.170946087146850445037671306636184453964233E-10
    0.111589777469635009765625000000000000000000E+01    0.141653121524254466123693418921902775764465E-10
    0.113844096660614013671875000000000000000000E+01    0.115952750873171694934171682689338922500610E-10
    0.116143846511840820312500000000000000000000E+01    0.861789979655913640499420580454170703887939E-11
    0.118490147590637207031250000000000000000000E+01    0.614058109915660566002770792692899703979492E-11
    0.120883750915527343750000000000000000000000E+01    0.469459323845788922824340261286124587059021E-11
    0.123325824737548828125000000000000000000000E+01    0.390208134901093295354712608968839049339294E-11
    0.125817120075225830078125000000000000000000E+01    0.398475133098208367243842076277360320091248E-11
    0.128358840942382812500000000000000000000000E+01    0.462009553878206524757388251600787043571472E-11
    0.130951797962188720703125000000000000000000E+01    0.561162965054262663500139751704409718513489E-11
    0.133597266674041748046875000000000000000000E+01    0.690004997583315571318962611258029937744141E-11
    0.136296045780181884765625000000000000000000E+01    0.760783276654297679897354100830852985382080E-11
    0.139049470424652099609375000000000000000000E+01    0.654327720478464769371385045815259218215942E-11
    0.141858386993408203125000000000000000000000E+01    0.534317815686913277772873698268085718154907E-11
    0.144724178314208984375000000000000000000000E+01    0.462054656688581921741842961637303233146667E-11
    0.147647726535797119140625000000000000000000E+01    0.273268061824760710720738643431104719638824E-11
