  0.104736E-04  0.198801E+08  0.198801E+08  0.264929E+08  0.264926E+08  0.198825E+08  0.198799E+08  0.526600E+00  0.198801E+08
  0.115646E-04  0.198801E+08  0.198801E+08  0.264899E+08  0.264895E+08  0.198825E+08  0.198799E+08  0.526600E+00  0.198801E+08
  0.127693E-04  0.198801E+08  0.198801E+08  0.264862E+08  0.264857E+08  0.198825E+08  0.198799E+08  0.526600E+00  0.198801E+08
  0.140994E-04  0.198801E+08  0.198801E+08  0.264817E+08  0.264810E+08  0.198825E+08  0.198799E+08  0.526600E+00  0.198801E+08
  0.155681E-04  0.198800E+08  0.198800E+08  0.264762E+08  0.264754E+08  0.198824E+08  0.198799E+08  0.526600E+00  0.198801E+08
  0.171898E-04  0.198800E+08  0.198800E+08  0.264695E+08  0.264685E+08  0.198824E+08  0.198799E+08  0.526600E+00  0.198801E+08
  0.189804E-04  0.198800E+08  0.198800E+08  0.264613E+08  0.264601E+08  0.198824E+08  0.198799E+08  0.526600E+00  0.198801E+08
  0.209575E-04  0.198800E+08  0.198800E+08  0.264514E+08  0.264499E+08  0.198823E+08  0.198798E+08  0.526600E+00  0.198801E+08
  0.231406E-04  0.198800E+08  0.198800E+08  0.264392E+08  0.264374E+08  0.198823E+08  0.198798E+08  0.526599E+00  0.198800E+08
  0.255511E-04  0.198799E+08  0.198799E+08  0.264244E+08  0.264222E+08  0.198822E+08  0.198798E+08  0.526599E+00  0.198800E+08
  0.282126E-04  0.198799E+08  0.198799E+08  0.264064E+08  0.264037E+08  0.198821E+08  0.198798E+08  0.526599E+00  0.198800E+08
  0.311514E-04  0.198799E+08  0.198799E+08  0.263845E+08  0.263812E+08  0.198820E+08  0.198797E+08  0.526599E+00  0.198799E+08
  0.343964E-04  0.198798E+08  0.198798E+08  0.263577E+08  0.263537E+08  0.198819E+08  0.198797E+08  0.526599E+00  0.198799E+08
  0.379793E-04  0.198798E+08  0.198798E+08  0.263252E+08  0.263203E+08  0.198817E+08  0.198796E+08  0.526598E+00  0.198798E+08
  0.419355E-04  0.198797E+08  0.198797E+08  0.262855E+08  0.262796E+08  0.198815E+08  0.198795E+08  0.526598E+00  0.198797E+08
  0.463038E-04  0.198796E+08  0.198796E+08  0.262372E+08  0.262300E+08  0.198813E+08  0.198794E+08  0.526597E+00  0.198796E+08
  0.511271E-04  0.198795E+08  0.198795E+08  0.261785E+08  0.261697E+08  0.198810E+08  0.198793E+08  0.526597E+00  0.198795E+08
  0.564528E-04  0.198794E+08  0.198793E+08  0.261070E+08  0.260964E+08  0.198806E+08  0.198792E+08  0.526596E+00  0.198794E+08
  0.623333E-04  0.198792E+08  0.198792E+08  0.260201E+08  0.260072E+08  0.198802E+08  0.198790E+08  0.526596E+00  0.198792E+08
  0.688263E-04  0.198790E+08  0.198790E+08  0.259146E+08  0.258988E+08  0.198796E+08  0.198788E+08  0.526595E+00  0.198790E+08
  0.759957E-04  0.198788E+08  0.198787E+08  0.257864E+08  0.257673E+08  0.198790E+08  0.198786E+08  0.526593E+00  0.198787E+08
  0.839119E-04  0.198785E+08  0.198784E+08  0.256309E+08  0.256077E+08  0.198782E+08  0.198783E+08  0.526592E+00  0.198784E+08
  0.926528E-04  0.198781E+08  0.198781E+08  0.254426E+08  0.254144E+08  0.198772E+08  0.198780E+08  0.526590E+00  0.198780E+08
  0.102304E-03  0.198777E+08  0.198776E+08  0.252146E+08  0.251805E+08  0.198760E+08  0.198775E+08  0.526588E+00  0.198776E+08
  0.112961E-03  0.198771E+08  0.198771E+08  0.249392E+08  0.248980E+08  0.198746E+08  0.198770E+08  0.526585E+00  0.198770E+08
  0.124727E-03  0.198765E+08  0.198764E+08  0.246073E+08  0.245576E+08  0.198728E+08  0.198763E+08  0.526582E+00  0.198763E+08
  0.137720E-03  0.198757E+08  0.198756E+08  0.242081E+08  0.241482E+08  0.198707E+08  0.198756E+08  0.526578E+00  0.198755E+08
  0.152066E-03  0.198747E+08  0.198746E+08  0.237295E+08  0.236576E+08  0.198681E+08  0.198746E+08  0.526574E+00  0.198745E+08
  0.167906E-03  0.198736E+08  0.198734E+08  0.231578E+08  0.230718E+08  0.198649E+08  0.198734E+08  0.526568E+00  0.198732E+08
  0.185396E-03  0.198722E+08  0.198720E+08  0.224780E+08  0.223756E+08  0.198611E+08  0.198720E+08  0.526562E+00  0.198717E+08
  0.204708E-03  0.198704E+08  0.198702E+08  0.216742E+08  0.215528E+08  0.198564E+08  0.198703E+08  0.526554E+00  0.198699E+08
  0.226032E-03  0.198684E+08  0.198681E+08  0.207304E+08  0.205874E+08  0.198507E+08  0.198682E+08  0.526545E+00  0.198676E+08
  0.249577E-03  0.198658E+08  0.198655E+08  0.196314E+08  0.194642E+08  0.198438E+08  0.198657E+08  0.526534E+00  0.198649E+08
  0.275574E-03  0.198628E+08  0.198624E+08  0.183650E+08  0.181714E+08  0.198354E+08  0.198626E+08  0.526521E+00  0.198617E+08
  0.304280E-03  0.198590E+08  0.198586E+08  0.169244E+08  0.167029E+08  0.198251E+08  0.198589E+08  0.526505E+00  0.198577E+08
  0.335976E-03  0.198546E+08  0.198540E+08  0.153118E+08  0.150620E+08  0.198128E+08  0.198544E+08  0.526488E+00  0.198529E+08
  0.370973E-03  0.198492E+08  0.198485E+08  0.135424E+08  0.132656E+08  0.197977E+08  0.198490E+08  0.526468E+00  0.198472E+08
  0.409616E-03  0.198426E+08  0.198419E+08  0.116490E+08  0.113491E+08  0.197796E+08  0.198425E+08  0.526446E+00  0.198402E+08
  0.452284E-03  0.198348E+08  0.198339E+08  0.968609E+07  0.937016E+07  0.197576E+08  0.198347E+08  0.526421E+00  0.198319E+08
  0.499397E-03  0.198255E+08  0.198244E+08  0.773168E+07  0.741042E+07  0.197311E+08  0.198253E+08  0.526394E+00  0.198219E+08
  0.551418E-03  0.198143E+08  0.198130E+08  0.588457E+07  0.557227E+07  0.196992E+08  0.198142E+08  0.526366E+00  0.198100E+08
  0.608857E-03  0.198011E+08  0.197996E+08  0.425411E+07  0.396762E+07  0.196608E+08  0.198009E+08  0.526337E+00  0.197959E+08
  0.672280E-03  0.197854E+08  0.197836E+08  0.294028E+07  0.269666E+07  0.196148E+08  0.197852E+08  0.526309E+00  0.197792E+08
  0.742309E-03  0.197668E+08  0.197648E+08  0.200505E+07  0.181780E+07  0.195598E+08  0.197667E+08  0.526282E+00  0.197594E+08
  0.819632E-03  0.197450E+08  0.197428E+08  0.144217E+07  0.131666E+07  0.194943E+08  0.197449E+08  0.526257E+00  0.197362E+08
  0.905011E-03  0.197195E+08  0.197170E+08  0.116190E+07  0.109172E+07  0.194165E+08  0.197194E+08  0.526235E+00  0.197091E+08
  0.999282E-03  0.196897E+08  0.196870E+08  0.101170E+07  0.978650E+06  0.193244E+08  0.196896E+08  0.526215E+00  0.196774E+08
  0.110337E-02  0.196551E+08  0.196521E+08  0.843977E+06  0.823750E+06  0.192160E+08  0.196549E+08  0.526197E+00  0.196406E+08
  0.121831E-02  0.196149E+08  0.196118E+08  0.604583E+06  0.577186E+06  0.190889E+08  0.196148E+08  0.526180E+00  0.195980E+08
  0.134522E-02  0.195685E+08  0.195652E+08  0.367064E+06  0.325811E+06  0.189410E+08  0.195684E+08  0.526162E+00  0.195488E+08
  0.148534E-02  0.195150E+08  0.195115E+08  0.242353E+06  0.193487E+06  0.187707E+08  0.195148E+08  0.526145E+00  0.194921E+08
  0.164007E-02  0.194534E+08  0.194499E+08  0.223273E+06  0.000000E+00  0.185759E+08  0.194533E+08  0.526127E+00  0.194270E+08
  0.181091E-02  0.193829E+08  0.193794E+08  0.181599E+06  0.000000E+00  0.183551E+08  0.193827E+08  0.526109E+00  0.193525E+08
  0.199954E-02  0.193023E+08  0.192988E+08  0.850960E+05  0.000000E+00  0.181072E+08  0.193021E+08  0.526090E+00  0.192675E+08
  0.220783E-02  0.192105E+08  0.192070E+08  0.508529E+05  0.000000E+00  0.178316E+08  0.192103E+08  0.526069E+00  0.191708E+08
  0.243781E-02  0.191062E+08  0.191027E+08  0.612731E+05  0.000000E+00  0.175281E+08  0.191061E+08  0.526048E+00  0.190613E+08
  0.269175E-02  0.189884E+08  0.189847E+08  0.238811E+05  0.000000E+00  0.171967E+08  0.189882E+08  0.526026E+00  0.189377E+08
  0.297214E-02  0.188556E+08  0.188517E+08  0.212126E+05  0.000000E+00  0.168375E+08  0.188554E+08  0.526002E+00  0.187988E+08
  0.328173E-02  0.187066E+08  0.187025E+08  0.101228E+05  0.000000E+00  0.164499E+08  0.187064E+08  0.525978E+00  0.186432E+08
  0.362358E-02  0.185400E+08  0.185356E+08  0.331757E+04  0.000000E+00  0.160331E+08  0.185398E+08  0.525953E+00  0.184698E+08
  0.400103E-02  0.183545E+08  0.183499E+08 -0.498318E+04  0.000000E+00  0.155860E+08  0.183544E+08  0.525927E+00  0.182772E+08
  0.441781E-02  0.181488E+08  0.181439E+08  0.169355E+04  0.000000E+00  0.151072E+08  0.181487E+08  0.525900E+00  0.180640E+08
  0.487800E-02  0.179215E+08  0.179162E+08 -0.114233E+04  0.000000E+00  0.145980E+08  0.179214E+08  0.525871E+00  0.178289E+08
  0.538612E-02  0.176712E+08  0.176654E+08 -0.371319E+04  0.000000E+00  0.140580E+08  0.176711E+08  0.525842E+00  0.175705E+08
  0.594717E-02  0.173971E+08  0.173906E+08 -0.216794E+04  0.000000E+00  0.134609E+08  0.173969E+08  0.525808E+00  0.172873E+08
  0.656667E-02  0.170966E+08  0.170894E+08 -0.242735E+04  0.000000E+00  0.128447E+08  0.170965E+08  0.525774E+00  0.169778E+08
  0.725070E-02  0.167690E+08  0.167609E+08 -0.211896E+04  0.000000E+00  0.121964E+08  0.167688E+08  0.525738E+00  0.166409E+08
  0.800598E-02  0.164127E+08  0.164036E+08 -0.275284E+04  0.000000E+00  0.115255E+08  0.164125E+08  0.525700E+00  0.162753E+08
  0.883993E-02  0.160264E+08  0.160161E+08 -0.241710E+04  0.000000E+00  0.108392E+08  0.160262E+08  0.525662E+00  0.158799E+08
  0.976076E-02  0.156087E+08  0.155969E+08 -0.160238E+04  0.000000E+00  0.101358E+08  0.156085E+08  0.525622E+00  0.154533E+08
  0.107775E-01  0.151584E+08  0.151449E+08 -0.182097E+04  0.000000E+00  0.941680E+07  0.151582E+08  0.525582E+00  0.149943E+08
  0.119002E-01  0.146740E+08  0.146585E+08 -0.137988E+04  0.000000E+00  0.868939E+07  0.146738E+08  0.525540E+00  0.145016E+08
  0.131398E-01  0.141544E+08  0.141366E+08 -0.102018E+04  0.000000E+00  0.796249E+07  0.141542E+08  0.525499E+00  0.139742E+08
  0.145085E-01  0.135985E+08  0.135781E+08 -0.100358E+04  0.000000E+00  0.723921E+07  0.135983E+08  0.525457E+00  0.134114E+08
  0.160198E-01  0.130058E+08  0.129824E+08 -0.858653E+03  0.000000E+00  0.652464E+07  0.130056E+08  0.525415E+00  0.128126E+08
  0.176885E-01  0.123897E+08  0.123630E+08 -0.608155E+03  0.000000E+00  0.583443E+07  0.123896E+08  0.525374E+00  0.121914E+08
  0.195311E-01  0.117277E+08  0.116974E+08 -0.575292E+03  0.000000E+00  0.516157E+07  0.117275E+08  0.525333E+00  0.115255E+08
  0.215655E-01  0.110327E+08  0.109987E+08 -0.325849E+03  0.000000E+00  0.451908E+07  0.110325E+08  0.525293E+00  0.108284E+08
  0.238119E-01  0.102951E+08  0.102574E+08 -0.297302E+03  0.000000E+00  0.390733E+07  0.102948E+08  0.525254E+00  0.100904E+08
  0.262923E-01  0.954805E+07  0.950688E+07 -0.236807E+03  0.000000E+00  0.334328E+07  0.954779E+07  0.525217E+00  0.934482E+07
  0.290311E-01  0.879549E+07  0.875143E+07 -0.156241E+03  0.000000E+00  0.282890E+07  0.879520E+07  0.525181E+00  0.859570E+07
  0.320552E-01  0.804065E+07  0.799466E+07 -0.153152E+03  0.000000E+00  0.236497E+07  0.804031E+07  0.525147E+00  0.784664E+07
  0.353943E-01  0.730341E+07  0.725690E+07 -0.975450E+02  0.000000E+00  0.195580E+07  0.730300E+07  0.525114E+00  0.711751E+07
  0.390812E-01  0.660458E+07  0.655938E+07 -0.711733E+02  0.000000E+00  0.160332E+07  0.660407E+07  0.525083E+00  0.642906E+07
  0.431521E-01  0.596457E+07  0.592275E+07 -0.643021E+02  0.000000E+00  0.130695E+07  0.596392E+07  0.525055E+00  0.580138E+07
  0.474673E-01  0.541038E+07  0.537375E+07  0.000000E+00  0.000000E+00  0.106998E+07  0.540957E+07  0.525029E+00  0.526059E+07
  0.517826E-01  0.496798E+07  0.493733E+07  0.000000E+00  0.000000E+00  0.967591E+06  0.496696E+07  0.525026E+00  0.483295E+07
  0.560978E-01  0.459924E+07  0.457454E+07  0.000000E+00  0.000000E+00  0.822483E+06  0.459799E+07  0.525006E+00  0.447589E+07
  0.604130E-01  0.427908E+07  0.425957E+07  0.000000E+00  0.000000E+00  0.705509E+06  0.427756E+07  0.524988E+00  0.416612E+07
  0.647282E-01  0.398099E+07  0.396545E+07  0.000000E+00  0.000000E+00  0.607381E+06  0.397916E+07  0.524972E+00  0.387715E+07
  0.690434E-01  0.369564E+07  0.368261E+07  0.000000E+00  0.000000E+00  0.523485E+06  0.369346E+07  0.524957E+00  0.359955E+07
  0.733586E-01  0.340958E+07  0.339766E+07  0.000000E+00  0.000000E+00  0.449752E+06  0.340703E+07  0.524943E+00  0.332015E+07
  0.776738E-01  0.312490E+07  0.311293E+07  0.000000E+00  0.000000E+00  0.384890E+06  0.312196E+07  0.524930E+00  0.304120E+07
  0.819890E-01  0.283437E+07  0.282164E+07  0.000000E+00  0.000000E+00  0.326791E+06  0.283103E+07  0.524917E+00  0.275604E+07
  0.863043E-01  0.254959E+07  0.253579E+07  0.000000E+00  0.000000E+00  0.275801E+06  0.254584E+07  0.524904E+00  0.247637E+07
  0.906195E-01  0.227665E+07  0.226192E+07  0.000000E+00  0.000000E+00  0.231557E+06  0.227249E+07  0.524891E+00  0.220853E+07
  0.970990E-01  0.190127E+07  0.188608E+07  0.000000E+00  0.000000E+00  0.176938E+06  0.189654E+07  0.524871E+00  0.184114E+07
  0.103578E+00  0.157645E+07  0.156231E+07  0.000000E+00  0.000000E+00  0.134788E+06  0.157119E+07  0.524851E+00  0.152478E+07
  0.110058E+00  0.130734E+07  0.129552E+07  0.000000E+00  0.000000E+00  0.103078E+06  0.130160E+07  0.524829E+00  0.126417E+07
  0.116537E+00  0.108050E+07  0.107161E+07  0.000000E+00  0.000000E+00  0.788274E+05  0.107438E+07  0.524805E+00  0.104550E+07
  0.123017E+00  0.877778E+06  0.871585E+06  0.000000E+00  0.000000E+00  0.594265E+05  0.871415E+06  0.524779E+00  0.850230E+06
  0.129497E+00  0.688649E+06  0.684324E+06  0.000000E+00  0.000000E+00  0.433690E+05  0.682241E+06  0.524750E+00  0.667470E+06
  0.135976E+00  0.507491E+06  0.503994E+06  0.000000E+00  0.000000E+00  0.297800E+05  0.501282E+06  0.524717E+00  0.491525E+06
  0.142456E+00  0.336775E+06  0.333255E+06  0.000000E+00  0.000000E+00  0.184211E+05  0.331039E+06  0.524681E+00  0.324976E+06
  0.148935E+00  0.185443E+06  0.181483E+06  0.000000E+00  0.000000E+00  0.942292E+04  0.180437E+06  0.524640E+00  0.176959E+06
  0.155415E+00  0.644297E+05  0.600935E+05  0.000000E+00  0.000000E+00  0.295911E+04  0.603336E+05  0.524593E+00  0.585912E+05
  0.161894E+00 -0.193415E+05 -0.236524E+05  0.000000E+00  0.000000E+00 -0.104731E+04 -0.224570E+05  0.524550E+00 -0.230580E+05
  0.168374E+00 -0.651461E+05 -0.689296E+05  0.000000E+00  0.000000E+00 -0.295153E+04 -0.673368E+05  0.524489E+00 -0.671947E+05
  0.174853E+00 -0.782666E+05 -0.811465E+05  0.000000E+00  0.000000E+00 -0.330141E+04 -0.797013E+05  0.524424E+00 -0.790997E+05
  0.181333E+00 -0.676882E+05 -0.695513E+05  0.000000E+00  0.000000E+00 -0.269068E+04 -0.686135E+05  0.524353E+00 -0.677933E+05
  0.187812E+00 -0.449682E+05 -0.459792E+05  0.000000E+00  0.000000E+00 -0.169664E+04 -0.456456E+05  0.524273E+00 -0.448149E+05
  0.194292E+00 -0.204229E+05 -0.209360E+05  0.000000E+00  0.000000E+00 -0.742722E+03 -0.210762E+05  0.524182E+00 -0.204050E+05
  0.200771E+00 -0.934067E+03 -0.134809E+04  0.000000E+00  0.000000E+00 -0.555587E+02 -0.171303E+04  0.524000E+00 -0.131411E+04
  0.207251E+00  0.105233E+05  0.989673E+04  0.000000E+00  0.000000E+00  0.307076E+03  0.954938E+04  0.524000E+00  0.964458E+04
  0.213730E+00  0.143750E+05  0.133931E+05  0.000000E+00  0.000000E+00  0.403722E+03  0.132065E+05  0.523876E+00  0.130515E+05
  0.220210E+00  0.127943E+05  0.114899E+05  0.000000E+00  0.000000E+00  0.334534E+03  0.114830E+05  0.523742E+00  0.111966E+05
  0.226689E+00  0.853258E+04  0.706175E+04  0.000000E+00  0.000000E+00  0.198924E+03  0.715857E+04  0.523594E+00  0.688130E+04
  0.233169E+00  0.398244E+04  0.254074E+04  0.000000E+00  0.000000E+00  0.696757E+02  0.262943E+04  0.523419E+00  0.247576E+04
  0.239648E+00  0.649658E+03 -0.607115E+03  0.000000E+00  0.000000E+00 -0.155674E+02 -0.610716E+03  0.523354E+00 -0.591561E+03
  0.246128E+00 -0.998159E+03 -0.200146E+04  0.000000E+00  0.000000E+00 -0.513816E+02 -0.211680E+04  0.523085E+00 -0.195019E+04
  0.252607E+00 -0.119137E+04 -0.196664E+04  0.000000E+00  0.000000E+00 -0.498258E+02 -0.214967E+04  0.522849E+00 -0.191624E+04
  0.259087E+00 -0.487626E+03 -0.112570E+04  0.000000E+00  0.000000E+00 -0.287196E+02 -0.129902E+04  0.522564E+00 -0.109686E+04
  0.265566E+00  0.528531E+03 -0.825265E+02  0.000000E+00  0.000000E+00 -0.357072E+01 -0.179721E+03  0.521577E+00 -0.804504E+02
  0.272046E+00  0.127653E+04  0.606682E+03  0.000000E+00  0.000000E+00  0.128974E+02  0.619590E+03  0.522307E+00  0.591069E+03
  0.278525E+00  0.148262E+04  0.718616E+03  0.000000E+00  0.000000E+00  0.163402E+02  0.830060E+03  0.521855E+00  0.700150E+03
  0.285005E+00  0.121089E+04  0.371262E+03  0.000000E+00  0.000000E+00  0.979940E+01  0.531303E+03  0.521265E+00  0.361758E+03
  0.291484E+00  0.615022E+03 -0.246608E+03  0.000000E+00  0.000000E+00 -0.215990E+01 -0.915933E+02  0.523752E+00 -0.240181E+03
  0.297964E+00 -0.318143E+01 -0.822141E+03  0.000000E+00  0.000000E+00 -0.131630E+02 -0.713125E+03  0.521406E+00 -0.800869E+03
  0.304443E+00 -0.359801E+03 -0.108836E+04  0.000000E+00  0.000000E+00 -0.182136E+02 -0.103963E+04  0.520863E+00 -0.106022E+04
  0.310923E+00 -0.258625E+03 -0.880022E+03  0.000000E+00  0.000000E+00 -0.149350E+02 -0.889448E+03  0.520353E+00 -0.857275E+03
  0.317402E+00  0.264142E+03 -0.265518E+03  0.000000E+00  0.000000E+00 -0.511494E+01 -0.323162E+03  0.519457E+00 -0.258671E+03
  0.323882E+00  0.972064E+03  0.497033E+03  0.000000E+00  0.000000E+00  0.655504E+01  0.402353E+03  0.520224E+00  0.484136E+03
  0.330361E+00  0.152068E+04  0.105740E+04  0.000000E+00  0.000000E+00  0.145831E+02  0.939526E+03  0.519455E+00  0.102998E+04
  0.336841E+00  0.164590E+04  0.116171E+04  0.000000E+00  0.000000E+00  0.156648E+02  0.104556E+04  0.518909E+00  0.113158E+04
  0.343320E+00  0.127391E+04  0.754978E+03  0.000000E+00  0.000000E+00  0.982724E+01  0.676138E+03  0.518351E+00  0.735385E+03
  0.349800E+00  0.594938E+03  0.479507E+02  0.000000E+00  0.000000E+00  0.564099E+00  0.389860E+02  0.516061E+00  0.467047E+02
  0.356279E+00 -0.687284E+02 -0.623401E+03  0.000000E+00  0.000000E+00 -0.749595E+01 -0.546636E+03  0.517551E+00 -0.607207E+03
  0.362759E+00 -0.408049E+03 -0.945408E+03  0.000000E+00  0.000000E+00 -0.107602E+02 -0.804087E+03  0.516966E+00 -0.920832E+03
  0.369238E+00 -0.294422E+03 -0.794796E+03  0.000000E+00  0.000000E+00 -0.845102E+01 -0.645085E+03  0.516444E+00 -0.774120E+03
  0.375718E+00  0.147079E+03 -0.307689E+03  0.000000E+00  0.000000E+00 -0.282366E+01 -0.215105E+03  0.516188E+00 -0.299672E+03
  0.382197E+00  0.641841E+03  0.229062E+03  0.000000E+00  0.000000E+00  0.267036E+01  0.222812E+03  0.514698E+00  0.223109E+03
  0.388677E+00  0.932136E+03  0.548913E+03  0.000000E+00  0.000000E+00  0.539053E+01  0.449081E+03  0.514447E+00  0.534622E+03
  0.395156E+00  0.905297E+03  0.535684E+03  0.000000E+00  0.000000E+00  0.469686E+01  0.395066E+03  0.514103E+00  0.521722E+03
  0.401636E+00  0.644843E+03  0.275353E+03  0.000000E+00  0.000000E+00  0.199723E+01  0.164713E+03  0.514427E+00  0.268165E+03
  0.408115E+00  0.342346E+03 -0.341695E+02  0.000000E+00  0.000000E+00 -0.649671E+00 -0.660644E+02  0.508434E+00 -0.332882E+02
  0.414595E+00  0.167024E+03 -0.216383E+03  0.000000E+00  0.000000E+00 -0.182762E+01 -0.168628E+03  0.511115E+00 -0.210741E+03
  0.421074E+00  0.163157E+03 -0.221228E+03  0.000000E+00  0.000000E+00 -0.150180E+01 -0.134716E+03  0.511784E+00 -0.215451E+03
  0.427554E+00  0.256998E+03 -0.119910E+03  0.000000E+00  0.000000E+00 -0.572275E+00 -0.467228E+02  0.515147E+00 -0.116772E+03
  0.434033E+00  0.340719E+03 -0.210673E+02  0.000000E+00  0.000000E+00  0.341498E-01  0.797734E+01  0.431896E+00 -0.205124E+02
  0.440513E+00  0.355586E+03  0.130611E+02  0.000000E+00  0.000000E+00  0.370849E-01  0.208671E+01  0.494685E+00  0.127186E+02
  0.446992E+00  0.324536E+03  0.121812E+01  0.000000E+00  0.000000E+00 -0.191675E+00 -0.246654E+02  0.498535E+00  0.118105E+01
  0.453472E+00  0.306312E+03 -0.147044E+01  0.000000E+00  0.000000E+00 -0.160013E+00 -0.208902E+02  0.492051E+00 -0.143598E+01
  0.459951E+00  0.330632E+03  0.329658E+02  0.000000E+00  0.000000E+00  0.210238E+00  0.225353E+02  0.510548E+00  0.321045E+02
  0.466431E+00  0.371301E+03  0.786222E+02  0.000000E+00  0.000000E+00  0.584993E+00  0.668624E+02  0.503179E+00  0.765703E+02
  0.472910E+00  0.377119E+03  0.861647E+02  0.000000E+00  0.000000E+00  0.583601E+00  0.674947E+02  0.500877E+00  0.839145E+02
  0.479390E+00  0.326214E+03  0.362172E+02  0.000000E+00  0.000000E+00  0.181198E+00  0.195429E+02  0.499059E+00  0.352697E+02
  0.485869E+00  0.249100E+03 -0.385446E+02  0.000000E+00  0.000000E+00 -0.299000E+00 -0.376013E+02  0.498362E+00 -0.375390E+02
  0.492349E+00  0.200446E+03 -0.822289E+02  0.000000E+00  0.000000E+00 -0.480551E+00 -0.587879E+02  0.497451E+00 -0.800794E+02
  0.498828E+00  0.208248E+03 -0.667971E+02  0.000000E+00  0.000000E+00 -0.297442E+00 -0.342997E+02  0.498298E+00 -0.650486E+02
  0.505308E+00  0.251843E+03 -0.139504E+02  0.000000E+00  0.000000E+00  0.176807E-01  0.562351E+01  0.431378E+00 -0.135831E+02
  0.511787E+00  0.285568E+03  0.292706E+02  0.000000E+00  0.000000E+00  0.182167E+00  0.245790E+02  0.488540E+00  0.285058E+02
  0.518267E+00  0.283102E+03  0.352851E+02  0.000000E+00  0.000000E+00  0.127673E+00  0.144655E+02  0.494142E+00  0.343607E+02
  0.524746E+00  0.256386E+03  0.152477E+02  0.000000E+00  0.000000E+00 -0.456464E-02 -0.329525E+01 -0.762664E-02  0.148466E+02
  0.531226E+00  0.235486E+03 -0.836540E+00  0.000000E+00  0.000000E+00 -0.356421E-01 -0.593419E+01  0.452073E+00 -0.815481E+00
  0.537705E+00  0.234723E+03  0.185936E+01  0.000000E+00  0.000000E+00  0.369105E-01  0.613092E+01  0.492436E+00  0.181144E+01
  0.544185E+00  0.241194E+03  0.112897E+02  0.000000E+00  0.000000E+00  0.904953E-01  0.141931E+02  0.476208E+00  0.109952E+02
  0.550664E+00  0.234860E+03  0.817050E+01  0.000000E+00  0.000000E+00  0.397364E-01  0.588053E+01  0.463267E+00  0.795671E+01
  0.557144E+00  0.214249E+03 -0.850020E+01  0.000000E+00  0.000000E+00 -0.603574E-01 -0.996567E+01  0.481745E+00 -0.827828E+01
  0.563623E+00  0.196312E+03 -0.216360E+02  0.000000E+00  0.000000E+00 -0.102250E+00 -0.158630E+02  0.474520E+00 -0.210698E+02
  0.570103E+00  0.196222E+03 -0.163867E+02  0.000000E+00  0.000000E+00 -0.466399E-01 -0.610958E+01  0.474123E+00 -0.159571E+02
  0.576582E+00  0.208709E+03  0.146449E+01  0.000000E+00  0.000000E+00  0.352377E-01  0.668626E+01  0.460159E+00  0.142691E+01
  0.583062E+00  0.215925E+03  0.137024E+02  0.000000E+00  0.000000E+00  0.546339E-01  0.889495E+01  0.463016E+00  0.133435E+02
  0.589541E+00  0.208673E+03  0.108425E+02  0.000000E+00  0.000000E+00  0.142581E-01  0.128590E+01  0.481855E+00  0.105578E+02
  0.596021E+00  0.194595E+03  0.560457E+00  0.000000E+00  0.000000E+00 -0.205986E-01 -0.452739E+01  0.429141E+00  0.545179E+00
  0.602500E+00  0.187223E+03 -0.354451E+01  0.000000E+00  0.000000E+00 -0.910530E-02 -0.153097E+01  0.410952E+00 -0.345155E+01
  0.608980E+00  0.188313E+03  0.583525E+00  0.000000E+00  0.000000E+00  0.183874E-01  0.426002E+01  0.449682E+00  0.568666E+00
  0.615459E+00  0.188795E+03  0.417695E+01  0.000000E+00  0.000000E+00  0.213161E-01  0.398450E+01  0.429617E+00  0.406768E+01
  0.621939E+00  0.181949E+03  0.522180E+00  0.000000E+00  0.000000E+00 -0.766843E-02 -0.196054E+01  0.482263E+00  0.508249E+00
  0.628418E+00  0.172428E+03 -0.561820E+01  0.000000E+00  0.000000E+00 -0.263210E-01 -0.533103E+01  0.440852E+00 -0.547117E+01
  0.675992E+00  0.157653E+03  0.208114E+01  0.000000E+00  0.000000E+00  0.992251E-02  0.234901E+01  0.395001E+00  0.202668E+01
  0.727167E+00  0.135763E+03 -0.592478E+00  0.000000E+00  0.000000E+00  0.116975E-02  0.564730E+00  0.503259E+00 -0.576868E+00
  0.782216E+00  0.119175E+03 -0.440544E+00  0.000000E+00  0.000000E+00  0.456679E-03  0.390750E+00  0.497696E+00 -0.428948E+00
  0.841433E+00  0.105243E+03  0.396083E+00  0.000000E+00  0.000000E+00  0.954496E-03  0.351198E+00  0.107977E+00  0.385694E+00
  0.905133E+00  0.915963E+02 -0.297230E+00  0.000000E+00  0.000000E+00 -0.279010E-03 -0.553201E-01 -0.887306E+00 -0.289422E+00
  0.973655E+00  0.804277E+02 -0.993769E-01  0.000000E+00  0.000000E+00 -0.452411E-03 -0.279307E+00 -0.198247E+00 -0.967757E-01
  0.104736E+01  0.704968E+02 -0.510544E-01  0.000000E+00  0.000000E+00  0.304207E-03  0.297953E+00  0.320243E+00 -0.497040E-01
  0.105164E+01  0.701288E+02  0.969785E-01  0.000000E+00  0.000000E+00  0.593151E-03  0.199639E+00 -0.339484E+00  0.944442E-01
  0.106221E+01  0.687646E+02 -0.140305E-01  0.000000E+00  0.000000E+00 -0.378729E-03 -0.200490E+00 -0.357798E+00 -0.136716E-01
  0.107288E+01  0.676129E+02  0.785268E-01  0.000000E+00  0.000000E+00  0.328690E-03  0.196035E+00 -0.331679E+00  0.764707E-01
  0.108367E+01  0.663039E+02 -0.137276E-01  0.000000E+00  0.000000E+00 -0.390636E-03 -0.171768E+00 -0.476873E+00 -0.133769E-01
  0.109456E+01  0.651979E+02  0.729318E-01  0.000000E+00  0.000000E+00  0.164030E-03  0.149199E+00 -0.558349E+00  0.710185E-01
  0.110556E+01  0.639285E+02 -0.309369E-01  0.000000E+00  0.000000E+00 -0.443015E-03 -0.111325E+00 -0.925267E+00 -0.301351E-01
  0.111667E+01  0.628970E+02  0.850370E-01  0.000000E+00  0.000000E+00  0.127921E-03  0.678658E-01 -0.142378E+01  0.828044E-01
  0.112789E+01  0.616252E+02 -0.488725E-01  0.000000E+00  0.000000E+00 -0.500346E-04  0.192069E-02 -0.189882E+02 -0.475887E-01
  0.113923E+01  0.606575E+02  0.937381E-01  0.000000E+00  0.000000E+00  0.503249E-04 -0.683851E-01  0.262278E+01  0.912747E-01
  0.115068E+01  0.594316E+02 -0.498917E-01  0.000000E+00  0.000000E+00  0.134517E-03  0.132068E+00  0.982859E+00 -0.485764E-01
  0.116224E+01  0.584782E+02  0.740515E-01  0.000000E+00  0.000000E+00 -0.101563E-03 -0.183398E+00  0.461669E+00  0.721018E-01
  0.117392E+01  0.573378E+02 -0.139773E-01  0.000000E+00  0.000000E+00  0.343913E-03  0.199835E+00  0.104920E+00 -0.136008E-01
  0.118572E+01  0.563398E+02  0.209802E-01  0.000000E+00  0.000000E+00 -0.395783E-03 -0.160607E+00 -0.332313E+00  0.204182E-01
  0.119764E+01  0.553556E+02  0.467440E-01  0.000000E+00  0.000000E+00 -0.313502E-04  0.780168E-01 -0.120163E+01  0.455141E-01
  0.120967E+01  0.542866E+02 -0.224547E-01  0.000000E+00  0.000000E+00  0.230733E-03  0.406676E-01  0.340469E+01 -0.218582E-01
  0.122183E+01  0.533923E+02  0.609063E-01  0.000000E+00  0.000000E+00 -0.909587E-04 -0.130374E+00  0.659312E+00  0.593024E-01
  0.123411E+01  0.523742E+02  0.522534E-02  0.000000E+00  0.000000E+00  0.594944E-04  0.150141E+00 -0.531223E-01  0.508950E-02
  0.124651E+01  0.514367E+02  0.973988E-02  0.000000E+00  0.000000E+00  0.123427E-03 -0.703899E-01 -0.136293E+01  0.948703E-02
  0.125904E+01  0.505534E+02  0.554973E-01  0.000000E+00  0.000000E+00  0.110226E-03 -0.539790E-01  0.237720E+01  0.540410E-01
  0.127170E+01  0.495876E+02  0.511256E-03  0.000000E+00  0.000000E+00  0.632271E-04  0.128581E+00  0.215627E+00  0.499475E-03
  0.128448E+01  0.487092E+02  0.158745E-01  0.000000E+00  0.000000E+00 -0.622802E-04 -0.736088E-01 -0.112017E+01  0.154555E-01
  0.129739E+01  0.478616E+02  0.478449E-01  0.000000E+00  0.000000E+00  0.727203E-04 -0.537030E-01  0.209559E+01  0.465888E-01
  0.131042E+01  0.469626E+02  0.100925E-01  0.000000E+00  0.000000E+00  0.161975E-03  0.111450E+00 -0.212914E-01  0.983137E-02
  0.132359E+01  0.461132E+02  0.915197E-02  0.000000E+00  0.000000E+00  0.110393E-03 -0.167726E-01 -0.652167E+01  0.891423E-02
  0.133690E+01  0.453111E+02  0.399676E-01  0.000000E+00  0.000000E+00 -0.177708E-03 -0.935994E-01  0.482399E+00  0.389120E-01
  0.135033E+01  0.444799E+02  0.260960E-01  0.000000E+00  0.000000E+00  0.177202E-03  0.497842E-01 -0.144195E+01  0.254145E-01
  0.136390E+01  0.436550E+02  0.254861E-02  0.000000E+00  0.000000E+00  0.348493E-05  0.772797E-01  0.767154E+00  0.248169E-02
  0.137761E+01  0.428812E+02  0.154616E-01  0.000000E+00  0.000000E+00 -0.110495E-03 -0.502518E-01 -0.156412E+01  0.150522E-01
  0.139146E+01  0.421223E+02  0.321361E-01  0.000000E+00  0.000000E+00 -0.117614E-03 -0.740622E-01  0.704942E+00  0.312880E-01
  0.140544E+01  0.413554E+02  0.229798E-01  0.000000E+00  0.000000E+00  0.101754E-03  0.292880E-01 -0.242484E+01  0.223782E-01
  0.141957E+01  0.405861E+02  0.718156E-02  0.000000E+00  0.000000E+00  0.183393E-03  0.795572E-01  0.120197E+00  0.699755E-02
  0.143383E+01  0.398551E+02  0.592803E-02  0.000000E+00  0.000000E+00  0.162760E-03  0.200327E-01  0.411305E+01  0.577644E-02
  0.144824E+01  0.391471E+02  0.166876E-01  0.000000E+00  0.000000E+00 -0.270198E-04 -0.571481E-01 -0.960315E+00  0.162481E-01
  0.146280E+01  0.384463E+02  0.237371E-01  0.000000E+00  0.000000E+00  0.660621E-04 -0.656676E-01  0.573789E+00  0.231147E-01
  0.147750E+01  0.377502E+02  0.206785E-01  0.000000E+00  0.000000E+00 -0.484799E-04 -0.132816E-01  0.894508E+01  0.201335E-01
  0.149235E+01  0.370598E+02  0.122527E-01  0.000000E+00  0.000000E+00  0.117604E-04  0.429245E-01 -0.140761E+01  0.119308E-01
  0.150735E+01  0.363836E+02  0.508736E-02  0.000000E+00  0.000000E+00 -0.182717E-04  0.654468E-01 -0.505530E-01  0.495311E-02
  0.152250E+01  0.357235E+02  0.253381E-02  0.000000E+00  0.000000E+00 -0.413204E-05  0.520101E-01  0.100576E+01  0.246708E-02
  0.153780E+01  0.350784E+02  0.379333E-02  0.000000E+00  0.000000E+00  0.113155E-03  0.210371E-01  0.376330E+01  0.369656E-02
  0.155325E+01  0.344472E+02  0.679077E-02  0.000000E+00  0.000000E+00 -0.110735E-04 -0.103497E-01 -0.923811E+01  0.661192E-02
  0.156886E+01  0.338286E+02  0.101176E-01  0.000000E+00  0.000000E+00 -0.347721E-05 -0.334398E-01 -0.219654E+01  0.985145E-02
  0.158463E+01  0.332181E+02  0.127593E-01  0.000000E+00  0.000000E+00  0.161191E-04 -0.454871E-01 -0.118319E+01  0.124242E-01
  0.160056E+01  0.326186E+02  0.144921E-01  0.000000E+00  0.000000E+00 -0.618456E-04 -0.507682E-01 -0.734248E+00  0.141094E-01
  0.161664E+01  0.320289E+02  0.157696E-01  0.000000E+00  0.000000E+00 -0.146784E-03 -0.518735E-01 -0.551896E+00  0.153510E-01
  0.163289E+01  0.314513E+02  0.165162E-01  0.000000E+00  0.000000E+00  0.983475E-04 -0.509897E-01 -0.522591E+00  0.160845E-01
  0.164930E+01  0.308822E+02  0.166204E-01  0.000000E+00  0.000000E+00 -0.147946E-04 -0.480009E-01 -0.728570E+00  0.161830E-01
  0.166588E+01  0.303248E+02  0.159827E-01  0.000000E+00  0.000000E+00 -0.571396E-04 -0.423851E-01 -0.116649E+01  0.155609E-01
  0.168262E+01  0.297728E+02  0.145053E-01  0.000000E+00  0.000000E+00 -0.159168E-03 -0.302460E-01 -0.241776E+01  0.141197E-01
  0.169953E+01  0.292313E+02  0.123226E-01  0.000000E+00  0.000000E+00 -0.924332E-05 -0.109563E-01 -0.948626E+01  0.119984E-01
  0.171661E+01  0.286999E+02  0.993224E-02  0.000000E+00  0.000000E+00 -0.431837E-05  0.139549E-01  0.511691E+01  0.967097E-02
  0.173386E+01  0.281801E+02  0.818702E-02  0.000000E+00  0.000000E+00 -0.181357E-04  0.363667E-01  0.136186E+01  0.797127E-02
  0.175129E+01  0.276677E+02  0.796785E-02  0.000000E+00  0.000000E+00  0.493619E-04  0.438996E-01 -0.199024E+00  0.775964E-02
  0.176889E+01  0.271679E+02  0.946980E-02  0.000000E+00  0.000000E+00  0.115405E-03  0.227191E-01 -0.274725E+01  0.922383E-02
  0.178667E+01  0.266770E+02  0.110675E-01  0.000000E+00  0.000000E+00 -0.547276E-04 -0.172478E-01  0.473906E+01  0.107750E-01
  0.180462E+01  0.261927E+02  0.103454E-01  0.000000E+00  0.000000E+00 -0.152253E-04 -0.391424E-01  0.471247E-01  0.100730E-01
  0.182276E+01  0.257149E+02  0.702420E-02  0.000000E+00  0.000000E+00 -0.639845E-04 -0.128081E-01 -0.621986E+01  0.683782E-02
  0.184108E+01  0.252444E+02  0.456103E-02  0.000000E+00  0.000000E+00 -0.177370E-04  0.311073E-01  0.121710E+01  0.444063E-02
  0.185958E+01  0.247900E+02  0.614011E-02  0.000000E+00  0.000000E+00 -0.899917E-04  0.206502E-01 -0.263207E+01  0.597629E-02
  0.187827E+01  0.243440E+02  0.829915E-02  0.000000E+00  0.000000E+00  0.183201E-04 -0.262981E-01  0.168269E+01  0.808142E-02
  0.189715E+01  0.238997E+02  0.675055E-02  0.000000E+00  0.000000E+00 -0.211777E-04 -0.128963E-01 -0.536185E+01  0.657249E-02
  0.191621E+01  0.234654E+02  0.593557E-02  0.000000E+00  0.000000E+00  0.921537E-05  0.293587E-01  0.313840E+00  0.577974E-02
  0.193547E+01  0.230419E+02  0.861512E-02  0.000000E+00  0.000000E+00 -0.404783E-04 -0.859481E-02  0.879629E+01  0.838753E-02
  0.195492E+01  0.226217E+02  0.779869E-02  0.000000E+00  0.000000E+00 -0.653931E-04 -0.162599E-01 -0.338192E+01  0.759192E-02
  0.197457E+01  0.222115E+02  0.697697E-02  0.000000E+00  0.000000E+00 -0.207136E-04  0.254576E-01 -0.377834E-01  0.679298E-02
  0.199441E+01  0.218109E+02  0.967724E-02  0.000000E+00  0.000000E+00  0.102212E-04 -0.186385E-01  0.226167E+01  0.942306E-02
  0.201446E+01  0.214140E+02  0.746486E-02  0.000000E+00  0.000000E+00  0.653694E-04  0.637263E-02  0.729250E+01  0.727029E-02
  0.203471E+01  0.210252E+02  0.840215E-02  0.000000E+00  0.000000E+00  0.364035E-04  0.307549E-02 -0.121358E+02  0.818218E-02
  0.205515E+01  0.206427E+02  0.827604E-02  0.000000E+00  0.000000E+00  0.432238E-04 -0.834051E-02 -0.762620E+01  0.805957E-02
  0.207581E+01  0.202676E+02  0.785020E-02  0.000000E+00  0.000000E+00 -0.171934E-04  0.107075E-01 -0.385895E+01  0.764333E-02
  0.209667E+01  0.198989E+02  0.736667E-02  0.000000E+00  0.000000E+00  0.380713E-04 -0.981270E-02 -0.564172E+01  0.717398E-02
  0.211774E+01  0.195377E+02  0.735387E-02  0.000000E+00  0.000000E+00 -0.176397E-04  0.666650E-02 -0.630302E+01  0.716005E-02
  0.213903E+01  0.191792E+02  0.612823E-02  0.000000E+00  0.000000E+00 -0.230059E-04  0.107526E-02  0.243335E+02  0.596649E-02
  0.216052E+01  0.188335E+02  0.643845E-02  0.000000E+00  0.000000E+00 -0.554139E-05 -0.845949E-02  0.648388E+01  0.626901E-02
  0.218224E+01  0.184890E+02  0.505544E-02  0.000000E+00  0.000000E+00  0.170579E-04  0.165049E-01  0.119632E+01  0.492296E-02
  0.220417E+01  0.181537E+02  0.524028E-02  0.000000E+00  0.000000E+00  0.499552E-06 -0.158534E-01 -0.147064E+01  0.510251E-02
  0.222632E+01  0.178236E+02  0.512107E-02  0.000000E+00  0.000000E+00  0.843788E-06  0.246220E-02 -0.153300E+02  0.498643E-02
  0.224870E+01  0.174981E+02  0.410399E-02  0.000000E+00  0.000000E+00 -0.803013E-05  0.144413E-01  0.175885E+01  0.399587E-02
  0.227130E+01  0.171812E+02  0.505400E-02  0.000000E+00  0.000000E+00 -0.771506E-04 -0.111031E-01 -0.379666E+01  0.491909E-02
  0.229412E+01  0.168693E+02  0.560654E-02  0.000000E+00  0.000000E+00  0.664761E-04 -0.110758E-01  0.374713E+01  0.546087E-02
  0.231718E+01  0.165616E+02  0.531950E-02  0.000000E+00  0.000000E+00 -0.242676E-04  0.925992E-02 -0.407460E+01  0.517899E-02
  0.234047E+01  0.162610E+02  0.549305E-02  0.000000E+00  0.000000E+00  0.314621E-04  0.142462E-01  0.114177E+01  0.534945E-02
  0.236399E+01  0.159656E+02  0.587599E-02  0.000000E+00  0.000000E+00  0.356228E-05  0.257717E-02  0.139325E+02  0.572158E-02
  0.238775E+01  0.156742E+02  0.630373E-02  0.000000E+00  0.000000E+00 -0.330761E-04 -0.861608E-02 -0.548584E+01  0.613711E-02
  0.241175E+01  0.153900E+02  0.641365E-02  0.000000E+00  0.000000E+00 -0.215776E-04 -0.134227E-01 -0.848668E+00  0.624444E-02
  0.243599E+01  0.151100E+02  0.604191E-02  0.000000E+00  0.000000E+00 -0.656590E-05 -0.126010E-01  0.124770E+01  0.588287E-02
  0.246047E+01  0.148346E+02  0.581475E-02  0.000000E+00  0.000000E+00 -0.203325E-04 -0.106581E-01  0.276530E+01  0.566132E-02
  0.248519E+01  0.145638E+02  0.502870E-02  0.000000E+00  0.000000E+00 -0.488894E-04 -0.959831E-02  0.337585E+01  0.489519E-02
  0.251017E+01  0.142982E+02  0.485911E-02  0.000000E+00  0.000000E+00  0.685668E-05 -0.100712E-01  0.258556E+01  0.473152E-02
  0.253540E+01  0.140373E+02  0.428227E-02  0.000000E+00  0.000000E+00 -0.169218E-05 -0.109141E-01  0.927629E+00  0.416963E-02
  0.256088E+01  0.137811E+02  0.389243E-02  0.000000E+00  0.000000E+00 -0.240859E-04 -0.100543E-01 -0.156370E+01  0.378945E-02
  0.258662E+01  0.135301E+02  0.386398E-02  0.000000E+00  0.000000E+00 -0.202544E-05 -0.479055E-02 -0.928797E+01  0.376233E-02
  0.261261E+01  0.132831E+02  0.345621E-02  0.000000E+00  0.000000E+00  0.398814E-04  0.437672E-02  0.746726E+01  0.336638E-02
  0.263887E+01  0.130412E+02  0.346916E-02  0.000000E+00  0.000000E+00 -0.307392E-04  0.915914E-02 -0.302746E+00  0.337713E-02
  0.266539E+01  0.128034E+02  0.397774E-02  0.000000E+00  0.000000E+00 -0.426147E-04  0.551737E-03 -0.306251E+02  0.387203E-02
  0.269218E+01  0.125707E+02  0.408435E-02  0.000000E+00  0.000000E+00 -0.383506E-04 -0.836023E-02  0.135927E+00  0.397594E-02
  0.271924E+01  0.123415E+02  0.387431E-02  0.000000E+00  0.000000E+00 -0.414251E-04  0.201392E-02  0.134135E+02  0.377135E-02
  0.274657E+01  0.121166E+02  0.414975E-02  0.000000E+00  0.000000E+00  0.367501E-04  0.547254E-02 -0.417984E+01  0.404161E-02
  0.277417E+01  0.118965E+02  0.451862E-02  0.000000E+00  0.000000E+00 -0.281835E-04 -0.745182E-02  0.264790E+00  0.439907E-02
  0.280205E+01  0.116790E+02  0.424482E-02  0.000000E+00  0.000000E+00  0.606502E-05  0.605710E-02  0.298809E+01  0.413337E-02
  0.283021E+01  0.114656E+02  0.419972E-02  0.000000E+00  0.000000E+00 -0.177086E-04 -0.451710E-02  0.752260E+01  0.408883E-02
  0.285865E+01  0.112561E+02  0.384519E-02  0.000000E+00  0.000000E+00  0.338186E-04  0.413720E-02  0.606962E+01  0.374497E-02
  0.288738E+01  0.110508E+02  0.381569E-02  0.000000E+00  0.000000E+00  0.238876E-04 -0.500105E-02  0.568034E+01  0.371599E-02
  0.291640E+01  0.108488E+02  0.344393E-02  0.000000E+00  0.000000E+00  0.342573E-04  0.643996E-02  0.142015E+01  0.335428E-02
  0.294571E+01  0.106512E+02  0.333825E-02  0.000000E+00  0.000000E+00  0.329092E-04 -0.595156E-02 -0.276911E+01  0.325134E-02
  0.297532E+01  0.104560E+02  0.300948E-02  0.000000E+00  0.000000E+00  0.481889E-04  0.769938E-03 -0.269025E+02  0.293162E-02
  0.300522E+01  0.102649E+02  0.270494E-02  0.000000E+00  0.000000E+00  0.130582E-04  0.562480E-02  0.241822E+01  0.263416E-02
  0.303542E+01  0.100775E+02  0.264582E-02  0.000000E+00  0.000000E+00 -0.301122E-04 -0.262176E-02 -0.150112E+02  0.257545E-02
  0.306593E+01  0.989388E+01  0.264080E-02  0.000000E+00  0.000000E+00 -0.165819E-04 -0.567663E-02  0.151253E+01  0.257093E-02
  0.309674E+01  0.971270E+01  0.265451E-02  0.000000E+00  0.000000E+00  0.480153E-04 -0.192507E-02  0.225210E+02  0.258597E-02
  0.312787E+01  0.953537E+01  0.267747E-02  0.000000E+00  0.000000E+00 -0.375756E-04  0.206262E-02 -0.121260E+02  0.260608E-02
  0.315930E+01  0.936135E+01  0.278403E-02  0.000000E+00  0.000000E+00 -0.104334E-04  0.384266E-02 -0.496582E+01  0.271055E-02
  0.319105E+01  0.919052E+01  0.291000E-02  0.000000E+00  0.000000E+00 -0.131691E-04  0.415007E-02 -0.363837E+01  0.283313E-02
  0.322312E+01  0.902276E+01  0.299203E-02  0.000000E+00  0.000000E+00  0.287207E-05  0.356217E-02 -0.490866E+01  0.291343E-02
  0.325552E+01  0.885766E+01  0.307470E-02  0.000000E+00  0.000000E+00  0.366983E-04  0.165548E-02 -0.126938E+02  0.299482E-02
  0.328823E+01  0.869587E+01  0.307227E-02  0.000000E+00  0.000000E+00 -0.109524E-04 -0.158876E-02  0.268003E+02  0.299120E-02
  0.332128E+01  0.853682E+01  0.294358E-02  0.000000E+00  0.000000E+00  0.362264E-05 -0.405864E-02  0.828573E+00  0.286628E-02
  0.335466E+01  0.838044E+01  0.267433E-02  0.000000E+00  0.000000E+00  0.395025E-04 -0.100229E-02 -0.541191E+02  0.260505E-02
  0.338838E+01  0.822731E+01  0.237040E-02  0.000000E+00  0.000000E+00  0.125872E-04  0.371046E-02  0.946399E+00  0.230840E-02
  0.342243E+01  0.807647E+01  0.222520E-02  0.000000E+00  0.000000E+00 -0.113053E-04 -0.135791E-02  0.267010E+02  0.216639E-02
  0.345683E+01  0.792870E+01  0.212365E-02  0.000000E+00  0.000000E+00  0.276987E-04 -0.120884E-02 -0.310231E+02  0.206854E-02
  0.349157E+01  0.778374E+01  0.202585E-02  0.000000E+00  0.000000E+00  0.753462E-05  0.238130E-02 -0.705334E+01  0.197278E-02
  0.352666E+01  0.764131E+01  0.187171E-02  0.000000E+00  0.000000E+00 -0.127782E-04 -0.243697E-02 -0.883584E+01  0.182215E-02
  0.356210E+01  0.750128E+01  0.180041E-02  0.000000E+00  0.000000E+00  0.879260E-05  0.150377E-02 -0.129816E+02  0.175330E-02
  0.359790E+01  0.736431E+01  0.194226E-02  0.000000E+00  0.000000E+00  0.113821E-04  0.616144E-03  0.269958E+02  0.189149E-02
  0.363406E+01  0.722936E+01  0.201472E-02  0.000000E+00  0.000000E+00  0.913789E-06 -0.300267E-02  0.293022E+01  0.196177E-02
  0.367058E+01  0.709709E+01  0.195646E-02  0.000000E+00  0.000000E+00  0.221729E-04  0.133564E-02 -0.140131E+02  0.190560E-02
  0.370747E+01  0.696733E+01  0.215196E-02  0.000000E+00  0.000000E+00  0.171842E-04  0.288079E-02  0.169163E+01  0.209583E-02
  0.374473E+01  0.683979E+01  0.212602E-02  0.000000E+00  0.000000E+00  0.425952E-04  0.112149E-02  0.156964E+02  0.207124E-02
  0.378237E+01  0.671446E+01  0.210373E-02  0.000000E+00  0.000000E+00 -0.317183E-05 -0.405940E-03 -0.172046E+04  0.204833E-02
  0.382038E+01  0.659146E+01  0.210792E-02  0.000000E+00  0.000000E+00  0.921787E-05 -0.802736E-03 -0.573958E+02  0.205274E-02
  0.385878E+01  0.647072E+01  0.189574E-02  0.000000E+00  0.000000E+00  0.178254E-04 -0.262853E-03  0.267594E+03  0.184636E-02
  0.389756E+01  0.635196E+01  0.185710E-02  0.000000E+00  0.000000E+00  0.512436E-05  0.128153E-02  0.120761E+02  0.180841E-02
  0.393673E+01  0.623560E+01  0.160604E-02  0.000000E+00  0.000000E+00  0.162492E-04  0.226234E-02 -0.718447E-01  0.156423E-02
  0.397630E+01  0.612148E+01  0.157148E-02  0.000000E+00  0.000000E+00  0.388576E-05  0.245102E-03 -0.408521E+02  0.153027E-02
  0.401626E+01  0.600896E+01  0.142185E-02  0.000000E+00  0.000000E+00 -0.100360E-04 -0.202324E-02 -0.313152E+01  0.138420E-02
  0.405662E+01  0.589882E+01  0.135497E-02  0.000000E+00  0.000000E+00 -0.139450E-04  0.171142E-02  0.581672E+01  0.131898E-02
  0.409739E+01  0.579085E+01  0.143041E-02  0.000000E+00  0.000000E+00  0.241147E-04 -0.115841E-02  0.190704E+02  0.139343E-02
  0.413857E+01  0.568464E+01  0.133445E-02  0.000000E+00  0.000000E+00  0.238876E-04  0.123933E-02  0.106905E+02  0.129999E-02
  0.418017E+01  0.558042E+01  0.147512E-02  0.000000E+00  0.000000E+00  0.191118E-04 -0.176827E-02  0.396639E+01  0.143684E-02
  0.422218E+01  0.547836E+01  0.156177E-02  0.000000E+00  0.000000E+00  0.760275E-05  0.139530E-02 -0.764488E+01  0.152090E-02
  0.426461E+01  0.537801E+01  0.150413E-02  0.000000E+00  0.000000E+00 -0.154238E-04  0.932817E-03  0.145048E+02  0.146417E-02
  0.430747E+01  0.527933E+01  0.152237E-02  0.000000E+00  0.000000E+00  0.374245E-05 -0.987543E-03 -0.241806E+02  0.148244E-02
  0.435076E+01  0.518249E+01  0.155366E-02  0.000000E+00  0.000000E+00  0.263634E-04 -0.161372E-02 -0.432497E+01  0.151350E-02
  0.439448E+01  0.508730E+01  0.150115E-02  0.000000E+00  0.000000E+00  0.152052E-04 -0.161103E-02 -0.154818E+01  0.146208E-02
  0.443865E+01  0.499390E+01  0.137141E-02  0.000000E+00  0.000000E+00 -0.159644E-04 -0.143933E-02 -0.643562E+01  0.133493E-02
  0.448326E+01  0.490222E+01  0.121384E-02  0.000000E+00  0.000000E+00 -0.391623E-06 -0.570221E-03 -0.522764E+02  0.118191E-02
