    0.999999974737875163555145263671875000000000E-04    0.454643463134765625000000000000000000000000E+03
    0.102020130725577473640441894531250000000000E-03    0.463498535156250000000000000000000000000000E+03
    0.104081082099582999944686889648437500000000E-03    0.472525665283203125000000000000000000000000E+03
    0.106183659227099269628524780273437500000000E-03    0.481728179931640625000000000000000000000000E+03
    0.108328706119209527969360351562500000000000E-03    0.491109466552734375000000000000000000000000E+03
    0.110517095890827476978302001953125000000000E-03    0.500673004150390625000000000000000000000000E+03
    0.112749679828993976116180419921875000000000E-03    0.510422271728515625000000000000000000000000E+03
    0.115027374704368412494659423828125000000000E-03    0.520360839843750000000000000000000000000000E+03
    0.117351090011652559041976928710937500000000E-03    0.530492431640625000000000000000000000000000E+03
    0.119721727969590574502944946289062500000000E-03    0.540820617675781250000000000000000000000000E+03
    0.122140278108417987823486328125000000000000E-03    0.551349304199218750000000000000000000000000E+03
    0.124607671750709414482116699218750000000000E-03    0.562082275390625000000000000000000000000000E+03
    0.127124920254573225975036621093750000000000E-03    0.573023437500000000000000000000000000000000E+03
    0.129692998598329722881317138671875000000000E-03    0.584176879882812500000000000000000000000000E+03
    0.132312969071790575981140136718750000000000E-03    0.595546569824218750000000000000000000000000E+03
    0.134985879412852227687835693359375000000000E-03    0.607136718750000000000000000000000000000000E+03
    0.137712777359411120414733886718750000000000E-03    0.618951599121093750000000000000000000000000E+03
    0.140494754305109381675720214843750000000000E-03    0.630995422363281250000000000000000000000000E+03
    0.143332930747419595718383789062500000000000E-03    0.643272583007812500000000000000000000000000E+03
    0.146228456287644803524017333984375000000000E-03    0.655787536621093750000000000000000000000000E+03
    0.149182465975172817707061767578125000000000E-03    0.668544921875000000000000000000000000000000E+03
    0.152196153067052364349365234375000000000000E-03    0.681549194335937500000000000000000000000000E+03
    0.155270710820332169532775878906250000000000E-03    0.694805236816406250000000000000000000000000E+03
    0.158407390699721872806549072265625000000000E-03    0.708317687988281250000000000000000000000000E+03
    0.161607444169931113719940185546875000000000E-03    0.722091552734375000000000000000000000000000E+03
    0.164872122695669531822204589843750000000000E-03    0.736131713867187500000000000000000000000000E+03
    0.168202750501222908496856689453125000000000E-03    0.750443237304687500000000000000000000000000E+03
    0.171600666362792253494262695312500000000000E-03    0.765031311035156250000000000000000000000000E+03
    0.175067238160409033298492431640625000000000E-03    0.779901184082031250000000000000000000000000E+03
    0.178603833774104714393615722656250000000000E-03    0.795058105468750000000000000000000000000000E+03
    0.182211864739656448364257812500000000000000E-03    0.810507568359375000000000000000000000000000E+03
    0.185892800800502300262451171875000000000000E-03    0.826255187988281250000000000000000000000000E+03
    0.189648068044334650039672851562500000000000E-03    0.842306396484375000000000000000000000000000E+03
    0.193479223526082932949066162109375000000000E-03    0.858667114257812500000000000000000000000000E+03
    0.197387780644930899143218994140625000000000E-03    0.875342956542968750000000000000000000000000E+03
    0.201375267351977527141571044921875000000000E-03    0.892339965820312500000000000000000000000000E+03
    0.205443298909813165664672851562500000000000E-03    0.909664123535156250000000000000000000000000E+03
    0.209593548788689076900482177734375000000000E-03    0.927321594238281250000000000000000000000000E+03
    0.213827603147365152835845947265625000000000E-03    0.945318542480468750000000000000000000000000E+03
    0.218147222767584025859832763671875000000000E-03    0.963661376953125000000000000000000000000000E+03
    0.222554081119596958160400390625000000000000E-03    0.982356445312500000000000000000000000000000E+03
    0.227049968088977038860321044921875000000000E-03    0.100141040039062500000000000000000000000000E+04
    0.231636688113212585449218750000000000000000E-03    0.102082989501953125000000000000000000000000E+04
    0.236316060181707143783569335937500000000000E-03    0.104062158203125000000000000000000000000000E+04
    0.241089961491525173187255859375000000000000E-03    0.106079248046875000000000000000000000000000E+04
    0.245960312895476818084716796875000000000000E-03    0.108134936523437500000000000000000000000000E+04
    0.250929006142541766166687011718750000000000E-03    0.110229956054687500000000000000000000000000E+04
    0.255998136708512902259826660156250000000000E-03    0.112365014648437500000000000000000000000000E+04
    0.261169654550030827522277832031250000000000E-03    0.114540844726562500000000000000000000000000E+04
    0.266445596935227513313293457031250000000000E-03    0.116758203125000000000000000000000000000000E+04
    0.271828175755217671394348144531250000000000E-03    0.119017834472656250000000000000000000000000E+04
    0.277319486485794186592102050781250000000000E-03    0.121320507812500000000000000000000000000000E+04
    0.282921682810410857200622558593750000000000E-03    0.123667004394531250000000000000000000000000E+04
    0.288637093035504221916198730468750000000000E-03    0.126058129882812500000000000000000000000000E+04
    0.294467929052188992500305175781250000000000E-03    0.128494665527343750000000000000000000000000E+04
    0.300416606478393077850341796875000000000000E-03    0.130977429199218750000000000000000000000000E+04
    0.306485395412892103195190429687500000000000E-03    0.133507250976562500000000000000000000000000E+04
    0.312676827888935804367065429687500000000000E-03    0.136084960937500000000000000000000000000000E+04
    0.318993290420621633529663085937500000000000E-03    0.138711425781250000000000000000000000000000E+04
    0.325437402352690696716308593750000000000000E-03    0.141387500000000000000000000000000000000000E+04
    0.332011666614562273025512695312500000000000E-03    0.144114038085937500000000000000000000000000E+04
    0.338718760758638381958007812500000000000000E-03    0.146891955566406250000000000000000000000000E+04
    0.345561362337321043014526367187500000000000E-03    0.149722119140625000000000000000000000000000E+04
    0.352542119799181818962097167968750000000000E-03    0.152605456542968750000000000000000000000000E+04
    0.359663943527266383171081542968750000000000E-03    0.155542883300781250000000000000000000000000E+04
    0.366929627489298582077026367187500000000000E-03    0.158535314941406250000000000000000000000000E+04
    0.374342111172154545783996582031250000000000E-03    0.161583715820312500000000000000000000000000E+04
    0.381904304958879947662353515625000000000000E-03    0.164689013671875000000000000000000000000000E+04
    0.389619322959333658218383789062500000000000E-03    0.167852185058593750000000000000000000000000E+04
    0.397490162868052721023559570312500000000000E-03    0.171074206542968750000000000000000000000000E+04
    0.405519997002556920051574707031250000000000E-03    0.174356054687500000000000000000000000000000E+04
    0.413712026784196496009826660156250000000000E-03    0.177698718261718750000000000000000000000000E+04
    0.422069540945813059806823730468750000000000E-03    0.181103222656250000000000000000000000000000E+04
    0.430595915531739592552185058593750000000000E-03    0.184570568847656250000000000000000000000000E+04
    0.439294555690139532089233398437500000000000E-03    0.188101770019531250000000000000000000000000E+04
    0.448168895673006772994995117187500000000000E-03    0.191697851562500000000000000000000000000000E+04
    0.457222486147657036781311035156250000000000E-03    0.195359887695312500000000000000000000000000E+04
    0.466458965092897415161132812500000000000000E-03    0.199088891601562500000000000000000000000000E+04
    0.475882086902856826782226562500000000000000E-03    0.202885925292968750000000000000000000000000E+04
    0.485495518660172820091247558593750000000000E-03    0.206752050781250000000000000000000000000000E+04
    0.495303189381957054138183593750000000000000E-03    0.210688330078125000000000000000000000000000E+04
    0.505309028085321187973022460937500000000000E-03    0.214695849609375000000000000000000000000000E+04
    0.515516963787376880645751953125000000000000E-03    0.218775683593750000000000000000000000000000E+04
    0.525931071024388074874877929687500000000000E-03    0.222928906250000000000000000000000000000000E+04
    0.536555540747940540313720703125000000000000E-03    0.227156591796875000000000000000000000000000E+04
    0.547394680324941873550415039062500000000000E-03    0.231459838867187500000000000000000000000000E+04
    0.558452797122299671173095703125000000000000E-03    0.235839746093750000000000000000000000000000E+04
    0.569734314922243356704711914062500000000000E-03    0.240297387695312500000000000000000000000000E+04
    0.581243715714663267135620117187500000000000E-03    0.244833862304687500000000000000000000000000E+04
    0.592985597904771566390991210937500000000000E-03    0.249450244140625000000000000000000000000000E+04
    0.604964734520763158798217773437500000000000E-03    0.254147607421875000000000000000000000000000E+04
    0.617185782175511121749877929687500000000000E-03    0.258927099609375000000000000000000000000000E+04
    0.629653746727854013442993164062500000000000E-03    0.263789721679687500000000000000000000000000E+04
    0.642373692244291305541992187500000000000000E-03    0.268736572265625000000000000000000000000000E+04
    0.655350449960678815841674804687500000000000E-03    0.273768725585937500000000000000000000000000E+04
    0.668589433189481496810913085937500000000000E-03    0.278887207031250000000000000000000000000000E+04
    0.682095822412520647048950195312500000000000E-03    0.284093090820312500000000000000000000000000E+04
    0.695875030942261219024658203125000000000000E-03    0.289387353515625000000000000000000000000000E+04
    0.709932646714150905609130859375000000000000E-03    0.294771044921875000000000000000000000000000E+04
    0.724274199455976486206054687500000000000000E-03    0.300245141601562500000000000000000000000000E+04
    0.738905626349151134490966796875000000000000E-03    0.305810620117187500000000000000000000000000E+04
    0.753832457121461629867553710937500000000000E-03    0.311468432617187500000000000000000000000000E+04
    0.769060861784964799880981445312500000000000E-03    0.317219506835937500000000000000000000000000E+04
    0.784596893936395645141601562500000000000000E-03    0.323064746093750000000000000000000000000000E+04
    0.800446781795471906661987304687500000000000E-03    0.329005004882812500000000000000000000000000E+04
    0.816616869997233152389526367187500000000000E-03    0.335041137695312500000000000000000000000000E+04
    0.833113677799701690673828125000000000000000E-03    0.341173925781250000000000000000000000000000E+04
    0.849943608045578002929687500000000000000000E-03    0.347404174804687500000000000000000000000000E+04
    0.867113587446510791778564453125000000000000E-03    0.353732519531250000000000000000000000000000E+04
    0.884630659129470586776733398437500000000000E-03    0.360159692382812500000000000000000000000000E+04
    0.902501342352479696273803710937500000000000E-03    0.366686303710937500000000000000000000000000E+04
    0.920733029488474130630493164062500000000000E-03    0.373312915039062500000000000000000000000000E+04
    0.939333112910389900207519531250000000000000E-03    0.380040039062500000000000000000000000000000E+04
    0.958308868575841188430786132812500000000000E-03    0.386868090820312500000000000000000000000000E+04
    0.977667979896068572998046875000000000000000E-03    0.393797460937500000000000000000000000000000E+04
    0.997418188489973545074462890625000000000000E-03    0.400828491210937500000000000000000000000000E+04
    0.101756735239177942276000976562500000000000E-02    0.407961401367187500000000000000000000000000E+04
    0.103812362067401409149169921875000000000000E-02    0.415196289062500000000000000000000000000000E+04
    0.105909502599388360977172851562500000000000E-02    0.422533203125000000000000000000000000000000E+04
    0.108049006666988134384155273437500000000000E-02    0.429972070312500000000000000000000000000000E+04
    0.110231747385114431381225585937500000000000E-02    0.437512744140625000000000000000000000000000E+04
    0.112458574585616588592529296875000000000000E-02    0.445155078125000000000000000000000000000000E+04
    0.114730407949537038803100585937500000000000E-02    0.452898535156250000000000000000000000000000E+04
    0.117048120591789484024047851562500000000000E-02    0.460742675781250000000000000000000000000000E+04
    0.119412643834948539733886718750000000000000E-02    0.468686865234375000000000000000000000000000E+04
    0.121824943926185369491577148437500000000000E-02    0.476730371093750000000000000000000000000000E+04
    0.124285963829606771469116210937500000000000E-02    0.484872314453125000000000000000000000000000E+04
    0.126796704716980457305908203125000000000000E-02    0.493111523437500000000000000000000000000000E+04
    0.129358167760074138641357421875000000000000E-02    0.501446826171875000000000000000000000000000E+04
    0.131971365772187709808349609375000000000000E-02    0.509876708984375000000000000000000000000000E+04
    0.134637358132749795913696289062500000000000E-02    0.518399755859375000000000000000000000000000E+04
    0.137357215862721204757690429687500000000000E-02    0.527014160156250000000000000000000000000000E+04
    0.140132009983062744140625000000000000000000E-02    0.535717773437500000000000000000000000000000E+04
    0.142962858080863952636718750000000000000000E-02    0.544508398437500000000000000000000000000000E+04
    0.145850901026278734207153320312500000000000E-02    0.553383593750000000000000000000000000000000E+04
    0.148797314614057540893554687500000000000000E-02    0.562340771484375000000000000000000000000000E+04
    0.151803228072822093963623046875000000000000E-02    0.571376953125000000000000000000000000000000E+04
    0.154869852121919393539428710937500000000000E-02    0.580488916015625000000000000000000000000000E+04
    0.157998420763760805130004882812500000000000E-02    0.589673095703125000000000000000000000000000E+04
    0.161190202925354242324829101562500000000000E-02    0.598925781250000000000000000000000000000000E+04
    0.164446467533707618713378906250000000000000E-02    0.608243164062500000000000000000000000000000E+04
    0.167768495157361030578613281250000000000000E-02    0.617620703125000000000000000000000000000000E+04
    0.171157636214047670364379882812500000000000E-02    0.627053515625000000000000000000000000000000E+04
    0.174615241121500730514526367187500000000000E-02    0.636536425781250000000000000000000000000000E+04
    0.178142718505114316940307617187500000000000E-02    0.646063964843750000000000000000000000000000E+04
    0.181741418782621622085571289062500000000000E-02    0.655630468750000000000000000000000000000000E+04
    0.185412843711674213409423828125000000000000E-02    0.665229541015625000000000000000000000000000E+04
    0.189158413559198379516601562500000000000000E-02    0.674854394531250000000000000000000000000000E+04
    0.192979711573570966720581054687500000000000E-02    0.684497802734375000000000000000000000000000E+04
    0.196878169663250446319580078125000000000000E-02    0.694152294921875000000000000000000000000000E+04
    0.200855359435081481933593750000000000000000E-02    0.703810107421875000000000000000000000000000E+04
    0.204912899062037467956542968750000000000000E-02    0.713462597656250000000000000000000000000000E+04
    0.209052418358623981475830078125000000000000E-02    0.723100341796875000000000000000000000000000E+04
    0.213275570422410964965820312500000000000000E-02    0.732713671875000000000000000000000000000000E+04
    0.217583985067903995513916015625000000000000E-02    0.742292529296875000000000000000000000000000E+04
    0.221979478374123573303222656250000000000000E-02    0.751826464843750000000000000000000000000000E+04
    0.226463773287832736968994140625000000000000E-02    0.761303955078125000000000000000000000000000E+04
    0.231038639321923255920410156250000000000000E-02    0.770712695312500000000000000000000000000000E+04
    0.235705915838479995727539062500000000000000E-02    0.780039892578125000000000000000000000000000E+04
    0.240467488765716552734375000000000000000000E-02    0.789272509765625000000000000000000000000000E+04
    0.245325244031846523284912109375000000000000E-02    0.798397021484375000000000000000000000000000E+04
    0.250281183980405330657958984375000000000000E-02    0.807398437500000000000000000000000000000000E+04
    0.255337217822670936584472656250000000000000E-02    0.816260791015625000000000000000000000000000E+04
    0.260495371185243129730224609375000000000000E-02    0.824967773437500000000000000000000000000000E+04
    0.265757716260850429534912109375000000000000E-02    0.833502734375000000000000000000000000000000E+04
    0.271126371808350086212158203125000000000000E-02    0.841848437500000000000000000000000000000000E+04
    0.276603479869663715362548828125000000000000E-02    0.849986035156250000000000000000000000000000E+04
    0.282191229052841663360595703125000000000000E-02    0.857895507812500000000000000000000000000000E+04
    0.287891877815127372741699218750000000000000E-02    0.865556347656250000000000000000000000000000E+04
    0.293707661330699920654296875000000000000000E-02    0.872948242187500000000000000000000000000000E+04
    0.299640954472124576568603515625000000000000E-02    0.880049902343750000000000000000000000000000E+04
    0.305694085545837879180908203125000000000000E-02    0.886837988281250000000000000000000000000000E+04
    0.311869522556662559509277343750000000000000E-02    0.893287597656250000000000000000000000000000E+04
    0.318169780075550079345703125000000000000000E-02    0.899373925781250000000000000000000000000000E+04
    0.324597232975065708160400390625000000000000E-02    0.905072070312500000000000000000000000000000E+04
    0.331154512241482734680175781250000000000000E-02    0.910356640625000000000000000000000000000000E+04
    0.337844272144138813018798828125000000000000E-02    0.915200000000000000000000000000000000000000E+04
    0.344669190235435962677001953125000000000000E-02    0.919573144531250000000000000000000000000000E+04
    0.351631967350840568542480468750000000000000E-02    0.923447558593750000000000000000000000000000E+04
    0.358735374175012111663818359375000000000000E-02    0.926795117187500000000000000000000000000000E+04
    0.365982321090996265411376953125000000000000E-02    0.929587402343750000000000000000000000000000E+04
    0.373375625349581241607666015625000000000000E-02    0.931791113281250000000000000000000000000000E+04
    0.380918313749134540557861328125000000000000E-02    0.933371875000000000000000000000000000000000E+04
    0.388613343238830566406250000000000000000000E-02    0.934295898437500000000000000000000000000000E+04
    0.396463880315423011779785156250000000000000E-02    0.934530957031250000000000000000000000000000E+04
    0.404472928494215011596679687500000000000000E-02    0.934045800781250000000000000000000000000000E+04
    0.412643933668732643127441406250000000000000E-02    0.932809082031250000000000000000000000000000E+04
    0.420979922637343406677246093750000000000000E-02    0.930790820312500000000000000000000000000000E+04
    0.429484248161315917968750000000000000000000E-02    0.927963085937500000000000000000000000000000E+04
    0.438160402700304985046386718750000000000000E-02    0.924300488281250000000000000000000000000000E+04
    0.447011832147836685180664062500000000000000E-02    0.919777539062500000000000000000000000000000E+04
    0.456042028963565826416015625000000000000000E-02    0.914356542968750000000000000000000000000000E+04
    0.465254718437790870666503906250000000000000E-02    0.907998437500000000000000000000000000000000E+04
    0.474653439596295356750488281250000000000000E-02    0.900668652343750000000000000000000000000000E+04
    0.484242103993892669677734375000000000000000E-02    0.892337207031250000000000000000000000000000E+04
    0.494024436920881271362304687500000000000000E-02    0.882979003906250000000000000000000000000000E+04
    0.504004349932074546813964843750000000000000E-02    0.872571289062500000000000000000000000000000E+04
    0.514185894280672073364257812500000000000000E-02    0.861097070312500000000000000000000000000000E+04
    0.524573167786002159118652343750000000000000E-02    0.848545605468750000000000000000000000000000E+04
    0.535170361399650573730468750000000000000000E-02    0.834913769531250000000000000000000000000000E+04
    0.545981479808688163757324218750000000000000E-02    0.820202148437500000000000000000000000000000E+04
    0.557011039927601814270019531250000000000000E-02    0.804404296875000000000000000000000000000000E+04
    0.568263372406363487243652343750000000000000E-02    0.787519580078125000000000000000000000000000E+04
    0.579743087291717529296875000000000000000000E-02    0.769557470703125000000000000000000000000000E+04
    0.591454654932022094726562500000000000000000E-02    0.750538037109375000000000000000000000000000E+04
    0.603402825072407722473144531250000000000000E-02    0.730489160156250000000000000000000000000000E+04
    0.615592347458004951477050781250000000000000E-02    0.709438330078125000000000000000000000000000E+04
    0.628028111532330513000488281250000000000000E-02    0.687423046875000000000000000000000000000000E+04
    0.640715099871158599853515625000000000000000E-02    0.664493652343750000000000000000000000000000E+04
    0.653658434748649597167968750000000000000000E-02    0.640713134765625000000000000000000000000000E+04
    0.666863145306706428527832031250000000000000E-02    0.616153173828125000000000000000000000000000E+04
    0.680334679782390594482421875000000000000000E-02    0.590885644531250000000000000000000000000000E+04
    0.694078346714377403259277343750000000000000E-02    0.564993603515625000000000000000000000000000E+04
    0.708099640905857086181640625000000000000000E-02    0.538572851562500000000000000000000000000000E+04
    0.722404150292277336120605468750000000000000E-02    0.511731103515625000000000000000000000000000E+04
    0.736997742205858230590820312500000000000000E-02    0.484583447265625000000000000000000000000000E+04
    0.751886051148176193237304687500000000000000E-02    0.457245507812500000000000000000000000000000E+04
    0.767075084149837493896484375000000000000000E-02    0.429840869140625000000000000000000000000000E+04
    0.782571360468864440917968750000000000000000E-02    0.402500463867187500000000000000000000000000E+04
    0.798380374908447265625000000000000000000000E-02    0.375360668945312500000000000000000000000000E+04
    0.814508739858865737915039062500000000000000E-02    0.348559838867187500000000000000000000000000E+04
    0.830962881445884704589843750000000000000000E-02    0.322235278320312500000000000000000000000000E+04
    0.847749505192041397094726562500000000000000E-02    0.296521752929687500000000000000000000000000E+04
    0.864875130355358123779296875000000000000000E-02    0.271549145507812500000000000000000000000000E+04
    0.882346741855144500732421875000000000000000E-02    0.247439672851562500000000000000000000000000E+04
    0.900171231478452682495117187500000000000000E-02    0.224308789062500000000000000000000000000000E+04
    0.918355956673622131347656250000000000000000E-02    0.202266064453125000000000000000000000000000E+04
    0.936907902359962463378906250000000000000000E-02    0.181403564453125000000000000000000000000000E+04
    0.955834705382585525512695312500000000000000E-02    0.161793457031250000000000000000000000000000E+04
    0.975143909454345703125000000000000000000000E-02    0.143487731933593750000000000000000000000000E+04
    0.994843058288097381591796875000000000000000E-02    0.126526635742187500000000000000000000000000E+04
    0.101494016125798225402832031250000000000000E-01    0.110943725585937500000000000000000000000000E+04
    0.103544332087039947509765625000000000000000E-01    0.967445739746093750000000000000000000000000E+03
    0.105636063963174819946289062500000000000000E-01    0.839079528808593750000000000000000000000000E+03
    0.107770059257745742797851562500000000000000E-01    0.723905944824218750000000000000000000000000E+03
    0.109947146847844123840332031250000000000000E-01    0.621409484863281250000000000000000000000000E+03
    0.112168220803141593933105468750000000000000E-01    0.531055786132812500000000000000000000000000E+03
    0.114434175193309783935546875000000000000000E-01    0.452101379394531250000000000000000000000000E+03
    0.116745894774794578552246093750000000000000E-01    0.383647094726562500000000000000000000000000E+03
    0.119104310870170593261718750000000000000000E-01    0.324710449218750000000000000000000000000000E+03
    0.121510382741689682006835937500000000000000E-01    0.274349426269531250000000000000000000000000E+03
    0.123965051025152206420898437500000000000000E-01    0.231705337524414062500000000000000000000000E+03
    0.126469302922487258911132812500000000000000E-01    0.195882766723632812500000000000000000000000E+03
    0.129024153575301170349121093750000000000000E-01    0.165992538452148437500000000000000000000000E+03
    0.131630674004554748535156250000000000000000E-01    0.141193466186523437500000000000000000000000E+03
    0.134289795532822608947753906250000000000000E-01    0.120660369873046875000000000000000000000000E+03
    0.137002617120742797851562500000000000000000E-01    0.103600311279296875000000000000000000000000E+03
    0.139770256355404853820800781250000000000000E-01    0.893694686889648437500000000000000000000000E+02
    0.142593793570995330810546875000000000000000E-01    0.774523086547851562500000000000000000000000E+02
    0.145474374294281005859375000000000000000000E-01    0.674340515136718750000000000000000000000000E+02
    0.148413162678480148315429687500000000000000E-01    0.589561538696289062500000000000000000000000E+02
    0.151411294937133789062500000000000000000000E-01    0.517020454406738281250000000000000000000000E+02
    0.154470009729266166687011718750000000000000E-01    0.454269676208496093750000000000000000000000E+02
    0.157590489834547042846679687500000000000000E-01    0.399434814453125000000000000000000000000000E+02
    0.160774048417806625366210937500000000000000E-01    0.351064491271972656250000000000000000000000E+02
    0.164021886885166168212890625000000000000000E-01    0.307477474212646484375000000000000000000000E+02
    0.167335346341133117675781250000000000000000E-01    0.266829872131347656250000000000000000000000E+02
    0.170715730637311935424804687500000000000000E-01    0.228070068359375000000000000000000000000000E+02
    0.174164418131113052368164062500000000000000E-01    0.190867862701416015625000000000000000000000E+02
    0.177682787179946899414062500000000000000000E-01    0.155492019653320312500000000000000000000000E+02
    0.181272197514772415161132812500000000000000E-01    0.123307085037231445312500000000000000000000E+02
    0.184934139251708984375000000000000000000000E-01    0.959153175354003906250000000000000000000000E+01
    0.188670046627521514892578125000000000000000E-01    0.737821149826049804687500000000000000000000E+01
    0.192481447011232376098632812500000000000000E-01    0.565874958038330078125000000000000000000000E+01
    0.196369830518960952758789062500000000000000E-01    0.436024427413940429687500000000000000000000E+01
    0.200336743146181106567382812500000000000000E-01    0.334249901771545410156250000000000000000000E+01
    0.204383805394172668457031250000000000000000E-01    0.247185587882995605468750000000000000000000E+01
    0.208512637764215469360351562500000000000000E-01    0.170782506465911865234375000000000000000000E+01
    0.212724860757589340209960937500000000000000E-01    0.106760084629058837890625000000000000000000E+01
    0.217022281140089035034179687500000000000000E-01    0.586208701133728027343750000000000000000000E+00
    0.221406426280736923217773437500000000000000E-01    0.293510049581527709960937500000000000000000E+00
    0.225879121571779251098632812500000000000000E-01    0.149781569838523864746093750000000000000000E+00
    0.230442192405462265014648437500000000000000E-01    0.874072387814521789550781250000000000000000E-01
    0.235097426921129226684570312500000000000000E-01    0.654453858733177185058593750000000000000000E-01
    0.239846706390380859375000000000000000000000E-01    0.701825320720672607421875000000000000000000E-01
    0.244691912084817886352539062500000000000000E-01    0.106867387890815734863281250000000000000000E+00
    0.249635018408298492431640625000000000000000E-01    0.203280821442604064941406250000000000000000E+00
    0.254677981138229370117187500000000000000000E-01    0.422735124826431274414062500000000000000000E+00
    0.259822811931371688842773437500000000000000E-01    0.841098129749298095703125000000000000000000E+00
    0.265071578323841094970703125000000000000000E-01    0.140787017345428466796875000000000000000000E+01
    0.270426385104656219482421875000000000000000E-01    0.191428542137145996093750000000000000000000E+01
    0.275889337062835693359375000000000000000000E-01    0.222519803047180175781250000000000000000000E+01
    0.281462669372558593750000000000000000000000E-01    0.233469438552856445312500000000000000000000E+01
    0.287148579955101013183593750000000000000000E-01    0.233438515663146972656250000000000000000000E+01
    0.292949359863996505737304687500000000000000E-01    0.234390521049499511718750000000000000000000E+01
    0.298867337405681610107421875000000000000000E-01    0.240949440002441406250000000000000000000000E+01
    0.304904840886592864990234375000000000000000E-01    0.251458311080932617187500000000000000000000E+01
    0.311064328998327255249023437500000000000000E-01    0.263949942588806152343750000000000000000000E+01
    0.317348241806030273437500000000000000000000E-01    0.276092052459716796875000000000000000000000E+01
    0.323759093880653381347656250000000000000000E-01    0.285105061531066894531250000000000000000000E+01
    0.330299474298954010009765625000000000000000E-01    0.287758374214172363281250000000000000000000E+01
    0.336971953511238098144531250000000000000000E-01    0.280902147293090820312500000000000000000000E+01
    0.343779213726520538330078125000000000000000E-01    0.262429428100585937500000000000000000000000E+01
    0.350724011659622192382812500000000000000000E-01    0.232181000709533691406250000000000000000000E+01
    0.357809104025363922119140625000000000000000E-01    0.193614077568054199218750000000000000000000E+01
    0.365037508308887481689453125000000000000000E-01    0.157347977161407470703125000000000000000000E+01
    0.372411720454692840576171875000000000000000E-01    0.130867969989776611328125000000000000000000E+01
    0.379934944212436676025390625000000000000000E-01    0.116978669166564941406250000000000000000000E+01
    0.387610122561454772949218750000000000000000E-01    0.117347764968872070312500000000000000000000E+01
    0.395440347492694854736328125000000000000000E-01    0.119960927963256835937500000000000000000000E+01
    0.403428785502910614013671875000000000000000E-01    0.981352329254150390625000000000000000000000E+00
    0.411578565835952758789062500000000000000000E-01    0.501091241836547851562500000000000000000000E+00
    0.419893004000186920166015625000000000000000E-01    0.126761376857757568359375000000000000000000E+00
    0.428375415503978729248046875000000000000000E-01    0.194915551692247390747070312500000000000000E-01
    0.437029153108596801757812500000000000000000E-01    0.352357444353401660919189453125000000000000E-02
    0.445857718586921691894531250000000000000000E-01    0.147971941623836755752563476562500000000000E-02
    0.454864650964736938476562500000000000000000E-01    0.254378956742584705352783203125000000000000E-02
    0.464053489267826080322265625000000000000000E-01    0.127008957788348197937011718750000000000000E-01
    0.473427996039390563964843750000000000000000E-01    0.846682861447334289550781250000000000000000E-01
    0.482991859316825866699218750000000000000000E-01    0.347860604524612426757812500000000000000000E+00
    0.492748916149139404296875000000000000000000E-01    0.620551168918609619140625000000000000000000E+00
    0.502703115344047546386718750000000000000000E-01    0.658272445201873779296875000000000000000000E+00
    0.512858368456363677978515625000000000000000E-01    0.602747619152069091796875000000000000000000E+00
    0.523218810558319091796875000000000000000000E-01    0.623198747634887695312500000000000000000000E+00
    0.533788502216339111328125000000000000000000E-01    0.699373245239257812500000000000000000000000E+00
    0.544571764767169952392578125000000000000000E-01    0.773670792579650878906250000000000000000000E+00
    0.555572807788848876953125000000000000000000E-01    0.782740831375122070312500000000000000000000E+00
    0.566796138882637023925781250000000000000000E-01    0.720217049121856689453125000000000000000000E+00
    0.578246153891086578369140625000000000000000E-01    0.607841253280639648437500000000000000000000E+00
    0.589927472174167633056640625000000000000000E-01    0.479909151792526245117187500000000000000000E+00
    0.601844787597656250000000000000000000000000E-01    0.370359867811203002929687500000000000000000E+00
    0.614003166556358337402343750000000000000000E-01    0.290091156959533691406250000000000000000000E+00
    0.626406818628311157226562500000000000000000E-01    0.194668069481849670410156250000000000000000E+00
    0.639061108231544494628906250000000000000000E-01    0.771537944674491882324218750000000000000000E-01
    0.651970952749252319335937500000000000000000E-01    0.152522772550582885742187500000000000000000E-01
    0.665141642093658447265625000000000000000000E-01    0.345610151998698711395263671875000000000000E-02
    0.678578317165374755859375000000000000000000E-01    0.266010104678571224212646484375000000000000E-02
    0.692286565899848937988281250000000000000000E-01    0.805928278714418411254882812500000000000000E-02
    0.706271678209304809570312500000000000000000E-01    0.440261214971542358398437500000000000000000E-01
    0.720539242029190063476562500000000000000000E-01    0.190957397222518920898437500000000000000000E+00
    0.735095068812370300292968750000000000000000E-01    0.368651300668716430664062500000000000000000E+00
    0.749944970011711120605468750000000000000000E-01    0.387380450963973999023437500000000000000000E+00
    0.765094906091690063476562500000000000000000E-01    0.317087322473526000976562500000000000000000E+00
    0.780550837516784667968750000000000000000000E-01    0.275406777858734130859375000000000000000000E+00
    0.796318948268890380859375000000000000000000E-01    0.255455225706100463867187500000000000000000E+00
    0.812405645847320556640625000000000000000000E-01    0.227092593908309936523437500000000000000000E+00
    0.828817337751388549804687500000000000000000E-01    0.174125492572784423828125000000000000000000E+00
    0.845560505986213684082031250000000000000000E-01    0.105692125856876373291015625000000000000000E+00
    0.862641930580139160156250000000000000000000E-01    0.469782352447509765625000000000000000000000E-01
    0.880068466067314147949218750000000000000000E-01    0.159057714045047760009765625000000000000000E-01
    0.897847041487693786621093750000000000000000E-01    0.687635736539959907531738281250000000000000E-02
    0.915984734892845153808593750000000000000000E-01    0.713388202711939811706542968750000000000000E-02
    0.934488773345947265625000000000000000000000E-01    0.197772216051816940307617187500000000000000E-01
    0.953366756439208984375000000000000000000000E-01    0.674315318465232849121093750000000000000000E-01
    0.972625985741615295410156250000000000000000E-01    0.130331709980964660644531250000000000000000E+00
    0.992274358868598937988281250000000000000000E-01    0.141254529356956481933593750000000000000000E+00
    0.101232007145881652832031250000000000000000E+00    0.125973477959632873535156250000000000000000E+00
    0.103277020156383514404296875000000000000000E+00    0.110828742384910583496093750000000000000000E+00
    0.105363354086875915527343750000000000000000E+00    0.825227275490760803222656250000000000000000E-01
    0.107491828501224517822265625000000000000000E+00    0.450811870396137237548828125000000000000000E-01
    0.109663315117359161376953125000000000000000E+00    0.184926129877567291259765625000000000000000E-01
    0.111878655850887298583984375000000000000000E+00    0.647056149318814277648925781250000000000000E-02
    0.114138752222061157226562500000000000000000E+00    0.357981631532311439514160156250000000000000E-02
    0.116444505751132965087890625000000000000000E+00    0.659095868468284606933593750000000000000000E-02
    0.118796832859516143798828125000000000000000E+00    0.244777686893939971923828125000000000000000E-01
    0.121196687221527099609375000000000000000000E+00    0.529713444411754608154296875000000000000000E-01
    0.123645029962062835693359375000000000000000E+00    0.554435886442661285400390625000000000000000E-01
    0.126142814755439758300781250000000000000000E+00    0.482189841568470001220703125000000000000000E-01
    0.128691077232360839843750000000000000000000E+00    0.361441038548946380615234375000000000000000E-01
    0.131290808320045471191406250000000000000000E+00    0.179376080632209777832031250000000000000000E-01
    0.133943051099777221679687500000000000000000E+00    0.587502354755997657775878906250000000000000E-02
    0.136648878455162048339843750000000000000000E+00    0.176985445432364940643310546875000000000000E-02
    0.139409363269805908203125000000000000000000E+00    0.169917161110788583755493164062500000000000E-02
    0.142225623130798339843750000000000000000000E+00    0.740213692188262939453125000000000000000000E-02
    0.145098760724067687988281250000000000000000E+00    0.208932254463434219360351562500000000000000E-01
    0.148029953241348266601562500000000000000000E+00    0.214279461652040481567382812500000000000000E-01
    0.151020348072052001953125000000000000000000E+00    0.176103971898555755615234375000000000000000E-01
    0.154071167111396789550781250000000000000000E+00    0.109134493395686149597167968750000000000000E-01
    0.157183602452278137207031250000000000000000E+00    0.365599733777344226837158203125000000000000E-02
    0.160358920693397521972656250000000000000000E+00    0.662974838633090257644653320312500000000000E-03
    0.163598373532295227050781250000000000000000E+00    0.558024563360959291458129882812500000000000E-03
    0.166903272271156311035156250000000000000000E+00    0.398438796401023864746093750000000000000000E-02
    0.170275032520294189453125000000000000000000E+00    0.879567675292491912841796875000000000000000E-02
    0.173714801669120788574218750000000000000000E+00    0.712756766006350517272949218750000000000000E-02
    0.177224084734916687011718750000000000000000E+00    0.517651904374361038208007812500000000000000E-02
    0.180804237723350524902343750000000000000000E+00    0.206997524946928024291992187500000000000000E-02
    0.184456720948219299316406250000000000000000E+00    0.154588007717393338680267333984375000000000E-03
    0.188182994723320007324218750000000000000000E+00    0.158591545186936855316162109375000000000000E-03
    0.191984534263610839843750000000000000000000E+00    0.239908858202397823333740234375000000000000E-02
    0.195862874388694763183593750000000000000000E+00    0.304009323008358478546142578125000000000000E-02
    0.199819564819335937500000000000000000000000E+00    0.215587299317121505737304687500000000000000E-02
    0.203856185078620910644531250000000000000000E+00    0.178263837005943059921264648437500000000000E-02
    0.207974359393119812011718750000000000000000E+00    0.293071716441772878170013427734375000000000E-04
    0.212175697088241577148437500000000000000000E+00    0.145176863952656276524066925048828125000000E-04
    0.216461926698684692382812500000000000000000E+00    0.115842395462095737457275390625000000000000E-02
    0.220834761857986450195312500000000000000000E+00    0.924252672120928764343261718750000000000000E-03
    0.225295916199684143066406250000000000000000E+00    0.949475448578596115112304687500000000000000E-03
    0.229847192764282226562500000000000000000000E+00    0.170669096405617892742156982421875000000000E-03
    0.234490394592285156250000000000000000000000E+00    0.397152888353957678191363811492919921875000E-06
    0.239227414131164550781250000000000000000000E+00    0.191747807548381388187408447265625000000000E-03
    0.244060128927230834960937500000000000000000E+00    0.357622542651370167732238769531250000000000E-03
    0.248990446329116821289062500000000000000000E+00    0.342409388395026326179504394531250000000000E-03
    0.254020392894744873046875000000000000000000E+00    0.819688502815552055835723876953125000000000E-04
    0.259151935577392578125000000000000000000000E+00    0.472766214443254284560680389404296875000000E-05
    0.264387160539627075195312500000000000000000E+00    0.725326171959750354290008544921875000000000E-04
    0.269728124141693115234375000000000000000000E+00    0.129116669995710253715515136718750000000000E-03
    0.275177001953125000000000000000000000000000E+00    0.106157414847984910011291503906250000000000E-03
    0.280736058950424194335937500000000000000000E+00    0.894532331585651263594627380371093750000000E-05
    0.286407291889190673828125000000000000000000E+00    0.749676291889045387506484985351562500000000E-05
    0.292193114757537841796875000000000000000000E+00    0.433662753493990749120712280273437500000000E-04
    0.298095792531967163085937500000000000000000E+00    0.424017562181688845157623291015625000000000E-04
    0.304117560386657714843750000000000000000000E+00    0.951535821513971313834190368652343750000000E-05
    0.310261309146881103515625000000000000000000E+00    0.107728067177959019318222999572753906250000E-05
    0.316528826951980590820312500000000000000000E+00    0.148386807268252596259117126464843750000000E-04
    0.322923272848129272460937500000000000000000E+00    0.126654867926845327019691467285156250000000E-04
    0.329446613788604736328125000000000000000000E+00    0.338232325702847447246313095092773437500000E-05
    0.336102008819580078125000000000000000000000E+00    0.133143885250319726765155792236328125000000E-06
    0.342891573905944824218750000000000000000000E+00    0.631038483334123156964778900146484375000000E-05
    0.349818587303161621093750000000000000000000E+00    0.469721771878539584577083587646484375000000E-05
    0.356885224580764770507812500000000000000000E+00    0.565503057714522583410143852233886718750000E-07
    0.364094972610473632812500000000000000000000E+00    0.985041879175696521997451782226562500000000E-06
    0.371450334787368774414062500000000000000000E+00    0.155787404310103738680481910705566406250000E-05
    0.378953933715820312500000000000000000000000E+00    0.298866723369428655132651329040527343750000E-06
    0.386609494686126708984375000000000000000000E+00    0.102670341561861278023570775985717773437500E-06
    0.394419312477111816406250000000000000000000E+00    0.645241016172803938388824462890625000000000E-06
    0.402387291193008422851562500000000000000000E+00    0.306357577528615365736186504364013671875000E-06
    0.410515844821929931640625000000000000000000E+00    0.475689221346442536741960793733596801757812E-08
    0.418809026479721069335937500000000000000000E+00    0.200237977310280257370322942733764648437500E-06
    0.427269339561462402343750000000000000000000E+00    0.122786246947725885547697544097900390625000E-06
    0.435900926589965820312500000000000000000000E+00    0.370549757544580415924428962171077728271484E-09
    0.444706469774246215820312500000000000000000E+00    0.589952655616343690780922770500183105468750E-07
    0.453690379858016967773437500000000000000000E+00    0.268756856769414298469200730323791503906250E-07
    0.462855309247970581054687500000000000000000E+00    0.213779438595906867703888565301895141601562E-08
    0.472205787897109985351562500000000000000000E+00    0.141751703708337117859628051519393920898438E-07
    0.481744766235351562500000000000000000000000E+00    0.992578463865356752648949623107910156250000E-09
    0.491476893424987792968750000000000000000000E+00    0.426282831256230565486475825309753417968750E-08
    0.501405119895935058593750000000000000000000E+00    0.525629006986605418205726891756057739257812E-08
    0.511534392833709716796875000000000000000000E+00    0.148292558788121198176668258383870124816895E-09
    0.521867811679840087890625000000000000000000E+00    0.791338994332591028069145977497100830078125E-09
    0.532410502433776855468750000000000000000000E+00    0.480247543122036546492381603457033634185791E-10
    0.543165624141693115234375000000000000000000E+00    0.109450959406842684984439983963966369628906E-08
    0.554138541221618652343750000000000000000000E+00    0.956954182562697042158106341958045959472656E-09
    0.565332591533660888671875000000000000000000E+00    0.976690325837914485873625380918383598327637E-10
    0.576753377914428710937500000000000000000000E+00    0.455291099960009049141262948978692293167114E-11
    0.588404297828674316406250000000000000000000E+00    0.129050090058591138131305342540144920349121E-09
    0.600291073322296142578125000000000000000000E+00    0.280872880509264177817385643720626831054688E-09
    0.612418055534362792968750000000000000000000E+00    0.123488400061155800813139649108052253723145E-09
    0.624789416790008544921875000000000000000000E+00    0.717337231281867104826233116909861564636230E-10
    0.637411296367645263671875000000000000000000E+00    0.559486415530052738631638931110501289367676E-10
    0.650287508964538574218750000000000000000000E+00    0.519411492982957412323230528272688388824463E-10
    0.663424491882324218750000000000000000000000E+00    0.521372910122774868568740203045308589935303E-10
    0.676826238632202148437500000000000000000000E+00    0.523753089509693126046840916387736797332764E-10
    0.690499365329742431640625000000000000000000E+00    0.520761350708554004995676223188638687133789E-10
    0.704448044300079345703125000000000000000000E+00    0.514289687225666369840837433002889156341553E-10
    0.718679130077362060546875000000000000000000E+00    0.506244109133024977609238703735172748565674E-10
    0.733197033405303955078125000000000000000000E+00    0.498598107245840083123766817152500152587891E-10
    0.748008966445922851562500000000000000000000E+00    0.493407502355491800472009344957768917083740E-10
    0.763119339942932128906250000000000000000000E+00    0.492677947050434994480383465997874736785889E-10
    0.778535783290863037109375000000000000000000E+00    0.497480320826859667704411549493670463562012E-10
    0.794262826442718505859375000000000000000000E+00    0.499997439284971534334545140154659748077393E-10
    0.810308396816253662109375000000000000000000E+00    0.487724999276295534400560427457094192504883E-10
    0.826677322387695312500000000000000000000000E+00    0.450195852819135211575485300272703170776367E-10
    0.843377590179443359375000000000000000000000E+00    0.387349978481221768333853106014430522918701E-10
    0.860414624214172363281250000000000000000000E+00    0.315583566223853750898342696018517017364502E-10
    0.877796530723571777343750000000000000000000E+00    0.248753431048021056426478025969117879867554E-10
    0.895528674125671386718750000000000000000000E+00    0.193908465673242602633763453923165798187256E-10
    0.913619995117187500000000000000000000000000E+00    0.154852918682335527478244330268353223800659E-10
    0.932075977325439453125000000000000000000000E+00    0.133261067111756226211127795977517962455750E-10
    0.950905561447143554687500000000000000000000E+00    0.130100834619395477886882872553542256355286E-10
    0.970114648342132568359375000000000000000000E+00    0.148915116349179754706710809841752052307129E-10
    0.989712655544281005859375000000000000000000E+00    0.180004101901776181193781667388975620269775E-10
    0.100970673561096191406250000000000000000000E+01    0.194565578925942617161126690916717052459717E-10
    0.103010356426239013671875000000000000000000E+01    0.160662681075729452118139306548982858657837E-10
    0.105091357231140136718750000000000000000000E+01    0.185641467476127530744633986614644527435303E-10
    0.107214283943176269531250000000000000000000E+01    0.181019331468856847777715302072465419769287E-10
    0.109380209445953369140625000000000000000000E+01    0.166282005525930642875209741760045289993286E-10
    0.111589777469635009765625000000000000000000E+01    0.147846821590968957593759114388376474380493E-10
    0.113844096660614013671875000000000000000000E+01    0.125407470866201187220667634392157196998596E-10
    0.116143846511840820312500000000000000000000E+01    0.935714179750579688743528095073997974395752E-11
    0.118490147590637207031250000000000000000000E+01    0.661325898557163505131484271259978413581848E-11
    0.120883750915527343750000000000000000000000E+01    0.504931903580474461534777219640091061592102E-11
    0.123325824737548828125000000000000000000000E+01    0.427361011162696868836974317673593759536743E-11
    0.125817120075225830078125000000000000000000E+01    0.446776209778176891518342017661780118942261E-11
    0.128358840942382812500000000000000000000000E+01    0.515385043670102405144461954478174448013306E-11
    0.130951797962188720703125000000000000000000E+01    0.585312267403770292162334953900426626205444E-11
    0.133597266674041748046875000000000000000000E+01    0.650755491160559529362217290326952934265137E-11
    0.136296045780181884765625000000000000000000E+01    0.717945841666178807827236596494913101196289E-11
    0.139049470424652099609375000000000000000000E+01    0.694822281308016265199967165244743227958679E-11
    0.141858386993408203125000000000000000000000E+01    0.458964160079955441062793397577479481697083E-11
    0.144724178314208984375000000000000000000000E+01    0.429350825725816065414619515649974346160889E-11
    0.147647726535797119140625000000000000000000E+01    0.343557517504256004770013532834127545356750E-11
