    0.999999974737875163555145263671875000000000E-04    0.441631225585937500000000000000000000000000E+03
    0.102020130725577473640441894531250000000000E-03    0.450237487792968750000000000000000000000000E+03
    0.104081082099582999944686889648437500000000E-03    0.459011352539062500000000000000000000000000E+03
    0.106183659227099269628524780273437500000000E-03    0.467955902099609375000000000000000000000000E+03
    0.108328706119209527969360351562500000000000E-03    0.477074584960937500000000000000000000000000E+03
    0.110517095890827476978302001953125000000000E-03    0.486370727539062500000000000000000000000000E+03
    0.112749679828993976116180419921875000000000E-03    0.495847747802734375000000000000000000000000E+03
    0.115027374704368412494659423828125000000000E-03    0.505509216308593750000000000000000000000000E+03
    0.117351090011652559041976928710937500000000E-03    0.515358703613281250000000000000000000000000E+03
    0.119721727969590574502944946289062500000000E-03    0.525399780273437500000000000000000000000000E+03
    0.122140278108417987823486328125000000000000E-03    0.535636230468750000000000000000000000000000E+03
    0.124607671750709414482116699218750000000000E-03    0.546071716308593750000000000000000000000000E+03
    0.127124920254573225975036621093750000000000E-03    0.556710266113281250000000000000000000000000E+03
    0.129692998598329722881317138671875000000000E-03    0.567555664062500000000000000000000000000000E+03
    0.132312969071790575981140136718750000000000E-03    0.578611999511718750000000000000000000000000E+03
    0.134985879412852227687835693359375000000000E-03    0.589883361816406250000000000000000000000000E+03
    0.137712777359411120414733886718750000000000E-03    0.601373840332031250000000000000000000000000E+03
    0.140494754305109381675720214843750000000000E-03    0.613087646484375000000000000000000000000000E+03
    0.143332930747419595718383789062500000000000E-03    0.625029174804687500000000000000000000000000E+03
    0.146228456287644803524017333984375000000000E-03    0.637202758789062500000000000000000000000000E+03
    0.149182465975172817707061767578125000000000E-03    0.649612976074218750000000000000000000000000E+03
    0.152196153067052364349365234375000000000000E-03    0.662264282226562500000000000000000000000000E+03
    0.155270710820332169532775878906250000000000E-03    0.675161376953125000000000000000000000000000E+03
    0.158407390699721872806549072265625000000000E-03    0.688309143066406250000000000000000000000000E+03
    0.161607444169931113719940185546875000000000E-03    0.701712036132812500000000000000000000000000E+03
    0.164872122695669531822204589843750000000000E-03    0.715375366210937500000000000000000000000000E+03
    0.168202750501222908496856689453125000000000E-03    0.729303833007812500000000000000000000000000E+03
    0.171600666362792253494262695312500000000000E-03    0.743502807617187500000000000000000000000000E+03
    0.175067238160409033298492431640625000000000E-03    0.757977416992187500000000000000000000000000E+03
    0.178603833774104714393615722656250000000000E-03    0.772732727050781250000000000000000000000000E+03
    0.182211864739656448364257812500000000000000E-03    0.787774475097656250000000000000000000000000E+03
    0.185892800800502300262451171875000000000000E-03    0.803107910156250000000000000000000000000000E+03
    0.189648068044334650039672851562500000000000E-03    0.818738830566406250000000000000000000000000E+03
    0.193479223526082932949066162109375000000000E-03    0.834672729492187500000000000000000000000000E+03
    0.197387780644930899143218994140625000000000E-03    0.850915588378906250000000000000000000000000E+03
    0.201375267351977527141571044921875000000000E-03    0.867473327636718750000000000000000000000000E+03
    0.205443298909813165664672851562500000000000E-03    0.884351806640625000000000000000000000000000E+03
    0.209593548788689076900482177734375000000000E-03    0.901557250976562500000000000000000000000000E+03
    0.213827603147365152835845947265625000000000E-03    0.919095947265625000000000000000000000000000E+03
    0.218147222767584025859832763671875000000000E-03    0.936974304199218750000000000000000000000000E+03
    0.222554081119596958160400390625000000000000E-03    0.955198547363281250000000000000000000000000E+03
    0.227049968088977038860321044921875000000000E-03    0.973775695800781250000000000000000000000000E+03
    0.231636688113212585449218750000000000000000E-03    0.992712097167968750000000000000000000000000E+03
    0.236316060181707143783569335937500000000000E-03    0.101201477050781250000000000000000000000000E+04
    0.241089961491525173187255859375000000000000E-03    0.103169042968750000000000000000000000000000E+04
    0.245960312895476818084716796875000000000000E-03    0.105174658203125000000000000000000000000000E+04
    0.250929006142541766166687011718750000000000E-03    0.107219018554687500000000000000000000000000E+04
    0.255998136708512902259826660156250000000000E-03    0.109302856445312500000000000000000000000000E+04
    0.261169654550030827522277832031250000000000E-03    0.111426940917968750000000000000000000000000E+04
    0.266445596935227513313293457031250000000000E-03    0.113592016601562500000000000000000000000000E+04
    0.271828175755217671394348144531250000000000E-03    0.115798840332031250000000000000000000000000E+04
    0.277319486485794186592102050781250000000000E-03    0.118048217773437500000000000000000000000000E+04
    0.282921682810410857200622558593750000000000E-03    0.120340979003906250000000000000000000000000E+04
    0.288637093035504221916198730468750000000000E-03    0.122677893066406250000000000000000000000000E+04
    0.294467929052188992500305175781250000000000E-03    0.125059838867187500000000000000000000000000E+04
    0.300416606478393077850341796875000000000000E-03    0.127487585449218750000000000000000000000000E+04
    0.306485395412892103195190429687500000000000E-03    0.129962084960937500000000000000000000000000E+04
    0.312676827888935804367065429687500000000000E-03    0.132484143066406250000000000000000000000000E+04
    0.318993290420621633529663085937500000000000E-03    0.135054699707031250000000000000000000000000E+04
    0.325437402352690696716308593750000000000000E-03    0.137674621582031250000000000000000000000000E+04
    0.332011666614562273025512695312500000000000E-03    0.140344836425781250000000000000000000000000E+04
    0.338718760758638381958007812500000000000000E-03    0.143066284179687500000000000000000000000000E+04
    0.345561362337321043014526367187500000000000E-03    0.145839892578125000000000000000000000000000E+04
    0.352542119799181818962097167968750000000000E-03    0.148666699218750000000000000000000000000000E+04
    0.359663943527266383171081542968750000000000E-03    0.151547595214843750000000000000000000000000E+04
    0.366929627489298582077026367187500000000000E-03    0.154483666992187500000000000000000000000000E+04
    0.374342111172154545783996582031250000000000E-03    0.157475866699218750000000000000000000000000E+04
    0.381904304958879947662353515625000000000000E-03    0.160525268554687500000000000000000000000000E+04
    0.389619322959333658218383789062500000000000E-03    0.163632861328125000000000000000000000000000E+04
    0.397490162868052721023559570312500000000000E-03    0.166799816894531250000000000000000000000000E+04
    0.405519997002556920051574707031250000000000E-03    0.170027124023437500000000000000000000000000E+04
    0.413712026784196496009826660156250000000000E-03    0.173315905761718750000000000000000000000000E+04
    0.422069540945813059806823730468750000000000E-03    0.176667297363281250000000000000000000000000E+04
    0.430595915531739592552185058593750000000000E-03    0.180082446289062500000000000000000000000000E+04
    0.439294555690139532089233398437500000000000E-03    0.183562463378906250000000000000000000000000E+04
    0.448168895673006772994995117187500000000000E-03    0.187108557128906250000000000000000000000000E+04
    0.457222486147657036781311035156250000000000E-03    0.190721923828125000000000000000000000000000E+04
    0.466458965092897415161132812500000000000000E-03    0.194403735351562500000000000000000000000000E+04
    0.475882086902856826782226562500000000000000E-03    0.198155261230468750000000000000000000000000E+04
    0.485495518660172820091247558593750000000000E-03    0.201977673339843750000000000000000000000000E+04
    0.495303189381957054138183593750000000000000E-03    0.205872314453125000000000000000000000000000E+04
    0.505309028085321187973022460937500000000000E-03    0.209840454101562500000000000000000000000000E+04
    0.515516963787376880645751953125000000000000E-03    0.213883349609375000000000000000000000000000E+04
    0.525931071024388074874877929687500000000000E-03    0.218002319335937500000000000000000000000000E+04
    0.536555540747940540313720703125000000000000E-03    0.222198779296875000000000000000000000000000E+04
    0.547394680324941873550415039062500000000000E-03    0.226473999023437500000000000000000000000000E+04
    0.558452797122299671173095703125000000000000E-03    0.230829370117187500000000000000000000000000E+04
    0.569734314922243356704711914062500000000000E-03    0.235266357421875000000000000000000000000000E+04
    0.581243715714663267135620117187500000000000E-03    0.239786254882812500000000000000000000000000E+04
    0.592985597904771566390991210937500000000000E-03    0.244390600585937500000000000000000000000000E+04
    0.604964734520763158798217773437500000000000E-03    0.249080786132812500000000000000000000000000E+04
    0.617185782175511121749877929687500000000000E-03    0.253858325195312500000000000000000000000000E+04
    0.629653746727854013442993164062500000000000E-03    0.258724658203125000000000000000000000000000E+04
    0.642373692244291305541992187500000000000000E-03    0.263681323242187500000000000000000000000000E+04
    0.655350449960678815841674804687500000000000E-03    0.268729858398437500000000000000000000000000E+04
    0.668589433189481496810913085937500000000000E-03    0.273871801757812500000000000000000000000000E+04
    0.682095822412520647048950195312500000000000E-03    0.279108691406250000000000000000000000000000E+04
    0.695875030942261219024658203125000000000000E-03    0.284442138671875000000000000000000000000000E+04
    0.709932646714150905609130859375000000000000E-03    0.289873730468750000000000000000000000000000E+04
    0.724274199455976486206054687500000000000000E-03    0.295405078125000000000000000000000000000000E+04
    0.738905626349151134490966796875000000000000E-03    0.301037817382812500000000000000000000000000E+04
    0.753832457121461629867553710937500000000000E-03    0.306773632812500000000000000000000000000000E+04
    0.769060861784964799880981445312500000000000E-03    0.312614160156250000000000000000000000000000E+04
    0.784596893936395645141601562500000000000000E-03    0.318561157226562500000000000000000000000000E+04
    0.800446781795471906661987304687500000000000E-03    0.324616235351562500000000000000000000000000E+04
    0.816616869997233152389526367187500000000000E-03    0.330781152343750000000000000000000000000000E+04
    0.833113677799701690673828125000000000000000E-03    0.337057666015625000000000000000000000000000E+04
    0.849943608045578002929687500000000000000000E-03    0.343447509765625000000000000000000000000000E+04
    0.867113587446510791778564453125000000000000E-03    0.349952416992187500000000000000000000000000E+04
    0.884630659129470586776733398437500000000000E-03    0.356574267578125000000000000000000000000000E+04
    0.902501342352479696273803710937500000000000E-03    0.363314721679687500000000000000000000000000E+04
    0.920733029488474130630493164062500000000000E-03    0.370175683593750000000000000000000000000000E+04
    0.939333112910389900207519531250000000000000E-03    0.377158959960937500000000000000000000000000E+04
    0.958308868575841188430786132812500000000000E-03    0.384266357421875000000000000000000000000000E+04
    0.977667979896068572998046875000000000000000E-03    0.391499731445312500000000000000000000000000E+04
    0.997418188489973545074462890625000000000000E-03    0.398860913085937500000000000000000000000000E+04
    0.101756735239177942276000976562500000000000E-02    0.406351733398437500000000000000000000000000E+04
    0.103812362067401409149169921875000000000000E-02    0.413974072265625000000000000000000000000000E+04
    0.105909502599388360977172851562500000000000E-02    0.421729931640625000000000000000000000000000E+04
    0.108049006666988134384155273437500000000000E-02    0.429620996093750000000000000000000000000000E+04
    0.110231747385114431381225585937500000000000E-02    0.437649267578125000000000000000000000000000E+04
    0.112458574585616588592529296875000000000000E-02    0.445816503906250000000000000000000000000000E+04
    0.114730407949537038803100585937500000000000E-02    0.454124755859375000000000000000000000000000E+04
    0.117048120591789484024047851562500000000000E-02    0.462575781250000000000000000000000000000000E+04
    0.119412643834948539733886718750000000000000E-02    0.471171533203125000000000000000000000000000E+04
    0.121824943926185369491577148437500000000000E-02    0.479913769531250000000000000000000000000000E+04
    0.124285963829606771469116210937500000000000E-02    0.488804589843750000000000000000000000000000E+04
    0.126796704716980457305908203125000000000000E-02    0.497845703125000000000000000000000000000000E+04
    0.129358167760074138641357421875000000000000E-02    0.507039062500000000000000000000000000000000E+04
    0.131971365772187709808349609375000000000000E-02    0.516386572265625000000000000000000000000000E+04
    0.134637358132749795913696289062500000000000E-02    0.525890039062500000000000000000000000000000E+04
    0.137357215862721204757690429687500000000000E-02    0.535551220703125000000000000000000000000000E+04
    0.140132009983062744140625000000000000000000E-02    0.545372119140625000000000000000000000000000E+04
    0.142962858080863952636718750000000000000000E-02    0.555354443359375000000000000000000000000000E+04
    0.145850901026278734207153320312500000000000E-02    0.565500000000000000000000000000000000000000E+04
    0.148797314614057540893554687500000000000000E-02    0.575810546875000000000000000000000000000000E+04
    0.151803228072822093963623046875000000000000E-02    0.586287890625000000000000000000000000000000E+04
    0.154869852121919393539428710937500000000000E-02    0.596933593750000000000000000000000000000000E+04
    0.157998420763760805130004882812500000000000E-02    0.607749755859375000000000000000000000000000E+04
    0.161190202925354242324829101562500000000000E-02    0.618737890625000000000000000000000000000000E+04
    0.164446467533707618713378906250000000000000E-02    0.629899511718750000000000000000000000000000E+04
    0.167768495157361030578613281250000000000000E-02    0.641236279296875000000000000000000000000000E+04
    0.171157636214047670364379882812500000000000E-02    0.652749804687500000000000000000000000000000E+04
    0.174615241121500730514526367187500000000000E-02    0.664441601562500000000000000000000000000000E+04
    0.178142718505114316940307617187500000000000E-02    0.676313232421875000000000000000000000000000E+04
    0.181741418782621622085571289062500000000000E-02    0.688365917968750000000000000000000000000000E+04
    0.185412843711674213409423828125000000000000E-02    0.700601367187500000000000000000000000000000E+04
    0.189158413559198379516601562500000000000000E-02    0.713020800781250000000000000000000000000000E+04
    0.192979711573570966720581054687500000000000E-02    0.725625488281250000000000000000000000000000E+04
    0.196878169663250446319580078125000000000000E-02    0.738416748046875000000000000000000000000000E+04
    0.200855359435081481933593750000000000000000E-02    0.751395605468750000000000000000000000000000E+04
    0.204912899062037467956542968750000000000000E-02    0.764563476562500000000000000000000000000000E+04
    0.209052418358623981475830078125000000000000E-02    0.777921142578125000000000000000000000000000E+04
    0.213275570422410964965820312500000000000000E-02    0.791469775390625000000000000000000000000000E+04
    0.217583985067903995513916015625000000000000E-02    0.805210058593750000000000000000000000000000E+04
    0.221979478374123573303222656250000000000000E-02    0.819143212890625000000000000000000000000000E+04
    0.226463773287832736968994140625000000000000E-02    0.833269726562500000000000000000000000000000E+04
    0.231038639321923255920410156250000000000000E-02    0.847590332031250000000000000000000000000000E+04
    0.235705915838479995727539062500000000000000E-02    0.862105566406250000000000000000000000000000E+04
    0.240467488765716552734375000000000000000000E-02    0.876816210937500000000000000000000000000000E+04
    0.245325244031846523284912109375000000000000E-02    0.891722070312500000000000000000000000000000E+04
    0.250281183980405330657958984375000000000000E-02    0.906823925781250000000000000000000000000000E+04
    0.255337217822670936584472656250000000000000E-02    0.922121875000000000000000000000000000000000E+04
    0.260495371185243129730224609375000000000000E-02    0.937615917968750000000000000000000000000000E+04
    0.265757716260850429534912109375000000000000E-02    0.953306054687500000000000000000000000000000E+04
    0.271126371808350086212158203125000000000000E-02    0.969191992187500000000000000000000000000000E+04
    0.276603479869663715362548828125000000000000E-02    0.985273437500000000000000000000000000000000E+04
    0.282191229052841663360595703125000000000000E-02    0.100154990234375000000000000000000000000000E+05
    0.287891877815127372741699218750000000000000E-02    0.101802109375000000000000000000000000000000E+05
    0.293707661330699920654296875000000000000000E-02    0.103468623046875000000000000000000000000000E+05
    0.299640954472124576568603515625000000000000E-02    0.105154394531250000000000000000000000000000E+05
    0.305694085545837879180908203125000000000000E-02    0.106859384765625000000000000000000000000000E+05
    0.311869522556662559509277343750000000000000E-02    0.108583437500000000000000000000000000000000E+05
    0.318169780075550079345703125000000000000000E-02    0.110326416015625000000000000000000000000000E+05
    0.324597232975065708160400390625000000000000E-02    0.112088164062500000000000000000000000000000E+05
    0.331154512241482734680175781250000000000000E-02    0.113868525390625000000000000000000000000000E+05
    0.337844272144138813018798828125000000000000E-02    0.115667304687500000000000000000000000000000E+05
    0.344669190235435962677001953125000000000000E-02    0.117484296875000000000000000000000000000000E+05
    0.351631967350840568542480468750000000000000E-02    0.119319238281250000000000000000000000000000E+05
    0.358735374175012111663818359375000000000000E-02    0.121171923828125000000000000000000000000000E+05
    0.365982321090996265411376953125000000000000E-02    0.123042021484375000000000000000000000000000E+05
    0.373375625349581241607666015625000000000000E-02    0.124929296875000000000000000000000000000000E+05
    0.380918313749134540557861328125000000000000E-02    0.126833417968750000000000000000000000000000E+05
    0.388613343238830566406250000000000000000000E-02    0.128754013671875000000000000000000000000000E+05
    0.396463880315423011779785156250000000000000E-02    0.130690751953125000000000000000000000000000E+05
    0.404472928494215011596679687500000000000000E-02    0.132643222656250000000000000000000000000000E+05
    0.412643933668732643127441406250000000000000E-02    0.134610859375000000000000000000000000000000E+05
    0.420979922637343406677246093750000000000000E-02    0.136593544921875000000000000000000000000000E+05
    0.429484248161315917968750000000000000000000E-02    0.138590664062500000000000000000000000000000E+05
    0.438160402700304985046386718750000000000000E-02    0.140601699218750000000000000000000000000000E+05
    0.447011832147836685180664062500000000000000E-02    0.142626171875000000000000000000000000000000E+05
    0.456042028963565826416015625000000000000000E-02    0.144663505859375000000000000000000000000000E+05
    0.465254718437790870666503906250000000000000E-02    0.146713115234375000000000000000000000000000E+05
    0.474653439596295356750488281250000000000000E-02    0.148774414062500000000000000000000000000000E+05
    0.484242103993892669677734375000000000000000E-02    0.150846757812500000000000000000000000000000E+05
    0.494024436920881271362304687500000000000000E-02    0.152929453125000000000000000000000000000000E+05
    0.504004349932074546813964843750000000000000E-02    0.155021777343750000000000000000000000000000E+05
    0.514185894280672073364257812500000000000000E-02    0.157122998046875000000000000000000000000000E+05
    0.524573167786002159118652343750000000000000E-02    0.159232333984375000000000000000000000000000E+05
    0.535170361399650573730468750000000000000000E-02    0.161348935546875000000000000000000000000000E+05
    0.545981479808688163757324218750000000000000E-02    0.163471953125000000000000000000000000000000E+05
    0.557011039927601814270019531250000000000000E-02    0.165600527343750000000000000000000000000000E+05
    0.568263372406363487243652343750000000000000E-02    0.167733710937500000000000000000000000000000E+05
    0.579743087291717529296875000000000000000000E-02    0.169867285156250000000000000000000000000000E+05
    0.591454654932022094726562500000000000000000E-02    0.172005468750000000000000000000000000000000E+05
    0.603402825072407722473144531250000000000000E-02    0.174145019531250000000000000000000000000000E+05
    0.615592347458004951477050781250000000000000E-02    0.176284882812500000000000000000000000000000E+05
    0.628028111532330513000488281250000000000000E-02    0.178423828125000000000000000000000000000000E+05
    0.640715099871158599853515625000000000000000E-02    0.180560761718750000000000000000000000000000E+05
    0.653658434748649597167968750000000000000000E-02    0.182694433593750000000000000000000000000000E+05
    0.666863145306706428527832031250000000000000E-02    0.184823554687500000000000000000000000000000E+05
    0.680334679782390594482421875000000000000000E-02    0.186946835937500000000000000000000000000000E+05
    0.694078346714377403259277343750000000000000E-02    0.189062968750000000000000000000000000000000E+05
    0.708099640905857086181640625000000000000000E-02    0.191170585937500000000000000000000000000000E+05
    0.722404150292277336120605468750000000000000E-02    0.193268281250000000000000000000000000000000E+05
    0.736997742205858230590820312500000000000000E-02    0.195355605468750000000000000000000000000000E+05
    0.751886051148176193237304687500000000000000E-02    0.197429160156250000000000000000000000000000E+05
    0.767075084149837493896484375000000000000000E-02    0.199488242187500000000000000000000000000000E+05
    0.782571360468864440917968750000000000000000E-02    0.201531347656250000000000000000000000000000E+05
    0.798380374908447265625000000000000000000000E-02    0.203556835937500000000000000000000000000000E+05
    0.814508739858865737915039062500000000000000E-02    0.205562949218750000000000000000000000000000E+05
    0.830962881445884704589843750000000000000000E-02    0.207547949218750000000000000000000000000000E+05
    0.847749505192041397094726562500000000000000E-02    0.209509980468750000000000000000000000000000E+05
    0.864875130355358123779296875000000000000000E-02    0.211447187500000000000000000000000000000000E+05
    0.882346741855144500732421875000000000000000E-02    0.213357519531250000000000000000000000000000E+05
    0.900171231478452682495117187500000000000000E-02    0.215238183593750000000000000000000000000000E+05
    0.918355956673622131347656250000000000000000E-02    0.217088730468750000000000000000000000000000E+05
    0.936907902359962463378906250000000000000000E-02    0.218906347656250000000000000000000000000000E+05
    0.955834705382585525512695312500000000000000E-02    0.220688808593750000000000000000000000000000E+05
    0.975143909454345703125000000000000000000000E-02    0.222433925781250000000000000000000000000000E+05
    0.994843058288097381591796875000000000000000E-02    0.224139472656250000000000000000000000000000E+05
    0.101494016125798225402832031250000000000000E-01    0.225803203125000000000000000000000000000000E+05
    0.103544332087039947509765625000000000000000E-01    0.227422773437500000000000000000000000000000E+05
    0.105636063963174819946289062500000000000000E-01    0.228995839843750000000000000000000000000000E+05
    0.107770059257745742797851562500000000000000E-01    0.230520566406250000000000000000000000000000E+05
    0.109947146847844123840332031250000000000000E-01    0.231993535156250000000000000000000000000000E+05
    0.112168220803141593933105468750000000000000E-01    0.233412734375000000000000000000000000000000E+05
    0.114434175193309783935546875000000000000000E-01    0.234775175781250000000000000000000000000000E+05
    0.116745894774794578552246093750000000000000E-01    0.236079257812500000000000000000000000000000E+05
    0.119104310870170593261718750000000000000000E-01    0.237321972656250000000000000000000000000000E+05
    0.121510382741689682006835937500000000000000E-01    0.238500664062500000000000000000000000000000E+05
    0.123965051025152206420898437500000000000000E-01    0.239612597656250000000000000000000000000000E+05
    0.126469302922487258911132812500000000000000E-01    0.240655390625000000000000000000000000000000E+05
    0.129024153575301170349121093750000000000000E-01    0.241626230468750000000000000000000000000000E+05
    0.131630674004554748535156250000000000000000E-01    0.242522382812500000000000000000000000000000E+05
    0.134289795532822608947753906250000000000000E-01    0.243341113281250000000000000000000000000000E+05
    0.137002617120742797851562500000000000000000E-01    0.244079667968750000000000000000000000000000E+05
    0.139770256355404853820800781250000000000000E-01    0.244735292968750000000000000000000000000000E+05
    0.142593793570995330810546875000000000000000E-01    0.245305253906250000000000000000000000000000E+05
    0.145474374294281005859375000000000000000000E-01    0.245787949218750000000000000000000000000000E+05
    0.148413162678480148315429687500000000000000E-01    0.246180312500000000000000000000000000000000E+05
    0.151411294937133789062500000000000000000000E-01    0.246481250000000000000000000000000000000000E+05
    0.154470009729266166687011718750000000000000E-01    0.246686894531250000000000000000000000000000E+05
    0.157590489834547042846679687500000000000000E-01    0.246794531250000000000000000000000000000000E+05
    0.160774048417806625366210937500000000000000E-01    0.246783691406250000000000000000000000000000E+05
    0.164021886885166168212890625000000000000000E-01    0.246673574218750000000000000000000000000000E+05
    0.167335346341133117675781250000000000000000E-01    0.246465820312500000000000000000000000000000E+05
    0.170715730637311935424804687500000000000000E-01    0.246157187500000000000000000000000000000000E+05
    0.174164418131113052368164062500000000000000E-01    0.245738066406250000000000000000000000000000E+05
    0.177682787179946899414062500000000000000000E-01    0.245207109375000000000000000000000000000000E+05
    0.181272197514772415161132812500000000000000E-01    0.244562714843750000000000000000000000000000E+05
    0.184934139251708984375000000000000000000000E-01    0.243804414062500000000000000000000000000000E+05
    0.188670046627521514892578125000000000000000E-01    0.242930742187500000000000000000000000000000E+05
    0.192481447011232376098632812500000000000000E-01    0.241939863281250000000000000000000000000000E+05
    0.196369830518960952758789062500000000000000E-01    0.240831523437500000000000000000000000000000E+05
    0.200336743146181106567382812500000000000000E-01    0.239604316406250000000000000000000000000000E+05
    0.204383805394172668457031250000000000000000E-01    0.238257636718750000000000000000000000000000E+05
    0.208512637764215469360351562500000000000000E-01    0.236791132812500000000000000000000000000000E+05
    0.212724860757589340209960937500000000000000E-01    0.235205117187500000000000000000000000000000E+05
    0.217022281140089035034179687500000000000000E-01    0.233500097656250000000000000000000000000000E+05
    0.221406426280736923217773437500000000000000E-01    0.231679023437500000000000000000000000000000E+05
    0.225879121571779251098632812500000000000000E-01    0.229632382812500000000000000000000000000000E+05
    0.230442192405462265014648437500000000000000E-01    0.227529218750000000000000000000000000000000E+05
    0.235097426921129226684570312500000000000000E-01    0.225328652343750000000000000000000000000000E+05
    0.239846706390380859375000000000000000000000E-01    0.223035859375000000000000000000000000000000E+05
    0.244691912084817886352539062500000000000000E-01    0.220644453125000000000000000000000000000000E+05
    0.249635018408298492431640625000000000000000E-01    0.218147910156250000000000000000000000000000E+05
    0.254677981138229370117187500000000000000000E-01    0.215543007812500000000000000000000000000000E+05
    0.259822811931371688842773437500000000000000E-01    0.212834726562500000000000000000000000000000E+05
    0.265071578323841094970703125000000000000000E-01    0.210029589843750000000000000000000000000000E+05
    0.270426385104656219482421875000000000000000E-01    0.207134453125000000000000000000000000000000E+05
    0.275889337062835693359375000000000000000000E-01    0.204154980468750000000000000000000000000000E+05
    0.281462669372558593750000000000000000000000E-01    0.201096015625000000000000000000000000000000E+05
    0.287148579955101013183593750000000000000000E-01    0.197963300781250000000000000000000000000000E+05
    0.292949359863996505737304687500000000000000E-01    0.194762578125000000000000000000000000000000E+05
    0.298867337405681610107421875000000000000000E-01    0.191500742187500000000000000000000000000000E+05
    0.304904840886592864990234375000000000000000E-01    0.188185195312500000000000000000000000000000E+05
    0.311064328998327255249023437500000000000000E-01    0.184823671875000000000000000000000000000000E+05
    0.317348241806030273437500000000000000000000E-01    0.181424218750000000000000000000000000000000E+05
    0.323759093880653381347656250000000000000000E-01    0.177995253906250000000000000000000000000000E+05
    0.330299474298954010009765625000000000000000E-01    0.174552089843750000000000000000000000000000E+05
    0.336971953511238098144531250000000000000000E-01    0.171092070312500000000000000000000000000000E+05
    0.343779213726520538330078125000000000000000E-01    0.167567578125000000000000000000000000000000E+05
    0.350724011659622192382812500000000000000000E-01    0.166051015625000000000000000000000000000000E+05
    0.357809104025363922119140625000000000000000E-01    0.162633242187500000000000000000000000000000E+05
    0.365037508308887481689453125000000000000000E-01    0.159258076171875000000000000000000000000000E+05
    0.372411720454692840576171875000000000000000E-01    0.155911093750000000000000000000000000000000E+05
    0.379934944212436676025390625000000000000000E-01    0.152567509765625000000000000000000000000000E+05
    0.387610122561454772949218750000000000000000E-01    0.149148232421875000000000000000000000000000E+05
    0.395440347492694854736328125000000000000000E-01    0.145816044921875000000000000000000000000000E+05
    0.403428785502910614013671875000000000000000E-01    0.142599052734375000000000000000000000000000E+05
    0.411578565835952758789062500000000000000000E-01    0.139488574218750000000000000000000000000000E+05
    0.419893004000186920166015625000000000000000E-01    0.136456152343750000000000000000000000000000E+05
    0.428375415503978729248046875000000000000000E-01    0.133494052734375000000000000000000000000000E+05
    0.437029153108596801757812500000000000000000E-01    0.130577509765625000000000000000000000000000E+05
    0.445857718586921691894531250000000000000000E-01    0.126767373046875000000000000000000000000000E+05
    0.454864650964736938476562500000000000000000E-01    0.124028320312500000000000000000000000000000E+05
    0.464053489267826080322265625000000000000000E-01    0.121398544921875000000000000000000000000000E+05
    0.473427996039390563964843750000000000000000E-01    0.118856142578125000000000000000000000000000E+05
    0.482991859316825866699218750000000000000000E-01    0.116418798828125000000000000000000000000000E+05
    0.492748916149139404296875000000000000000000E-01    0.114080800781250000000000000000000000000000E+05
    0.502703115344047546386718750000000000000000E-01    0.112028417968750000000000000000000000000000E+05
    0.512858368456363677978515625000000000000000E-01    0.109795136718750000000000000000000000000000E+05
    0.523218810558319091796875000000000000000000E-01    0.107679775390625000000000000000000000000000E+05
    0.533788502216339111328125000000000000000000E-01    0.105611816406250000000000000000000000000000E+05
    0.544571764767169952392578125000000000000000E-01    0.104197382812500000000000000000000000000000E+05
    0.555572807788848876953125000000000000000000E-01    0.102313212890625000000000000000000000000000E+05
    0.566796138882637023925781250000000000000000E-01    0.100296386718750000000000000000000000000000E+05
    0.578246153891086578369140625000000000000000E-01    0.983502343750000000000000000000000000000000E+04
    0.589927472174167633056640625000000000000000E-01    0.965479492187500000000000000000000000000000E+04
    0.601844787597656250000000000000000000000000E-01    0.946314160156250000000000000000000000000000E+04
    0.614003166556358337402343750000000000000000E-01    0.926949023437500000000000000000000000000000E+04
    0.626406818628311157226562500000000000000000E-01    0.906077343750000000000000000000000000000000E+04
    0.639061108231544494628906250000000000000000E-01    0.886230566406250000000000000000000000000000E+04
    0.651970952749252319335937500000000000000000E-01    0.860662011718750000000000000000000000000000E+04
    0.665141642093658447265625000000000000000000E-01    0.839547558593750000000000000000000000000000E+04
    0.678578317165374755859375000000000000000000E-01    0.817083007812500000000000000000000000000000E+04
    0.692286565899848937988281250000000000000000E-01    0.793808691406250000000000000000000000000000E+04
    0.706271678209304809570312500000000000000000E-01    0.769309814453125000000000000000000000000000E+04
    0.720539242029190063476562500000000000000000E-01    0.744690966796875000000000000000000000000000E+04
    0.735095068812370300292968750000000000000000E-01    0.717421435546875000000000000000000000000000E+04
    0.749944970011711120605468750000000000000000E-01    0.691545214843750000000000000000000000000000E+04
    0.765094906091690063476562500000000000000000E-01    0.662422167968750000000000000000000000000000E+04
    0.780550837516784667968750000000000000000000E-01    0.632159814453125000000000000000000000000000E+04
    0.796318948268890380859375000000000000000000E-01    0.600490478515625000000000000000000000000000E+04
    0.812405645847320556640625000000000000000000E-01    0.568168261718750000000000000000000000000000E+04
    0.828817337751388549804687500000000000000000E-01    0.535333105468750000000000000000000000000000E+04
    0.845560505986213684082031250000000000000000E-01    0.502298876953125000000000000000000000000000E+04
    0.862641930580139160156250000000000000000000E-01    0.469308789062500000000000000000000000000000E+04
    0.880068466067314147949218750000000000000000E-01    0.436528027343750000000000000000000000000000E+04
    0.897847041487693786621093750000000000000000E-01    0.404581445312500000000000000000000000000000E+04
    0.915984734892845153808593750000000000000000E-01    0.373594848632812500000000000000000000000000E+04
    0.934488773345947265625000000000000000000000E-01    0.344165454101562500000000000000000000000000E+04
    0.953366756439208984375000000000000000000000E-01    0.315046679687500000000000000000000000000000E+04
    0.972625985741615295410156250000000000000000E-01    0.287656298828125000000000000000000000000000E+04
    0.992274358868598937988281250000000000000000E-01    0.261940966796875000000000000000000000000000E+04
    0.101232007145881652832031250000000000000000E+00    0.237944116210937500000000000000000000000000E+04
    0.103277020156383514404296875000000000000000E+00    0.215568847656250000000000000000000000000000E+04
    0.105363354086875915527343750000000000000000E+00    0.194739306640625000000000000000000000000000E+04
    0.107491828501224517822265625000000000000000E+00    0.175458496093750000000000000000000000000000E+04
    0.109663315117359161376953125000000000000000E+00    0.157685766601562500000000000000000000000000E+04
    0.111878655850887298583984375000000000000000E+00    0.141295593261718750000000000000000000000000E+04
    0.114138752222061157226562500000000000000000E+00    0.126125817871093750000000000000000000000000E+04
    0.116444505751132965087890625000000000000000E+00    0.111945397949218750000000000000000000000000E+04
    0.118796832859516143798828125000000000000000E+00    0.987914672851562500000000000000000000000000E+03
    0.121196687221527099609375000000000000000000E+00    0.864421936035156250000000000000000000000000E+03
    0.123645029962062835693359375000000000000000E+00    0.747818115234375000000000000000000000000000E+03
    0.126142814755439758300781250000000000000000E+00    0.637670043945312500000000000000000000000000E+03
    0.128691077232360839843750000000000000000000E+00    0.533903808593750000000000000000000000000000E+03
    0.131290808320045471191406250000000000000000E+00    0.437019805908203125000000000000000000000000E+03
    0.133943051099777221679687500000000000000000E+00    0.347599548339843750000000000000000000000000E+03
    0.136648878455162048339843750000000000000000E+00    0.266736968994140625000000000000000000000000E+03
    0.139409363269805908203125000000000000000000E+00    0.195637115478515625000000000000000000000000E+03
    0.142225623130798339843750000000000000000000E+00    0.135339950561523437500000000000000000000000E+03
    0.145098760724067687988281250000000000000000E+00    0.865232238769531250000000000000000000000000E+02
    0.148029953241348266601562500000000000000000E+00    0.495756950378417968750000000000000000000000E+02
    0.151020348072052001953125000000000000000000E+00    0.241004047393798828125000000000000000000000E+02
    0.154071167111396789550781250000000000000000E+00    0.863245868682861328125000000000000000000000E+01
    0.157183602452278137207031250000000000000000E+00    0.147661161422729492187500000000000000000000E+01
    0.160358920693397521972656250000000000000000E+00    0.927742347121238708496093750000000000000000E-01
    0.163598373532295227050781250000000000000000E+00    0.210065340995788574218750000000000000000000E+01
    0.166903272271156311035156250000000000000000E+00    0.523755121231079101562500000000000000000000E+01
    0.170275032520294189453125000000000000000000E+00    0.791446876525878906250000000000000000000000E+01
    0.173714801669120788574218750000000000000000E+00    0.925710391998291015625000000000000000000000E+01
    0.177224084734916687011718750000000000000000E+00    0.900423240661621093750000000000000000000000E+01
    0.180804237723350524902343750000000000000000E+00    0.746880197525024414062500000000000000000000E+01
    0.184456720948219299316406250000000000000000E+00    0.527814626693725585937500000000000000000000E+01
    0.188182994723320007324218750000000000000000E+00    0.308278036117553710937500000000000000000000E+01
    0.191984534263610839843750000000000000000000E+00    0.139183771610260009765625000000000000000000E+01
    0.195862874388694763183593750000000000000000E+00    0.399306505918502807617187500000000000000000E+00
    0.199819564819335937500000000000000000000000E+00    0.259474366903305053710937500000000000000000E-01
    0.203856185078620910644531250000000000000000E+00    0.361060239374637603759765625000000000000000E-01
    0.207974359393119812011718750000000000000000E+00    0.188590109348297119140625000000000000000000E+00
    0.212175697088241577148437500000000000000000E+00    0.298644542694091796875000000000000000000000E+00
    0.216461926698684692382812500000000000000000E+00    0.301131010055541992187500000000000000000000E+00
    0.220834761857986450195312500000000000000000E+00    0.219688907265663146972656250000000000000000E+00
    0.225295916199684143066406250000000000000000E+00    0.119250372052192687988281250000000000000000E+00
    0.229847192764282226562500000000000000000000E+00    0.438379161059856414794921875000000000000000E-01
    0.234490394592285156250000000000000000000000E+00    0.732411816716194152832031250000000000000000E-02
    0.239227414131164550781250000000000000000000E+00    0.202663693926297128200531005859375000000000E-03
    0.244060128927230834960937500000000000000000E+00    0.525278924033045768737792968750000000000000E-02
    0.248990446329116821289062500000000000000000E+00    0.868745334446430206298828125000000000000000E-02
    0.254020392894744873046875000000000000000000E+00    0.669263675808906555175781250000000000000000E-02
    0.259151935577392578125000000000000000000000E+00    0.262841093353927135467529296875000000000000E-02
    0.264387160539627075195312500000000000000000E+00    0.249792065005749464035034179687500000000000E-03
    0.269728124141693115234375000000000000000000E+00    0.164876517374068498611450195312500000000000E-03
    0.275177001953125000000000000000000000000000E+00    0.855285266879945993423461914062500000000000E-03
    0.280736058950424194335937500000000000000000E+00    0.763787014875560998916625976562500000000000E-03
    0.286407291889190673828125000000000000000000E+00    0.116833311039954423904418945312500000000000E-03
    0.292193114757537841796875000000000000000000E+00    0.186538309208117425441741943359375000000000E-03
    0.298095792531967163085937500000000000000000E+00    0.144867214839905500411987304687500000000000E-02
    0.304117560386657714843750000000000000000000E+00    0.249955337494611740112304687500000000000000E-02
    0.310261309146881103515625000000000000000000E+00    0.187657983042299747467041015625000000000000E-02
    0.316528826951980590820312500000000000000000E+00    0.318472739309072494506835937500000000000000E-03
    0.322923272848129272460937500000000000000000E+00    0.335946300765499472618103027343750000000000E-03
    0.329446613788604736328125000000000000000000E+00    0.252543715760111808776855468750000000000000E-02
    0.336102008819580078125000000000000000000000E+00    0.346286897547543048858642578125000000000000E-02
    0.342891573905944824218750000000000000000000E+00    0.141219992656260728836059570312500000000000E-02
    0.349818587303161621093750000000000000000000E+00    0.758692664248883374966681003570556640625000E-07
    0.356885224580764770507812500000000000000000E+00    0.144678796641528606414794921875000000000000E-02
    0.364094972610473632812500000000000000000000E+00    0.252726371400058269500732421875000000000000E-02
    0.371450334787368774414062500000000000000000E+00    0.110262853559106588363647460937500000000000E-02
    0.378953933715820312500000000000000000000000E+00    0.541011331733898259699344635009765625000000E-06
    0.386609494686126708984375000000000000000000E+00    0.796976964920759201049804687500000000000000E-03
    0.394419312477111816406250000000000000000000E+00    0.954285729676485061645507812500000000000000E-03
    0.402387291193008422851562500000000000000000E+00    0.194503343664109706878662109375000000000000E-03
    0.410515844821929931640625000000000000000000E+00    0.475146262033376842737197875976562500000000E-04
    0.418809026479721069335937500000000000000000E+00    0.190110527910292148590087890625000000000000E-03
    0.427269339561462402343750000000000000000000E+00    0.482333452964667230844497680664062500000000E-04
    0.435900926589965820312500000000000000000000E+00    0.168974267467092431616038084030151367187500E-06
    0.444706469774246215820312500000000000000000E+00    0.801720545950956875458359718322753906250000E-06
    0.453690379858016967773437500000000000000000E+00    0.822608925421519643350620754063129425048828E-09
    0.462855309247970581054687500000000000000000E+00    0.101937166618881747126579284667968750000000E-04
    0.472205787897109985351562500000000000000000E+00    0.245087630901252850890159606933593750000000E-04
    0.481744766235351562500000000000000000000000E+00    0.308652694513966707745566964149475097656250E-07
    0.491476893424987792968750000000000000000000E+00    0.262255471170647069811820983886718750000000E-04
    0.501405119895935058593750000000000000000000E+00    0.107101886896998621523380279541015625000000E-04
    0.511534392833709716796875000000000000000000E+00    0.256324938163743354380130767822265625000000E-05
    0.521867811679840087890625000000000000000000E+00    0.271776093541120644658803939819335937500000E-05
    0.532410502433776855468750000000000000000000E+00    0.569970595165614213328808546066284179687500E-07
    0.543165624141693115234375000000000000000000E+00    0.279107240430676029063761234283447265625000E-06
    0.554138541221618652343750000000000000000000E+00    0.363339935915973910596221685409545898437500E-08
    0.565332591533660888671875000000000000000000E+00    0.216437388189660850912332534790039062500000E-05
    0.576753377914428710937500000000000000000000E+00    0.616550366316914733033627271652221679687500E-07
    0.588404297828674316406250000000000000000000E+00    0.780909374498151009902358055114746093750000E-06
    0.600291073322296142578125000000000000000000E+00    0.724632656101675820536911487579345703125000E-07
    0.612418055534362792968750000000000000000000E+00    0.437244374040801631053909659385681152343750E-07
    0.624789416790008544921875000000000000000000E+00    0.338730714588564296718686819076538085937500E-07
    0.637411296367645263671875000000000000000000E+00    0.632980459158716257661581039428710937500000E-07
    0.650287508964538574218750000000000000000000E+00    0.119914119522945838980376720428466796875000E-06
    0.663424491882324218750000000000000000000000E+00    0.235346924171153659699484705924987792968750E-07
    0.676826238632202148437500000000000000000000E+00    0.226035421491133092786185443401336669921875E-07
    0.690499365329742431640625000000000000000000E+00    0.163126365748667012667283415794372558593750E-07
    0.704448044300079345703125000000000000000000E+00    0.486417395251237394404597580432891845703125E-08
    0.718679130077362060546875000000000000000000E+00    0.234141750432570461271097883582115173339844E-08
    0.733197033405303955078125000000000000000000E+00    0.554261703200609190389513969421386718750000E-08
    0.748008966445922851562500000000000000000000E+00    0.173308600803778745103045366704463958740234E-08
    0.763119339942932128906250000000000000000000E+00    0.321190318786079842539038509130477905273438E-08
    0.778535783290863037109375000000000000000000E+00    0.226698126937208144227042794227600097656250E-08
    0.794262826442718505859375000000000000000000E+00    0.257493004696129901276435703039169311523438E-08
    0.810308396816253662109375000000000000000000E+00    0.650420949738217402114059950690716505050659E-11
    0.826677322387695312500000000000000000000000E+00    0.701224689425572478285175748169422149658203E-09
    0.843377590179443359375000000000000000000000E+00    0.155365798004680755184381268918514251708984E-08
    0.860414624214172363281250000000000000000000E+00    0.826694199207445024057960836216807365417480E-10
    0.877796530723571777343750000000000000000000E+00    0.740367267493269309852621518075466156005859E-09
    0.895528674125671386718750000000000000000000E+00    0.446868125836274998619046527892351150512695E-09
    0.913619995117187500000000000000000000000000E+00    0.289461427049886310669535305351018905639648E-09
    0.932075977325439453125000000000000000000000E+00    0.206925004908597998110053595155477523803711E-09
    0.950905561447143554687500000000000000000000E+00    0.213988382569141322164796292781829833984375E-09
    0.970114648342132568359375000000000000000000E+00    0.432360466873227267114998539909720420837402E-10
    0.989712655544281005859375000000000000000000E+00    0.436216895938201787430443800985813140869141E-09
    0.100970673561096191406250000000000000000000E+01    0.367903790765566895970550831407308578491211E-09
    0.103010356426239013671875000000000000000000E+01    0.213692785688834874235908500850200653076172E-09
    0.105091357231140136718750000000000000000000E+01    0.818899739685186034421349177137017250061035E-10
    0.107214283943176269531250000000000000000000E+01    0.491027878080085855572178843431174755096436E-10
    0.109380209445953369140625000000000000000000E+01    0.375217808212813253021522541530430316925049E-10
    0.111589777469635009765625000000000000000000E+01    0.597338567498439942937693558633327484130859E-10
    0.113844096660614013671875000000000000000000E+01    0.724538415375342026436555897817015647888184E-10
    0.116143846511840820312500000000000000000000E+01    0.547403442019422925568505888804793357849121E-10
    0.118490147590637207031250000000000000000000E+01    0.285673069401470858252878315397538244724274E-11
    0.120883750915527343750000000000000000000000E+01    0.391043664463297524491736112395301461219788E-11
    0.123325824737548828125000000000000000000000E+01    0.225639724461303148306257071453728713095188E-12
    0.125817120075225830078125000000000000000000E+01    0.350602880061501309683080762624740600585938E-10
    0.128358840942382812500000000000000000000000E+01    0.178102216134845559025734473834745585918427E-11
    0.130951797962188720703125000000000000000000E+01    0.969025532558676072625303277163766324520111E-12
    0.133597266674041748046875000000000000000000E+01    0.139592079215211661846751667326316237449646E-10
    0.136296045780181884765625000000000000000000E+01    0.148139367526362031313169609347824007272720E-12
    0.139049470424652099609375000000000000000000E+01    0.107849744759858090503712446661666035652161E-10
    0.141858386993408203125000000000000000000000E+01    0.486883862220455210234604237484745681285858E-12
    0.144724178314208984375000000000000000000000E+01    0.242064181199541650357787148095667362213135E-11
    0.147647726535797119140625000000000000000000E+01    0.493695752681877486622852302389219403266907E-11
    0.150630474090576171875000000000000000000000E+01    0.385535814427864775844057021458866074681282E-12
    0.153673338890075683593750000000000000000000E+01    0.209520484187146471821705517868394963443279E-12
    0.156777822971343994140625000000000000000000E+01    0.131854705105738378989599368651397526264191E-11
    0.159944856166839599609375000000000000000000E+01    0.267945192942986576412067734054289758205414E-11
    0.163176035881042480468750000000000000000000E+01    0.340294632750204328885956783778965473175049E-11
    0.166472315788269042968750000000000000000000E+01    0.307533360756340190533819622942246496677399E-11
    0.169835364818572998046875000000000000000000E+01    0.178322341701925290990971006976906210184097E-11
    0.173266339302062988281250000000000000000000E+01    0.868250350088972666640074749011546373367310E-12
    0.176766479015350341796875000000000000000000E+01    0.133156517496263449018556457303930073976517E-11
    0.180337476730346679687500000000000000000000E+01    0.148128612240810975109184255416039377450943E-11
    0.183980441093444824218750000000000000000000E+01    0.237258726120542773330157615419011563062668E-12
    0.187697184085845947265625000000000000000000E+01    0.111478816629262400539346344885416328907013E-11
    0.191488826274871826171875000000000000000000E+01    0.412720530494625759132532039075158536434174E-12
    0.195357239246368408203125000000000000000000E+01    0.104543771643067495702439373417291790246964E-11
    0.199303627014160156250000000000000000000000E+01    0.125491500871377503756320948014035820960999E-11
    0.203329920768737792968750000000000000000000E+01    0.118880567282625415614916164486203342676163E-11
    0.207437348365783691406250000000000000000000E+01    0.914882536048877703649395698448643088340759E-12
    0.211627960205078125000000000000000000000000E+01    0.804508586485508381258568988414481282234192E-12
    0.215903019905090332031250000000000000000000E+01    0.748016828599346039752049364324193447828293E-12
    0.220264649391174316406250000000000000000000E+01    0.513596923237130686956675162946339696645737E-12
    0.224714183807373046875000000000000000000000E+01    0.301154473537554312478903284500120207667351E-12
    0.229253816604614257812500000000000000000000E+01    0.522047737070568951267546253802720457315445E-12
    0.233884930610656738281250000000000000000000E+01    0.497285101552086272747033035557251423597336E-12
    0.238609838485717773437500000000000000000000E+01    0.694654240813302736867740350135136395692825E-12
    0.243429946899414062500000000000000000000000E+01    0.708293449933061758372332405997440218925476E-12
    0.248347663879394531250000000000000000000000E+01    0.536308085614944918262381179374642670154572E-12
    0.253364515304565429687500000000000000000000E+01    0.356663185313924047115108351135859265923500E-12
    0.258482933044433593750000000000000000000000E+01    0.248515590701645083804294245055643841624260E-12
    0.263704514503479003906250000000000000000000E+01    0.262339629186758571677273721434175968170166E-12
    0.269031810760498046875000000000000000000000E+01    0.321253033940330223749981541914166882634163E-12
    0.274466466903686523437500000000000000000000E+01    0.358653102876249629815674779820255935192108E-12
    0.280011177062988281250000000000000000000000E+01    0.351804224857713010443660550663480535149574E-12
    0.285667920112609863281250000000000000000000E+01    0.356323016882306720098938512819586321711540E-12
    0.291438651084899902343750000000000000000000E+01    0.251217070149772903064899765013251453638077E-12
    0.297326231002807617187500000000000000000000E+01    0.176894076101517805366114544085576198995113E-12
    0.303332471847534179687500000000000000000000E+01    0.144632434284294730808539952704450115561485E-12
    0.309460353851318359375000000000000000000000E+01    0.158385213581621608902594289247645065188408E-12
    0.315711688995361328125000000000000000000000E+01    0.174760420436174956915209577346104197204113E-12
    0.322089648246765136718750000000000000000000E+01    0.194998124635262226611587266233982518315315E-12
    0.328596115112304687500000000000000000000000E+01    0.209827638662611615227859829246881417930126E-12
    0.335234355926513671875000000000000000000000E+01    0.192156024165363037425890979648102074861526E-12
    0.342006349563598632812500000000000000000000E+01    0.132252146517117252777495650661876425147057E-12
    0.348915529251098632812500000000000000000000E+01    0.969032932238503286193065378029132261872292E-13
    0.355963897705078125000000000000000000000000E+01    0.918360914116227167180994683803874067962170E-13
    0.363155031204223632812500000000000000000000E+01    0.111686586357333944574676820593595039099455E-12
    0.370491051673889160156250000000000000000000E+01    0.113451762361830438274878929405531380325556E-12
    0.377975654602050781250000000000000000000000E+01    0.118630460814971028238318240255466662347317E-12
    0.385611033439636230468750000000000000000000E+01    0.104687647981861753354593247422599233686924E-12
    0.393401122093200683593750000000000000000000E+01    0.761093662052236830106721754418686032295227E-13
    0.401348161697387695312500000000000000000000E+01    0.567628795800512869762499690295953769236803E-13
    0.409456062316894531250000000000000000000000E+01    0.569982632598296790060743433059542439877987E-13
    0.417727470397949218750000000000000000000000E+01    0.698449409202925308726150888105621561408043E-13
    0.426166296005249023437500000000000000000000E+01    0.692570322922622660932745475292904302477837E-13
    0.434775209426879882812500000000000000000000E+01    0.796450917912340516924274425036855973303318E-13
    0.443558454513549804687500000000000000000000E+01    0.586617072192291422183529903122689574956894E-13
