    0.999999974737875163555145263671875000000000E-04    0.473070526123046875000000000000000000000000E+03
    0.102020130725577473640441894531250000000000E-03    0.482289367675781250000000000000000000000000E+03
    0.104081082099582999944686889648437500000000E-03    0.491687622070312500000000000000000000000000E+03
    0.106183659227099269628524780273437500000000E-03    0.501268829345703125000000000000000000000000E+03
    0.108328706119209527969360351562500000000000E-03    0.511036499023437500000000000000000000000000E+03
    0.110517095890827476978302001953125000000000E-03    0.520994262695312500000000000000000000000000E+03
    0.112749679828993976116180419921875000000000E-03    0.531145812988281250000000000000000000000000E+03
    0.115027374704368412494659423828125000000000E-03    0.541494934082031250000000000000000000000000E+03
    0.117351090011652559041976928710937500000000E-03    0.552045349121093750000000000000000000000000E+03
    0.119721727969590574502944946289062500000000E-03    0.562801086425781250000000000000000000000000E+03
    0.122140278108417987823486328125000000000000E-03    0.573766052246093750000000000000000000000000E+03
    0.124607671750709414482116699218750000000000E-03    0.584944274902343750000000000000000000000000E+03
    0.127124920254573225975036621093750000000000E-03    0.596339843750000000000000000000000000000000E+03
    0.129692998598329722881317138671875000000000E-03    0.607957092285156250000000000000000000000000E+03
    0.132312969071790575981140136718750000000000E-03    0.619800170898437500000000000000000000000000E+03
    0.134985879412852227687835693359375000000000E-03    0.631873596191406250000000000000000000000000E+03
    0.137712777359411120414733886718750000000000E-03    0.644181640625000000000000000000000000000000E+03
    0.140494754305109381675720214843750000000000E-03    0.656729003906250000000000000000000000000000E+03
    0.143332930747419595718383789062500000000000E-03    0.669520202636718750000000000000000000000000E+03
    0.146228456287644803524017333984375000000000E-03    0.682559997558593750000000000000000000000000E+03
    0.149182465975172817707061767578125000000000E-03    0.695853149414062500000000000000000000000000E+03
    0.152196153067052364349365234375000000000000E-03    0.709404602050781250000000000000000000000000E+03
    0.155270710820332169532775878906250000000000E-03    0.723219360351562500000000000000000000000000E+03
    0.158407390699721872806549072265625000000000E-03    0.737302368164062500000000000000000000000000E+03
    0.161607444169931113719940185546875000000000E-03    0.751658874511718750000000000000000000000000E+03
    0.164872122695669531822204589843750000000000E-03    0.766294189453125000000000000000000000000000E+03
    0.168202750501222908496856689453125000000000E-03    0.781213562011718750000000000000000000000000E+03
    0.171600666362792253494262695312500000000000E-03    0.796422485351562500000000000000000000000000E+03
    0.175067238160409033298492431640625000000000E-03    0.811926574707031250000000000000000000000000E+03
    0.178603833774104714393615722656250000000000E-03    0.827731506347656250000000000000000000000000E+03
    0.182211864739656448364257812500000000000000E-03    0.843843017578125000000000000000000000000000E+03
    0.185892800800502300262451171875000000000000E-03    0.860266967773437500000000000000000000000000E+03
    0.189648068044334650039672851562500000000000E-03    0.877009460449218750000000000000000000000000E+03
    0.193479223526082932949066162109375000000000E-03    0.894076416015625000000000000000000000000000E+03
    0.197387780644930899143218994140625000000000E-03    0.911474243164062500000000000000000000000000E+03
    0.201375267351977527141571044921875000000000E-03    0.929209167480468750000000000000000000000000E+03
    0.205443298909813165664672851562500000000000E-03    0.947287658691406250000000000000000000000000E+03
    0.209593548788689076900482177734375000000000E-03    0.965716247558593750000000000000000000000000E+03
    0.213827603147365152835845947265625000000000E-03    0.984501647949218750000000000000000000000000E+03
    0.218147222767584025859832763671875000000000E-03    0.100365069580078125000000000000000000000000E+04
    0.222554081119596958160400390625000000000000E-03    0.102317028808593750000000000000000000000000E+04
    0.227049968088977038860321044921875000000000E-03    0.104306750488281250000000000000000000000000E+04
    0.231636688113212585449218750000000000000000E-03    0.106334948730468750000000000000000000000000E+04
    0.236316060181707143783569335937500000000000E-03    0.108402368164062500000000000000000000000000E+04
    0.241089961491525173187255859375000000000000E-03    0.110509729003906250000000000000000000000000E+04
    0.245960312895476818084716796875000000000000E-03    0.112657800292968750000000000000000000000000E+04
    0.250929006142541766166687011718750000000000E-03    0.114847363281250000000000000000000000000000E+04
    0.255998136708512902259826660156250000000000E-03    0.117079187011718750000000000000000000000000E+04
    0.261169654550030827522277832031250000000000E-03    0.119354089355468750000000000000000000000000E+04
    0.266445596935227513313293457031250000000000E-03    0.121672851562500000000000000000000000000000E+04
    0.271828175755217671394348144531250000000000E-03    0.124036328125000000000000000000000000000000E+04
    0.277319486485794186592102050781250000000000E-03    0.126445349121093750000000000000000000000000E+04
    0.282921682810410857200622558593750000000000E-03    0.128900781250000000000000000000000000000000E+04
    0.288637093035504221916198730468750000000000E-03    0.131403479003906250000000000000000000000000E+04
    0.294467929052188992500305175781250000000000E-03    0.133954333496093750000000000000000000000000E+04
    0.300416606478393077850341796875000000000000E-03    0.136554248046875000000000000000000000000000E+04
    0.306485395412892103195190429687500000000000E-03    0.139204150390625000000000000000000000000000E+04
    0.312676827888935804367065429687500000000000E-03    0.141904943847656250000000000000000000000000E+04
    0.318993290420621633529663085937500000000000E-03    0.144657592773437500000000000000000000000000E+04
    0.325437402352690696716308593750000000000000E-03    0.147463073730468750000000000000000000000000E+04
    0.332011666614562273025512695312500000000000E-03    0.150322338867187500000000000000000000000000E+04
    0.338718760758638381958007812500000000000000E-03    0.153236401367187500000000000000000000000000E+04
    0.345561362337321043014526367187500000000000E-03    0.156206274414062500000000000000000000000000E+04
    0.352542119799181818962097167968750000000000E-03    0.159232971191406250000000000000000000000000E+04
    0.359663943527266383171081542968750000000000E-03    0.162317553710937500000000000000000000000000E+04
    0.366929627489298582077026367187500000000000E-03    0.165461071777343750000000000000000000000000E+04
    0.374342111172154545783996582031250000000000E-03    0.168664611816406250000000000000000000000000E+04
    0.381904304958879947662353515625000000000000E-03    0.171929248046875000000000000000000000000000E+04
    0.389619322959333658218383789062500000000000E-03    0.175256115722656250000000000000000000000000E+04
    0.397490162868052721023559570312500000000000E-03    0.178646325683593750000000000000000000000000E+04
    0.405519997002556920051574707031250000000000E-03    0.182101037597656250000000000000000000000000E+04
    0.413712026784196496009826660156250000000000E-03    0.185621386718750000000000000000000000000000E+04
    0.422069540945813059806823730468750000000000E-03    0.189208581542968750000000000000000000000000E+04
    0.430595915531739592552185058593750000000000E-03    0.192863806152343750000000000000000000000000E+04
    0.439294555690139532089233398437500000000000E-03    0.196588269042968750000000000000000000000000E+04
    0.448168895673006772994995117187500000000000E-03    0.200383215332031250000000000000000000000000E+04
    0.457222486147657036781311035156250000000000E-03    0.204249902343750000000000000000000000000000E+04
    0.466458965092897415161132812500000000000000E-03    0.208189575195312500000000000000000000000000E+04
    0.475882086902856826782226562500000000000000E-03    0.212203515625000000000000000000000000000000E+04
    0.485495518660172820091247558593750000000000E-03    0.216293017578125000000000000000000000000000E+04
    0.495303189381957054138183593750000000000000E-03    0.220459423828125000000000000000000000000000E+04
    0.505309028085321187973022460937500000000000E-03    0.224704052734375000000000000000000000000000E+04
    0.515516963787376880645751953125000000000000E-03    0.229028247070312500000000000000000000000000E+04
    0.525931071024388074874877929687500000000000E-03    0.233433374023437500000000000000000000000000E+04
    0.536555540747940540313720703125000000000000E-03    0.237920800781250000000000000000000000000000E+04
    0.547394680324941873550415039062500000000000E-03    0.242491967773437500000000000000000000000000E+04
    0.558452797122299671173095703125000000000000E-03    0.247148266601562500000000000000000000000000E+04
    0.569734314922243356704711914062500000000000E-03    0.251891113281250000000000000000000000000000E+04
    0.581243715714663267135620117187500000000000E-03    0.256721948242187500000000000000000000000000E+04
    0.592985597904771566390991210937500000000000E-03    0.261642236328125000000000000000000000000000E+04
    0.604964734520763158798217773437500000000000E-03    0.266653442382812500000000000000000000000000E+04
    0.617185782175511121749877929687500000000000E-03    0.271757031250000000000000000000000000000000E+04
    0.629653746727854013442993164062500000000000E-03    0.276954516601562500000000000000000000000000E+04
    0.642373692244291305541992187500000000000000E-03    0.282247387695312500000000000000000000000000E+04
    0.655350449960678815841674804687500000000000E-03    0.287637207031250000000000000000000000000000E+04
    0.668589433189481496810913085937500000000000E-03    0.293125439453125000000000000000000000000000E+04
    0.682095822412520647048950195312500000000000E-03    0.298713696289062500000000000000000000000000E+04
    0.695875030942261219024658203125000000000000E-03    0.304403442382812500000000000000000000000000E+04
    0.709932646714150905609130859375000000000000E-03    0.310196289062500000000000000000000000000000E+04
    0.724274199455976486206054687500000000000000E-03    0.316093774414062500000000000000000000000000E+04
    0.738905626349151134490966796875000000000000E-03    0.322097436523437500000000000000000000000000E+04
    0.753832457121461629867553710937500000000000E-03    0.328208911132812500000000000000000000000000E+04
    0.769060861784964799880981445312500000000000E-03    0.334429711914062500000000000000000000000000E+04
    0.784596893936395645141601562500000000000000E-03    0.340761425781250000000000000000000000000000E+04
    0.800446781795471906661987304687500000000000E-03    0.347205639648437500000000000000000000000000E+04
    0.816616869997233152389526367187500000000000E-03    0.353763940429687500000000000000000000000000E+04
    0.833113677799701690673828125000000000000000E-03    0.360437890625000000000000000000000000000000E+04
    0.849943608045578002929687500000000000000000E-03    0.367229077148437500000000000000000000000000E+04
    0.867113587446510791778564453125000000000000E-03    0.374139013671875000000000000000000000000000E+04
    0.884630659129470586776733398437500000000000E-03    0.381169262695312500000000000000000000000000E+04
    0.902501342352479696273803710937500000000000E-03    0.388321411132812500000000000000000000000000E+04
    0.920733029488474130630493164062500000000000E-03    0.395596948242187500000000000000000000000000E+04
    0.939333112910389900207519531250000000000000E-03    0.402997436523437500000000000000000000000000E+04
    0.958308868575841188430786132812500000000000E-03    0.410524365234375000000000000000000000000000E+04
    0.977667979896068572998046875000000000000000E-03    0.418179248046875000000000000000000000000000E+04
    0.997418188489973545074462890625000000000000E-03    0.425963525390625000000000000000000000000000E+04
    0.101756735239177942276000976562500000000000E-02    0.433878710937500000000000000000000000000000E+04
    0.103812362067401409149169921875000000000000E-02    0.441926269531250000000000000000000000000000E+04
    0.105909502599388360977172851562500000000000E-02    0.450107568359375000000000000000000000000000E+04
    0.108049006666988134384155273437500000000000E-02    0.458424023437500000000000000000000000000000E+04
    0.110231747385114431381225585937500000000000E-02    0.466877001953125000000000000000000000000000E+04
    0.112458574585616588592529296875000000000000E-02    0.475467919921875000000000000000000000000000E+04
    0.114730407949537038803100585937500000000000E-02    0.484198046875000000000000000000000000000000E+04
    0.117048120591789484024047851562500000000000E-02    0.493068750000000000000000000000000000000000E+04
    0.119412643834948539733886718750000000000000E-02    0.502081250000000000000000000000000000000000E+04
    0.121824943926185369491577148437500000000000E-02    0.511236816406250000000000000000000000000000E+04
    0.124285963829606771469116210937500000000000E-02    0.520536718750000000000000000000000000000000E+04
    0.126796704716980457305908203125000000000000E-02    0.529982226562500000000000000000000000000000E+04
    0.129358167760074138641357421875000000000000E-02    0.539574511718750000000000000000000000000000E+04
    0.131971365772187709808349609375000000000000E-02    0.549314746093750000000000000000000000000000E+04
    0.134637358132749795913696289062500000000000E-02    0.559204150390625000000000000000000000000000E+04
    0.137357215862721204757690429687500000000000E-02    0.569243847656250000000000000000000000000000E+04
    0.140132009983062744140625000000000000000000E-02    0.579435058593750000000000000000000000000000E+04
    0.142962858080863952636718750000000000000000E-02    0.589778955078125000000000000000000000000000E+04
    0.145850901026278734207153320312500000000000E-02    0.600276611328125000000000000000000000000000E+04
    0.148797314614057540893554687500000000000000E-02    0.610929199218750000000000000000000000000000E+04
    0.151803228072822093963623046875000000000000E-02    0.621737939453125000000000000000000000000000E+04
    0.154869852121919393539428710937500000000000E-02    0.632704101562500000000000000000000000000000E+04
    0.157998420763760805130004882812500000000000E-02    0.643828906250000000000000000000000000000000E+04
    0.161190202925354242324829101562500000000000E-02    0.655113574218750000000000000000000000000000E+04
    0.164446467533707618713378906250000000000000E-02    0.666559326171875000000000000000000000000000E+04
    0.167768495157361030578613281250000000000000E-02    0.678167626953125000000000000000000000000000E+04
    0.171157636214047670364379882812500000000000E-02    0.689939941406250000000000000000000000000000E+04
    0.174615241121500730514526367187500000000000E-02    0.701877685546875000000000000000000000000000E+04
    0.178142718505114316940307617187500000000000E-02    0.713982373046875000000000000000000000000000E+04
    0.181741418782621622085571289062500000000000E-02    0.726255517578125000000000000000000000000000E+04
    0.185412843711674213409423828125000000000000E-02    0.738698925781250000000000000000000000000000E+04
    0.189158413559198379516601562500000000000000E-02    0.751314453125000000000000000000000000000000E+04
    0.192979711573570966720581054687500000000000E-02    0.764104003906250000000000000000000000000000E+04
    0.196878169663250446319580078125000000000000E-02    0.777069482421875000000000000000000000000000E+04
    0.200855359435081481933593750000000000000000E-02    0.790212890625000000000000000000000000000000E+04
    0.204912899062037467956542968750000000000000E-02    0.803536279296875000000000000000000000000000E+04
    0.209052418358623981475830078125000000000000E-02    0.817041992187500000000000000000000000000000E+04
    0.213275570422410964965820312500000000000000E-02    0.830732128906250000000000000000000000000000E+04
    0.217583985067903995513916015625000000000000E-02    0.844609082031250000000000000000000000000000E+04
    0.221979478374123573303222656250000000000000E-02    0.858674902343750000000000000000000000000000E+04
    0.226463773287832736968994140625000000000000E-02    0.872931835937500000000000000000000000000000E+04
    0.231038639321923255920410156250000000000000E-02    0.887381835937500000000000000000000000000000E+04
    0.235705915838479995727539062500000000000000E-02    0.902027050781250000000000000000000000000000E+04
    0.240467488765716552734375000000000000000000E-02    0.916869531250000000000000000000000000000000E+04
    0.245325244031846523284912109375000000000000E-02    0.931911035156250000000000000000000000000000E+04
    0.250281183980405330657958984375000000000000E-02    0.947152539062500000000000000000000000000000E+04
    0.255337217822670936584472656250000000000000E-02    0.962594824218750000000000000000000000000000E+04
    0.260495371185243129730224609375000000000000E-02    0.978238671875000000000000000000000000000000E+04
    0.265757716260850429534912109375000000000000E-02    0.994084765625000000000000000000000000000000E+04
    0.271126371808350086212158203125000000000000E-02    0.101013310546875000000000000000000000000000E+05
    0.276603479869663715362548828125000000000000E-02    0.102638251953125000000000000000000000000000E+05
    0.282191229052841663360595703125000000000000E-02    0.104283154296875000000000000000000000000000E+05
    0.287891877815127372741699218750000000000000E-02    0.105947851562500000000000000000000000000000E+05
    0.293707661330699920654296875000000000000000E-02    0.107632158203125000000000000000000000000000E+05
    0.299640954472124576568603515625000000000000E-02    0.109335849609375000000000000000000000000000E+05
    0.305694085545837879180908203125000000000000E-02    0.111058583984375000000000000000000000000000E+05
    0.311869522556662559509277343750000000000000E-02    0.112800029296875000000000000000000000000000E+05
    0.318169780075550079345703125000000000000000E-02    0.114559794921875000000000000000000000000000E+05
    0.324597232975065708160400390625000000000000E-02    0.116337500000000000000000000000000000000000E+05
    0.331154512241482734680175781250000000000000E-02    0.118132753906250000000000000000000000000000E+05
    0.337844272144138813018798828125000000000000E-02    0.119945253906250000000000000000000000000000E+05
    0.344669190235435962677001953125000000000000E-02    0.121774658203125000000000000000000000000000E+05
    0.351631967350840568542480468750000000000000E-02    0.123620576171875000000000000000000000000000E+05
    0.358735374175012111663818359375000000000000E-02    0.125482656250000000000000000000000000000000E+05
    0.365982321090996265411376953125000000000000E-02    0.127360576171875000000000000000000000000000E+05
    0.373375625349581241607666015625000000000000E-02    0.129254121093750000000000000000000000000000E+05
    0.380918313749134540557861328125000000000000E-02    0.131163066406250000000000000000000000000000E+05
    0.388613343238830566406250000000000000000000E-02    0.133087177734375000000000000000000000000000E+05
    0.396463880315423011779785156250000000000000E-02    0.135026191406250000000000000000000000000000E+05
    0.404472928494215011596679687500000000000000E-02    0.136979794921875000000000000000000000000000E+05
    0.412643933668732643127441406250000000000000E-02    0.138947597656250000000000000000000000000000E+05
    0.420979922637343406677246093750000000000000E-02    0.140929218750000000000000000000000000000000E+05
    0.429484248161315917968750000000000000000000E-02    0.142924238281250000000000000000000000000000E+05
    0.438160402700304985046386718750000000000000E-02    0.144932197265625000000000000000000000000000E+05
    0.447011832147836685180664062500000000000000E-02    0.146952441406250000000000000000000000000000E+05
    0.456042028963565826416015625000000000000000E-02    0.148984121093750000000000000000000000000000E+05
    0.465254718437790870666503906250000000000000E-02    0.151026347656250000000000000000000000000000E+05
    0.474653439596295356750488281250000000000000E-02    0.153078212890625000000000000000000000000000E+05
    0.484242103993892669677734375000000000000000E-02    0.155138769531250000000000000000000000000000E+05
    0.494024436920881271362304687500000000000000E-02    0.157207255859375000000000000000000000000000E+05
    0.504004349932074546813964843750000000000000E-02    0.159283027343750000000000000000000000000000E+05
    0.514185894280672073364257812500000000000000E-02    0.161365410156250000000000000000000000000000E+05
    0.524573167786002159118652343750000000000000E-02    0.163453740234375000000000000000000000000000E+05
    0.535170361399650573730468750000000000000000E-02    0.165547265625000000000000000000000000000000E+05
    0.545981479808688163757324218750000000000000E-02    0.167645058593750000000000000000000000000000E+05
    0.557011039927601814270019531250000000000000E-02    0.169745996093750000000000000000000000000000E+05
    0.568263372406363487243652343750000000000000E-02    0.171848945312500000000000000000000000000000E+05
    0.579743087291717529296875000000000000000000E-02    0.173952714843750000000000000000000000000000E+05
    0.591454654932022094726562500000000000000000E-02    0.176056132812500000000000000000000000000000E+05
    0.603402825072407722473144531250000000000000E-02    0.178157968750000000000000000000000000000000E+05
    0.615592347458004951477050781250000000000000E-02    0.180257031250000000000000000000000000000000E+05
    0.628028111532330513000488281250000000000000E-02    0.182352089843750000000000000000000000000000E+05
    0.640715099871158599853515625000000000000000E-02    0.184441875000000000000000000000000000000000E+05
    0.653658434748649597167968750000000000000000E-02    0.186525058593750000000000000000000000000000E+05
    0.666863145306706428527832031250000000000000E-02    0.188600390625000000000000000000000000000000E+05
    0.680334679782390594482421875000000000000000E-02    0.190666523437500000000000000000000000000000E+05
    0.694078346714377403259277343750000000000000E-02    0.192722148437500000000000000000000000000000E+05
    0.708099640905857086181640625000000000000000E-02    0.194765898437500000000000000000000000000000E+05
    0.722404150292277336120605468750000000000000E-02    0.196796347656250000000000000000000000000000E+05
    0.736997742205858230590820312500000000000000E-02    0.198811894531250000000000000000000000000000E+05
    0.751886051148176193237304687500000000000000E-02    0.200810839843750000000000000000000000000000E+05
    0.767075084149837493896484375000000000000000E-02    0.202791425781250000000000000000000000000000E+05
    0.782571360468864440917968750000000000000000E-02    0.204751914062500000000000000000000000000000E+05
    0.798380374908447265625000000000000000000000E-02    0.206690488281250000000000000000000000000000E+05
    0.814508739858865737915039062500000000000000E-02    0.208605351562500000000000000000000000000000E+05
    0.830962881445884704589843750000000000000000E-02    0.210494628906250000000000000000000000000000E+05
    0.847749505192041397094726562500000000000000E-02    0.212356464843750000000000000000000000000000E+05
    0.864875130355358123779296875000000000000000E-02    0.214188984375000000000000000000000000000000E+05
    0.882346741855144500732421875000000000000000E-02    0.215990253906250000000000000000000000000000E+05
    0.900171231478452682495117187500000000000000E-02    0.217758203125000000000000000000000000000000E+05
    0.918355956673622131347656250000000000000000E-02    0.219490722656250000000000000000000000000000E+05
    0.936907902359962463378906250000000000000000E-02    0.221185683593750000000000000000000000000000E+05
    0.955834705382585525512695312500000000000000E-02    0.222840957031250000000000000000000000000000E+05
    0.975143909454345703125000000000000000000000E-02    0.224454355468750000000000000000000000000000E+05
    0.994843058288097381591796875000000000000000E-02    0.226023515625000000000000000000000000000000E+05
    0.101494016125798225402832031250000000000000E-01    0.227546074218750000000000000000000000000000E+05
    0.103544332087039947509765625000000000000000E-01    0.229019609375000000000000000000000000000000E+05
    0.105636063963174819946289062500000000000000E-01    0.230441738281250000000000000000000000000000E+05
    0.107770059257745742797851562500000000000000E-01    0.231810058593750000000000000000000000000000E+05
    0.109947146847844123840332031250000000000000E-01    0.233122109375000000000000000000000000000000E+05
    0.112168220803141593933105468750000000000000E-01    0.234375390625000000000000000000000000000000E+05
    0.114434175193309783935546875000000000000000E-01    0.235567460937500000000000000000000000000000E+05
    0.116745894774794578552246093750000000000000E-01    0.236695898437500000000000000000000000000000E+05
    0.119104310870170593261718750000000000000000E-01    0.237758144531250000000000000000000000000000E+05
    0.121510382741689682006835937500000000000000E-01    0.238751250000000000000000000000000000000000E+05
    0.123965051025152206420898437500000000000000E-01    0.239672265625000000000000000000000000000000E+05
    0.126469302922487258911132812500000000000000E-01    0.240518261718750000000000000000000000000000E+05
    0.129024153575301170349121093750000000000000E-01    0.241286289062500000000000000000000000000000E+05
    0.131630674004554748535156250000000000000000E-01    0.241973828125000000000000000000000000000000E+05
    0.134289795532822608947753906250000000000000E-01    0.242579121093750000000000000000000000000000E+05
    0.137002617120742797851562500000000000000000E-01    0.243100664062500000000000000000000000000000E+05
    0.139770256355404853820800781250000000000000E-01    0.243536972656250000000000000000000000000000E+05
    0.142593793570995330810546875000000000000000E-01    0.243886699218750000000000000000000000000000E+05
    0.145474374294281005859375000000000000000000E-01    0.244147011718750000000000000000000000000000E+05
    0.148413162678480148315429687500000000000000E-01    0.244311542968750000000000000000000000000000E+05
    0.151411294937133789062500000000000000000000E-01    0.244373457031250000000000000000000000000000E+05
    0.154470009729266166687011718750000000000000E-01    0.244326074218750000000000000000000000000000E+05
    0.157590489834547042846679687500000000000000E-01    0.244162890625000000000000000000000000000000E+05
    0.160774048417806625366210937500000000000000E-01    0.243883632812500000000000000000000000000000E+05
    0.164021886885166168212890625000000000000000E-01    0.243500664062500000000000000000000000000000E+05
    0.167335346341133117675781250000000000000000E-01    0.243028046875000000000000000000000000000000E+05
    0.170715730637311935424804687500000000000000E-01    0.242479804687500000000000000000000000000000E+05
    0.174164418131113052368164062500000000000000E-01    0.241869785156250000000000000000000000000000E+05
    0.177682787179946899414062500000000000000000E-01    0.241199550781250000000000000000000000000000E+05
    0.181272197514772415161132812500000000000000E-01    0.240448261718750000000000000000000000000000E+05
    0.184934139251708984375000000000000000000000E-01    0.239593066406250000000000000000000000000000E+05
    0.188670046627521514892578125000000000000000E-01    0.238611503906250000000000000000000000000000E+05
    0.192481447011232376098632812500000000000000E-01    0.237481875000000000000000000000000000000000E+05
    0.196369830518960952758789062500000000000000E-01    0.236191875000000000000000000000000000000000E+05
    0.200336743146181106567382812500000000000000E-01    0.234744101562500000000000000000000000000000E+05
    0.204383805394172668457031250000000000000000E-01    0.233142695312500000000000000000000000000000E+05
    0.208512637764215469360351562500000000000000E-01    0.231392109375000000000000000000000000000000E+05
    0.212724860757589340209960937500000000000000E-01    0.229497070312500000000000000000000000000000E+05
    0.217022281140089035034179687500000000000000E-01    0.227465410156250000000000000000000000000000E+05
    0.221406426280736923217773437500000000000000E-01    0.225309121093750000000000000000000000000000E+05
    0.225879121571779251098632812500000000000000E-01    0.223040371093750000000000000000000000000000E+05
    0.230442192405462265014648437500000000000000E-01    0.220671230468750000000000000000000000000000E+05
    0.235097426921129226684570312500000000000000E-01    0.218213398437500000000000000000000000000000E+05
    0.239846706390380859375000000000000000000000E-01    0.215674433593750000000000000000000000000000E+05
    0.244691912084817886352539062500000000000000E-01    0.213056835937500000000000000000000000000000E+05
    0.249635018408298492431640625000000000000000E-01    0.210362949218750000000000000000000000000000E+05
    0.254677981138229370117187500000000000000000E-01    0.207595214843750000000000000000000000000000E+05
    0.259822811931371688842773437500000000000000E-01    0.204756132812500000000000000000000000000000E+05
    0.265071578323841094970703125000000000000000E-01    0.201846523437500000000000000000000000000000E+05
    0.270426385104656219482421875000000000000000E-01    0.198865292968750000000000000000000000000000E+05
    0.275889337062835693359375000000000000000000E-01    0.195811582031250000000000000000000000000000E+05
    0.281462669372558593750000000000000000000000E-01    0.192684980468750000000000000000000000000000E+05
    0.287148579955101013183593750000000000000000E-01    0.189485625000000000000000000000000000000000E+05
    0.292949359863996505737304687500000000000000E-01    0.186218906250000000000000000000000000000000E+05
    0.298867337405681610107421875000000000000000E-01    0.182895078125000000000000000000000000000000E+05
    0.304904840886592864990234375000000000000000E-01    0.179524296875000000000000000000000000000000E+05
    0.311064328998327255249023437500000000000000E-01    0.176116308593750000000000000000000000000000E+05
    0.317348241806030273437500000000000000000000E-01    0.172680625000000000000000000000000000000000E+05
    0.323759093880653381347656250000000000000000E-01    0.169229238281250000000000000000000000000000E+05
    0.330299474298954010009765625000000000000000E-01    0.165775937500000000000000000000000000000000E+05
    0.336971953511238098144531250000000000000000E-01    0.162333750000000000000000000000000000000000E+05
    0.343779213726520538330078125000000000000000E-01    0.158914765625000000000000000000000000000000E+05
    0.350724011659622192382812500000000000000000E-01    0.155530126953125000000000000000000000000000E+05
    0.357809104025363922119140625000000000000000E-01    0.152189101562500000000000000000000000000000E+05
    0.365037508308887481689453125000000000000000E-01    0.148899423828125000000000000000000000000000E+05
    0.372411720454692840576171875000000000000000E-01    0.145668134765625000000000000000000000000000E+05
    0.379934944212436676025390625000000000000000E-01    0.142501621093750000000000000000000000000000E+05
    0.387610122561454772949218750000000000000000E-01    0.139405654296875000000000000000000000000000E+05
    0.395440347492694854736328125000000000000000E-01    0.136385634765625000000000000000000000000000E+05
    0.403428785502910614013671875000000000000000E-01    0.133446503906250000000000000000000000000000E+05
    0.411578565835952758789062500000000000000000E-01    0.130592685546875000000000000000000000000000E+05
    0.419893004000186920166015625000000000000000E-01    0.127828085937500000000000000000000000000000E+05
    0.428375415503978729248046875000000000000000E-01    0.125156494140625000000000000000000000000000E+05
    0.437029153108596801757812500000000000000000E-01    0.122585058593750000000000000000000000000000E+05
    0.445857718586921691894531250000000000000000E-01    0.120122548828125000000000000000000000000000E+05
    0.454864650964736938476562500000000000000000E-01    0.117776972656250000000000000000000000000000E+05
    0.464053489267826080322265625000000000000000E-01    0.115555615234375000000000000000000000000000E+05
    0.473427996039390563964843750000000000000000E-01    0.113462832031250000000000000000000000000000E+05
    0.482991859316825866699218750000000000000000E-01    0.111490576171875000000000000000000000000000E+05
    0.492748916149139404296875000000000000000000E-01    0.109627460937500000000000000000000000000000E+05
    0.502703115344047546386718750000000000000000E-01    0.107862861328125000000000000000000000000000E+05
    0.512858368456363677978515625000000000000000E-01    0.106186845703125000000000000000000000000000E+05
    0.523218810558319091796875000000000000000000E-01    0.104590693359375000000000000000000000000000E+05
    0.533788502216339111328125000000000000000000E-01    0.103066738281250000000000000000000000000000E+05
    0.544571764767169952392578125000000000000000E-01    0.101607744140625000000000000000000000000000E+05
    0.555572807788848876953125000000000000000000E-01    0.100206669921875000000000000000000000000000E+05
    0.566796138882637023925781250000000000000000E-01    0.988530761718750000000000000000000000000000E+04
    0.578246153891086578369140625000000000000000E-01    0.975338574218750000000000000000000000000000E+04
    0.589927472174167633056640625000000000000000E-01    0.962364941406250000000000000000000000000000E+04
    0.601844787597656250000000000000000000000000E-01    0.949484667968750000000000000000000000000000E+04
    0.614003166556358337402343750000000000000000E-01    0.936540332031250000000000000000000000000000E+04
    0.626406818628311157226562500000000000000000E-01    0.923368554687500000000000000000000000000000E+04
    0.639061108231544494628906250000000000000000E-01    0.909814550781250000000000000000000000000000E+04
    0.651970952749252319335937500000000000000000E-01    0.895690332031250000000000000000000000000000E+04
    0.665141642093658447265625000000000000000000E-01    0.880766699218750000000000000000000000000000E+04
    0.678578317165374755859375000000000000000000E-01    0.864830566406250000000000000000000000000000E+04
    0.692286565899848937988281250000000000000000E-01    0.847791503906250000000000000000000000000000E+04
    0.706271678209304809570312500000000000000000E-01    0.829812792968750000000000000000000000000000E+04
    0.720539242029190063476562500000000000000000E-01    0.811086962890625000000000000000000000000000E+04
    0.735095068812370300292968750000000000000000E-01    0.791672509765625000000000000000000000000000E+04
    0.749944970011711120605468750000000000000000E-01    0.771310986328125000000000000000000000000000E+04
    0.765094906091690063476562500000000000000000E-01    0.749732666015625000000000000000000000000000E+04
    0.780550837516784667968750000000000000000000E-01    0.726927148437500000000000000000000000000000E+04
    0.796318948268890380859375000000000000000000E-01    0.703270312500000000000000000000000000000000E+04
    0.812405645847320556640625000000000000000000E-01    0.679139697265625000000000000000000000000000E+04
    0.828817337751388549804687500000000000000000E-01    0.654781591796875000000000000000000000000000E+04
    0.845560505986213684082031250000000000000000E-01    0.630344970703125000000000000000000000000000E+04
    0.862641930580139160156250000000000000000000E-01    0.605988574218750000000000000000000000000000E+04
    0.880068466067314147949218750000000000000000E-01    0.581944091796875000000000000000000000000000E+04
    0.897847041487693786621093750000000000000000E-01    0.558437597656250000000000000000000000000000E+04
    0.915984734892845153808593750000000000000000E-01    0.535738085937500000000000000000000000000000E+04
    0.934488773345947265625000000000000000000000E-01    0.514130908203125000000000000000000000000000E+04
    0.953366756439208984375000000000000000000000E-01    0.493853906250000000000000000000000000000000E+04
    0.972625985741615295410156250000000000000000E-01    0.475101513671875000000000000000000000000000E+04
    0.992274358868598937988281250000000000000000E-01    0.458031689453125000000000000000000000000000E+04
    0.101232007145881652832031250000000000000000E+00    0.442775341796875000000000000000000000000000E+04
    0.103277020156383514404296875000000000000000E+00    0.429406640625000000000000000000000000000000E+04
    0.105363354086875915527343750000000000000000E+00    0.417792187500000000000000000000000000000000E+04
    0.107491828501224517822265625000000000000000E+00    0.407752490234375000000000000000000000000000E+04
    0.109663315117359161376953125000000000000000E+00    0.399106640625000000000000000000000000000000E+04
    0.111878655850887298583984375000000000000000E+00    0.391550122070312500000000000000000000000000E+04
    0.114138752222061157226562500000000000000000E+00    0.384753857421875000000000000000000000000000E+04
    0.116444505751132965087890625000000000000000E+00    0.378410864257812500000000000000000000000000E+04
    0.118796832859516143798828125000000000000000E+00    0.372224145507812500000000000000000000000000E+04
    0.121196687221527099609375000000000000000000E+00    0.365913159179687500000000000000000000000000E+04
    0.123645029962062835693359375000000000000000E+00    0.359208715820312500000000000000000000000000E+04
    0.126142814755439758300781250000000000000000E+00    0.351850659179687500000000000000000000000000E+04
    0.128691077232360839843750000000000000000000E+00    0.343609179687500000000000000000000000000000E+04
    0.131290808320045471191406250000000000000000E+00    0.334328833007812500000000000000000000000000E+04
    0.133943051099777221679687500000000000000000E+00    0.323909887695312500000000000000000000000000E+04
    0.136648878455162048339843750000000000000000E+00    0.312383666992187500000000000000000000000000E+04
    0.139409363269805908203125000000000000000000E+00    0.299958251953125000000000000000000000000000E+04
    0.142225623130798339843750000000000000000000E+00    0.286894750976562500000000000000000000000000E+04
    0.145098760724067687988281250000000000000000E+00    0.273609155273437500000000000000000000000000E+04
    0.148029953241348266601562500000000000000000E+00    0.260508032226562500000000000000000000000000E+04
    0.151020348072052001953125000000000000000000E+00    0.247961035156250000000000000000000000000000E+04
    0.154071167111396789550781250000000000000000E+00    0.236281176757812500000000000000000000000000E+04
    0.157183602452278137207031250000000000000000E+00    0.225690307617187500000000000000000000000000E+04
    0.160358920693397521972656250000000000000000E+00    0.216341601562500000000000000000000000000000E+04
    0.163598373532295227050781250000000000000000E+00    0.208296411132812500000000000000000000000000E+04
    0.166903272271156311035156250000000000000000E+00    0.201549951171875000000000000000000000000000E+04
    0.170275032520294189453125000000000000000000E+00    0.195975170898437500000000000000000000000000E+04
    0.173714801669120788574218750000000000000000E+00    0.191362011718750000000000000000000000000000E+04
    0.177224084734916687011718750000000000000000E+00    0.187380590820312500000000000000000000000000E+04
    0.180804237723350524902343750000000000000000E+00    0.183649511718750000000000000000000000000000E+04
    0.184456720948219299316406250000000000000000E+00    0.179777978515625000000000000000000000000000E+04
    0.188182994723320007324218750000000000000000E+00    0.175430249023437500000000000000000000000000E+04
    0.191984534263610839843750000000000000000000E+00    0.170391381835937500000000000000000000000000E+04
    0.195862874388694763183593750000000000000000E+00    0.164587744140625000000000000000000000000000E+04
    0.199819564819335937500000000000000000000000E+00    0.158089794921875000000000000000000000000000E+04
    0.203856185078620910644531250000000000000000E+00    0.151109204101562500000000000000000000000000E+04
    0.207974359393119812011718750000000000000000E+00    0.143930920410156250000000000000000000000000E+04
    0.212175697088241577148437500000000000000000E+00    0.136880334472656250000000000000000000000000E+04
    0.216461926698684692382812500000000000000000E+00    0.130259936523437500000000000000000000000000E+04
    0.220834761857986450195312500000000000000000E+00    0.124312854003906250000000000000000000000000E+04
    0.225295916199684143066406250000000000000000E+00    0.119191186523437500000000000000000000000000E+04
    0.229847192764282226562500000000000000000000E+00    0.114908032226562500000000000000000000000000E+04
    0.234490394592285156250000000000000000000000E+00    0.111341088867187500000000000000000000000000E+04
    0.239227414131164550781250000000000000000000E+00    0.108252661132812500000000000000000000000000E+04
    0.244060128927230834960937500000000000000000E+00    0.105367480468750000000000000000000000000000E+04
    0.248990446329116821289062500000000000000000E+00    0.102437353515625000000000000000000000000000E+04
    0.254020392894744873046875000000000000000000E+00    0.992620056152343750000000000000000000000000E+03
    0.259151935577392578125000000000000000000000E+00    0.957133911132812500000000000000000000000000E+03
    0.264387160539627075195312500000000000000000E+00    0.917912902832031250000000000000000000000000E+03
    0.269728124141693115234375000000000000000000E+00    0.876559814453125000000000000000000000000000E+03
    0.275177001953125000000000000000000000000000E+00    0.835481201171875000000000000000000000000000E+03
    0.280736058950424194335937500000000000000000E+00    0.796840759277343750000000000000000000000000E+03
    0.286407291889190673828125000000000000000000E+00    0.762055419921875000000000000000000000000000E+03
    0.292193114757537841796875000000000000000000E+00    0.731764282226562500000000000000000000000000E+03
    0.298095792531967163085937500000000000000000E+00    0.705650573730468750000000000000000000000000E+03
    0.304117560386657714843750000000000000000000E+00    0.682367492675781250000000000000000000000000E+03
    0.310261309146881103515625000000000000000000E+00    0.660132263183593750000000000000000000000000E+03
    0.316528826951980590820312500000000000000000E+00    0.637432312011718750000000000000000000000000E+03
    0.322923272848129272460937500000000000000000E+00    0.613400024414062500000000000000000000000000E+03
    0.329446613788604736328125000000000000000000E+00    0.588029479980468750000000000000000000000000E+03
    0.336102008819580078125000000000000000000000E+00    0.562135986328125000000000000000000000000000E+03
    0.342891573905944824218750000000000000000000E+00    0.536957763671875000000000000000000000000000E+03
    0.349818587303161621093750000000000000000000E+00    0.513641540527343750000000000000000000000000E+03
    0.356885224580764770507812500000000000000000E+00    0.492719146728515625000000000000000000000000E+03
    0.364094972610473632812500000000000000000000E+00    0.473901397705078125000000000000000000000000E+03
    0.371450334787368774414062500000000000000000E+00    0.456419860839843750000000000000000000000000E+03
    0.378953933715820312500000000000000000000000E+00    0.439392608642578125000000000000000000000000E+03
    0.386609494686126708984375000000000000000000E+00    0.422145477294921875000000000000000000000000E+03
    0.394419312477111816406250000000000000000000E+00    0.404589080810546875000000000000000000000000E+03
    0.402387291193008422851562500000000000000000E+00    0.387126953125000000000000000000000000000000E+03
    0.410515844821929931640625000000000000000000E+00    0.370337493896484375000000000000000000000000E+03
    0.418809026479721069335937500000000000000000E+00    0.354709777832031250000000000000000000000000E+03
    0.427269339561462402343750000000000000000000E+00    0.340310119628906250000000000000000000000000E+03
    0.435900926589965820312500000000000000000000E+00    0.326804321289062500000000000000000000000000E+03
    0.444706469774246215820312500000000000000000E+00    0.313759613037109375000000000000000000000000E+03
    0.453690379858016967773437500000000000000000E+00    0.300862518310546875000000000000000000000000E+03
    0.462855309247970581054687500000000000000000E+00    0.288117919921875000000000000000000000000000E+03
    0.472205787897109985351562500000000000000000E+00    0.275742980957031250000000000000000000000000E+03
    0.481744766235351562500000000000000000000000E+00    0.263973785400390625000000000000000000000000E+03
    0.491476893424987792968750000000000000000000E+00    0.252917343139648437500000000000000000000000E+03
    0.501405119895935058593750000000000000000000E+00    0.242447479248046875000000000000000000000000E+03
    0.511534392833709716796875000000000000000000E+00    0.232363464355468750000000000000000000000000E+03
    0.521867811679840087890625000000000000000000E+00    0.222544433593750000000000000000000000000000E+03
    0.532410502433776855468750000000000000000000E+00    0.213000061035156250000000000000000000000000E+03
    0.543165624141693115234375000000000000000000E+00    0.203841964721679687500000000000000000000000E+03
    0.554138541221618652343750000000000000000000E+00    0.195121795654296875000000000000000000000000E+03
    0.565332591533660888671875000000000000000000E+00    0.186832000732421875000000000000000000000000E+03
    0.576753377914428710937500000000000000000000E+00    0.178872268676757812500000000000000000000000E+03
    0.588404297828674316406250000000000000000000E+00    0.171192886352539062500000000000000000000000E+03
    0.600291073322296142578125000000000000000000E+00    0.163783615112304687500000000000000000000000E+03
    0.612418055534362792968750000000000000000000E+00    0.156688354492187500000000000000000000000000E+03
    0.624789416790008544921875000000000000000000E+00    0.149905471801757812500000000000000000000000E+03
    0.637411296367645263671875000000000000000000E+00    0.143411056518554687500000000000000000000000E+03
    0.650287508964538574218750000000000000000000E+00    0.137187622070312500000000000000000000000000E+03
    0.663424491882324218750000000000000000000000E+00    0.131219161987304687500000000000000000000000E+03
    0.676826238632202148437500000000000000000000E+00    0.125492774963378906250000000000000000000000E+03
    0.690499365329742431640625000000000000000000E+00    0.120000854492187500000000000000000000000000E+03
    0.704448044300079345703125000000000000000000E+00    0.114736511230468750000000000000000000000000E+03
    0.718679130077362060546875000000000000000000E+00    0.109692764282226562500000000000000000000000E+03
    0.733197033405303955078125000000000000000000E+00    0.104861610412597656250000000000000000000000E+03
    0.748008966445922851562500000000000000000000E+00    0.100234275817871093750000000000000000000000E+03
    0.763119339942932128906250000000000000000000E+00    0.958023223876953125000000000000000000000000E+02
    0.778535783290863037109375000000000000000000E+00    0.915577011108398437500000000000000000000000E+02
    0.794262826442718505859375000000000000000000E+00    0.874928817749023437500000000000000000000000E+02
    0.810308396816253662109375000000000000000000E+00    0.836007080078125000000000000000000000000000E+02
    0.826677322387695312500000000000000000000000E+00    0.798742523193359375000000000000000000000000E+02
    0.843377590179443359375000000000000000000000E+00    0.763069610595703125000000000000000000000000E+02
    0.860414624214172363281250000000000000000000E+00    0.728926467895507812500000000000000000000000E+02
    0.877796530723571777343750000000000000000000E+00    0.696253585815429687500000000000000000000000E+02
    0.895528674125671386718750000000000000000000E+00    0.664992904663085937500000000000000000000000E+02
    0.913619995117187500000000000000000000000000E+00    0.635084266662597656250000000000000000000000E+02
    0.932075977325439453125000000000000000000000E+00    0.606466445922851562500000000000000000000000E+02
    0.950905561447143554687500000000000000000000E+00    0.579081306457519531250000000000000000000000E+02
    0.970114648342132568359375000000000000000000E+00    0.552876396179199218750000000000000000000000E+02
    0.989712655544281005859375000000000000000000E+00    0.527814712524414062500000000000000000000000E+02
    0.100970673561096191406250000000000000000000E+01    0.503863258361816406250000000000000000000000E+02
