    0.999999974737875163555145263671875000000000E-04    0.443862731933593750000000000000000000000000E+03
    0.102020130725577473640441894531250000000000E-03    0.452512634277343750000000000000000000000000E+03
    0.104081082099582999944686889648437500000000E-03    0.461330932617187500000000000000000000000000E+03
    0.106183659227099269628524780273437500000000E-03    0.470320861816406250000000000000000000000000E+03
    0.108328706119209527969360351562500000000000E-03    0.479485748291015625000000000000000000000000E+03
    0.110517095890827476978302001953125000000000E-03    0.488829040527343750000000000000000000000000E+03
    0.112749679828993976116180419921875000000000E-03    0.498354156494140625000000000000000000000000E+03
    0.115027374704368412494659423828125000000000E-03    0.508064666748046875000000000000000000000000E+03
    0.117351090011652559041976928710937500000000E-03    0.517964111328125000000000000000000000000000E+03
    0.119721727969590574502944946289062500000000E-03    0.528056152343750000000000000000000000000000E+03
    0.122140278108417987823486328125000000000000E-03    0.538344604492187500000000000000000000000000E+03
    0.124607671750709414482116699218750000000000E-03    0.548833129882812500000000000000000000000000E+03
    0.127124920254573225975036621093750000000000E-03    0.559525756835937500000000000000000000000000E+03
    0.129692998598329722881317138671875000000000E-03    0.570426330566406250000000000000000000000000E+03
    0.132312969071790575981140136718750000000000E-03    0.581538879394531250000000000000000000000000E+03
    0.134985879412852227687835693359375000000000E-03    0.592867553710937500000000000000000000000000E+03
    0.137712777359411120414733886718750000000000E-03    0.604416503906250000000000000000000000000000E+03
    0.140494754305109381675720214843750000000000E-03    0.616189941406250000000000000000000000000000E+03
    0.143332930747419595718383789062500000000000E-03    0.628192260742187500000000000000000000000000E+03
    0.146228456287644803524017333984375000000000E-03    0.640427917480468750000000000000000000000000E+03
    0.149182465975172817707061767578125000000000E-03    0.652901367187500000000000000000000000000000E+03
    0.152196153067052364349365234375000000000000E-03    0.665617187500000000000000000000000000000000E+03
    0.155270710820332169532775878906250000000000E-03    0.678580078125000000000000000000000000000000E+03
    0.158407390699721872806549072265625000000000E-03    0.691794860839843750000000000000000000000000E+03
    0.161607444169931113719940185546875000000000E-03    0.705266296386718750000000000000000000000000E+03
    0.164872122695669531822204589843750000000000E-03    0.718999328613281250000000000000000000000000E+03
    0.168202750501222908496856689453125000000000E-03    0.732999084472656250000000000000000000000000E+03
    0.171600666362792253494262695312500000000000E-03    0.747270568847656250000000000000000000000000E+03
    0.175067238160409033298492431640625000000000E-03    0.761819152832031250000000000000000000000000E+03
    0.178603833774104714393615722656250000000000E-03    0.776650024414062500000000000000000000000000E+03
    0.182211864739656448364257812500000000000000E-03    0.791768737792968750000000000000000000000000E+03
    0.185892800800502300262451171875000000000000E-03    0.807180786132812500000000000000000000000000E+03
    0.189648068044334650039672851562500000000000E-03    0.822891784667968750000000000000000000000000E+03
    0.193479223526082932949066162109375000000000E-03    0.838907470703125000000000000000000000000000E+03
    0.197387780644930899143218994140625000000000E-03    0.855233703613281250000000000000000000000000E+03
    0.201375267351977527141571044921875000000000E-03    0.871876464843750000000000000000000000000000E+03
    0.205443298909813165664672851562500000000000E-03    0.888841735839843750000000000000000000000000E+03
    0.209593548788689076900482177734375000000000E-03    0.906135742187500000000000000000000000000000E+03
    0.213827603147365152835845947265625000000000E-03    0.923764770507812500000000000000000000000000E+03
    0.218147222767584025859832763671875000000000E-03    0.941735229492187500000000000000000000000000E+03
    0.222554081119596958160400390625000000000000E-03    0.960053588867187500000000000000000000000000E+03
    0.227049968088977038860321044921875000000000E-03    0.978726501464843750000000000000000000000000E+03
    0.231636688113212585449218750000000000000000E-03    0.997760803222656250000000000000000000000000E+03
    0.236316060181707143783569335937500000000000E-03    0.101716326904296875000000000000000000000000E+04
    0.241089961491525173187255859375000000000000E-03    0.103694091796875000000000000000000000000000E+04
    0.245960312895476818084716796875000000000000E-03    0.105710107421875000000000000000000000000000E+04
    0.250929006142541766166687011718750000000000E-03    0.107765075683593750000000000000000000000000E+04
    0.255998136708512902259826660156250000000000E-03    0.109859741210937500000000000000000000000000E+04
    0.261169654550030827522277832031250000000000E-03    0.111994860839843750000000000000000000000000E+04
    0.266445596935227513313293457031250000000000E-03    0.114171203613281250000000000000000000000000E+04
    0.271828175755217671394348144531250000000000E-03    0.116389550781250000000000000000000000000000E+04
    0.277319486485794186592102050781250000000000E-03    0.118650683593750000000000000000000000000000E+04
    0.282921682810410857200622558593750000000000E-03    0.120955419921875000000000000000000000000000E+04
    0.288637093035504221916198730468750000000000E-03    0.123304577636718750000000000000000000000000E+04
    0.294467929052188992500305175781250000000000E-03    0.125698986816406250000000000000000000000000E+04
    0.300416606478393077850341796875000000000000E-03    0.128139514160156250000000000000000000000000E+04
    0.306485395412892103195190429687500000000000E-03    0.130627001953125000000000000000000000000000E+04
    0.312676827888935804367065429687500000000000E-03    0.133162353515625000000000000000000000000000E+04
    0.318993290420621633529663085937500000000000E-03    0.135746459960937500000000000000000000000000E+04
    0.325437402352690696716308593750000000000000E-03    0.138380224609375000000000000000000000000000E+04
    0.332011666614562273025512695312500000000000E-03    0.141064587402343750000000000000000000000000E+04
    0.338718760758638381958007812500000000000000E-03    0.143800463867187500000000000000000000000000E+04
    0.345561362337321043014526367187500000000000E-03    0.146588842773437500000000000000000000000000E+04
    0.352542119799181818962097167968750000000000E-03    0.149430688476562500000000000000000000000000E+04
    0.359663943527266383171081542968750000000000E-03    0.152326989746093750000000000000000000000000E+04
    0.366929627489298582077026367187500000000000E-03    0.155278759765625000000000000000000000000000E+04
    0.374342111172154545783996582031250000000000E-03    0.158287011718750000000000000000000000000000E+04
    0.381904304958879947662353515625000000000000E-03    0.161352807617187500000000000000000000000000E+04
    0.389619322959333658218383789062500000000000E-03    0.164477172851562500000000000000000000000000E+04
    0.397490162868052721023559570312500000000000E-03    0.167661218261718750000000000000000000000000E+04
    0.405519997002556920051574707031250000000000E-03    0.170906005859375000000000000000000000000000E+04
    0.413712026784196496009826660156250000000000E-03    0.174212670898437500000000000000000000000000E+04
    0.422069540945813059806823730468750000000000E-03    0.177582324218750000000000000000000000000000E+04
    0.430595915531739592552185058593750000000000E-03    0.181016125488281250000000000000000000000000E+04
    0.439294555690139532089233398437500000000000E-03    0.184515234375000000000000000000000000000000E+04
    0.448168895673006772994995117187500000000000E-03    0.188080834960937500000000000000000000000000E+04
    0.457222486147657036781311035156250000000000E-03    0.191714123535156250000000000000000000000000E+04
    0.466458965092897415161132812500000000000000E-03    0.195416345214843750000000000000000000000000E+04
    0.475882086902856826782226562500000000000000E-03    0.199188708496093750000000000000000000000000E+04
    0.485495518660172820091247558593750000000000E-03    0.203032470703125000000000000000000000000000E+04
    0.495303189381957054138183593750000000000000E-03    0.206948925781250000000000000000000000000000E+04
    0.505309028085321187973022460937500000000000E-03    0.210939355468750000000000000000000000000000E+04
    0.515516963787376880645751953125000000000000E-03    0.215005078125000000000000000000000000000000E+04
    0.525931071024388074874877929687500000000000E-03    0.219147436523437500000000000000000000000000E+04
    0.536555540747940540313720703125000000000000E-03    0.223367749023437500000000000000000000000000E+04
    0.547394680324941873550415039062500000000000E-03    0.227667431640625000000000000000000000000000E+04
    0.558452797122299671173095703125000000000000E-03    0.232047851562500000000000000000000000000000E+04
    0.569734314922243356704711914062500000000000E-03    0.236510449218750000000000000000000000000000E+04
    0.581243715714663267135620117187500000000000E-03    0.241056616210937500000000000000000000000000E+04
    0.592985597904771566390991210937500000000000E-03    0.245687841796875000000000000000000000000000E+04
    0.604964734520763158798217773437500000000000E-03    0.250405566406250000000000000000000000000000E+04
    0.617185782175511121749877929687500000000000E-03    0.255211279296875000000000000000000000000000E+04
    0.629653746727854013442993164062500000000000E-03    0.260106518554687500000000000000000000000000E+04
    0.642373692244291305541992187500000000000000E-03    0.265092797851562500000000000000000000000000E+04
    0.655350449960678815841674804687500000000000E-03    0.270171679687500000000000000000000000000000E+04
    0.668589433189481496810913085937500000000000E-03    0.275344702148437500000000000000000000000000E+04
    0.682095822412520647048950195312500000000000E-03    0.280613476562500000000000000000000000000000E+04
    0.695875030942261219024658203125000000000000E-03    0.285979589843750000000000000000000000000000E+04
    0.709932646714150905609130859375000000000000E-03    0.291444702148437500000000000000000000000000E+04
    0.724274199455976486206054687500000000000000E-03    0.297010449218750000000000000000000000000000E+04
    0.738905626349151134490966796875000000000000E-03    0.302678491210937500000000000000000000000000E+04
    0.753832457121461629867553710937500000000000E-03    0.308450537109375000000000000000000000000000E+04
    0.769060861784964799880981445312500000000000E-03    0.314328247070312500000000000000000000000000E+04
    0.784596893936395645141601562500000000000000E-03    0.320313378906250000000000000000000000000000E+04
    0.800446781795471906661987304687500000000000E-03    0.326407666015625000000000000000000000000000E+04
    0.816616869997233152389526367187500000000000E-03    0.332612866210937500000000000000000000000000E+04
    0.833113677799701690673828125000000000000000E-03    0.338930737304687500000000000000000000000000E+04
    0.849943608045578002929687500000000000000000E-03    0.345363061523437500000000000000000000000000E+04
    0.867113587446510791778564453125000000000000E-03    0.351911694335937500000000000000000000000000E+04
    0.884630659129470586776733398437500000000000E-03    0.358578393554687500000000000000000000000000E+04
    0.902501342352479696273803710937500000000000E-03    0.365365063476562500000000000000000000000000E+04
    0.920733029488474130630493164062500000000000E-03    0.372273535156250000000000000000000000000000E+04
    0.939333112910389900207519531250000000000000E-03    0.379305664062500000000000000000000000000000E+04
    0.958308868575841188430786132812500000000000E-03    0.386463330078125000000000000000000000000000E+04
    0.977667979896068572998046875000000000000000E-03    0.393748413085937500000000000000000000000000E+04
    0.997418188489973545074462890625000000000000E-03    0.401162841796875000000000000000000000000000E+04
    0.101756735239177942276000976562500000000000E-02    0.408708520507812500000000000000000000000000E+04
    0.103812362067401409149169921875000000000000E-02    0.416387402343750000000000000000000000000000E+04
    0.105909502599388360977172851562500000000000E-02    0.424201367187500000000000000000000000000000E+04
    0.108049006666988134384155273437500000000000E-02    0.432152392578125000000000000000000000000000E+04
    0.110231747385114431381225585937500000000000E-02    0.440242382812500000000000000000000000000000E+04
    0.112458574585616588592529296875000000000000E-02    0.448473388671875000000000000000000000000000E+04
    0.114730407949537038803100585937500000000000E-02    0.456847314453125000000000000000000000000000E+04
    0.117048120591789484024047851562500000000000E-02    0.465366064453125000000000000000000000000000E+04
    0.119412643834948539733886718750000000000000E-02    0.474031689453125000000000000000000000000000E+04
    0.121824943926185369491577148437500000000000E-02    0.482846142578125000000000000000000000000000E+04
    0.124285963829606771469116210937500000000000E-02    0.491811376953125000000000000000000000000000E+04
    0.126796704716980457305908203125000000000000E-02    0.500929296875000000000000000000000000000000E+04
    0.129358167760074138641357421875000000000000E-02    0.510201904296875000000000000000000000000000E+04
    0.131971365772187709808349609375000000000000E-02    0.519631152343750000000000000000000000000000E+04
    0.134637358132749795913696289062500000000000E-02    0.529218994140625000000000000000000000000000E+04
    0.137357215862721204757690429687500000000000E-02    0.538967333984375000000000000000000000000000E+04
    0.140132009983062744140625000000000000000000E-02    0.548878076171875000000000000000000000000000E+04
    0.142962858080863952636718750000000000000000E-02    0.558953222656250000000000000000000000000000E+04
    0.145850901026278734207153320312500000000000E-02    0.569194580078125000000000000000000000000000E+04
    0.148797314614057540893554687500000000000000E-02    0.579604101562500000000000000000000000000000E+04
    0.151803228072822093963623046875000000000000E-02    0.590183642578125000000000000000000000000000E+04
    0.154869852121919393539428710937500000000000E-02    0.600935058593750000000000000000000000000000E+04
    0.157998420763760805130004882812500000000000E-02    0.611860107421875000000000000000000000000000E+04
    0.161190202925354242324829101562500000000000E-02    0.622960595703125000000000000000000000000000E+04
    0.164446467533707618713378906250000000000000E-02    0.634238330078125000000000000000000000000000E+04
    0.167768495157361030578613281250000000000000E-02    0.645695019531250000000000000000000000000000E+04
    0.171157636214047670364379882812500000000000E-02    0.657332324218750000000000000000000000000000E+04
    0.174615241121500730514526367187500000000000E-02    0.669151953125000000000000000000000000000000E+04
    0.178142718505114316940307617187500000000000E-02    0.681155468750000000000000000000000000000000E+04
    0.181741418782621622085571289062500000000000E-02    0.693344482421875000000000000000000000000000E+04
    0.185412843711674213409423828125000000000000E-02    0.705720556640625000000000000000000000000000E+04
    0.189158413559198379516601562500000000000000E-02    0.718285107421875000000000000000000000000000E+04
    0.192979711573570966720581054687500000000000E-02    0.731039599609375000000000000000000000000000E+04
    0.196878169663250446319580078125000000000000E-02    0.743985351562500000000000000000000000000000E+04
    0.200855359435081481933593750000000000000000E-02    0.757123730468750000000000000000000000000000E+04
    0.204912899062037467956542968750000000000000E-02    0.770456005859375000000000000000000000000000E+04
    0.209052418358623981475830078125000000000000E-02    0.783983300781250000000000000000000000000000E+04
    0.213275570422410964965820312500000000000000E-02    0.797706738281250000000000000000000000000000E+04
    0.217583985067903995513916015625000000000000E-02    0.811627441406250000000000000000000000000000E+04
    0.221979478374123573303222656250000000000000E-02    0.825746289062500000000000000000000000000000E+04
    0.226463773287832736968994140625000000000000E-02    0.840064257812500000000000000000000000000000E+04
    0.231038639321923255920410156250000000000000E-02    0.854582128906250000000000000000000000000000E+04
    0.235705915838479995727539062500000000000000E-02    0.869300488281250000000000000000000000000000E+04
    0.240467488765716552734375000000000000000000E-02    0.884220117187500000000000000000000000000000E+04
    0.245325244031846523284912109375000000000000E-02    0.899341406250000000000000000000000000000000E+04
    0.250281183980405330657958984375000000000000E-02    0.914664941406250000000000000000000000000000E+04
    0.255337217822670936584472656250000000000000E-02    0.930190917968750000000000000000000000000000E+04
    0.260495371185243129730224609375000000000000E-02    0.945919531250000000000000000000000000000000E+04
    0.265757716260850429534912109375000000000000E-02    0.961850878906250000000000000000000000000000E+04
    0.271126371808350086212158203125000000000000E-02    0.977985058593750000000000000000000000000000E+04
    0.276603479869663715362548828125000000000000E-02    0.994321875000000000000000000000000000000000E+04
    0.282191229052841663360595703125000000000000E-02    0.101086093750000000000000000000000000000000E+05
    0.287891877815127372741699218750000000000000E-02    0.102760195312500000000000000000000000000000E+05
    0.293707661330699920654296875000000000000000E-02    0.104454433593750000000000000000000000000000E+05
    0.299640954472124576568603515625000000000000E-02    0.106168740234375000000000000000000000000000E+05
    0.305694085545837879180908203125000000000000E-02    0.107903037109375000000000000000000000000000E+05
    0.311869522556662559509277343750000000000000E-02    0.109657207031250000000000000000000000000000E+05
    0.318169780075550079345703125000000000000000E-02    0.111431142578125000000000000000000000000000E+05
    0.324597232975065708160400390625000000000000E-02    0.113224707031250000000000000000000000000000E+05
    0.331154512241482734680175781250000000000000E-02    0.115037753906250000000000000000000000000000E+05
    0.337844272144138813018798828125000000000000E-02    0.116870107421875000000000000000000000000000E+05
    0.344669190235435962677001953125000000000000E-02    0.118721582031250000000000000000000000000000E+05
    0.351631967350840568542480468750000000000000E-02    0.120591962890625000000000000000000000000000E+05
    0.358735374175012111663818359375000000000000E-02    0.122481025390625000000000000000000000000000E+05
    0.365982321090996265411376953125000000000000E-02    0.124388525390625000000000000000000000000000E+05
    0.373375625349581241607666015625000000000000E-02    0.126314189453125000000000000000000000000000E+05
    0.380918313749134540557861328125000000000000E-02    0.128257714843750000000000000000000000000000E+05
    0.388613343238830566406250000000000000000000E-02    0.130218779296875000000000000000000000000000E+05
    0.396463880315423011779785156250000000000000E-02    0.132197050781250000000000000000000000000000E+05
    0.404472928494215011596679687500000000000000E-02    0.134192148437500000000000000000000000000000E+05
    0.412643933668732643127441406250000000000000E-02    0.136203701171875000000000000000000000000000E+05
    0.420979922637343406677246093750000000000000E-02    0.138231279296875000000000000000000000000000E+05
    0.429484248161315917968750000000000000000000E-02    0.140274453125000000000000000000000000000000E+05
    0.438160402700304985046386718750000000000000E-02    0.142332753906250000000000000000000000000000E+05
    0.447011832147836685180664062500000000000000E-02    0.144405693359375000000000000000000000000000E+05
    0.456042028963565826416015625000000000000000E-02    0.146492744140625000000000000000000000000000E+05
    0.465254718437790870666503906250000000000000E-02    0.148593281250000000000000000000000000000000E+05
    0.474653439596295356750488281250000000000000E-02    0.150706689453125000000000000000000000000000E+05
    0.484242103993892669677734375000000000000000E-02    0.152832294921875000000000000000000000000000E+05
    0.494024436920881271362304687500000000000000E-02    0.154969414062500000000000000000000000000000E+05
    0.504004349932074546813964843750000000000000E-02    0.157117431640625000000000000000000000000000E+05
    0.514185894280672073364257812500000000000000E-02    0.159275732421875000000000000000000000000000E+05
    0.524573167786002159118652343750000000000000E-02    0.161443730468750000000000000000000000000000E+05
    0.535170361399650573730468750000000000000000E-02    0.163620781250000000000000000000000000000000E+05
    0.545981479808688163757324218750000000000000E-02    0.165806210937500000000000000000000000000000E+05
    0.557011039927601814270019531250000000000000E-02    0.167999082031250000000000000000000000000000E+05
    0.568263372406363487243652343750000000000000E-02    0.170198203125000000000000000000000000000000E+05
    0.579743087291717529296875000000000000000000E-02    0.172402363281250000000000000000000000000000E+05
    0.591454654932022094726562500000000000000000E-02    0.174610312500000000000000000000000000000000E+05
    0.603402825072407722473144531250000000000000E-02    0.176820742187500000000000000000000000000000E+05
    0.615592347458004951477050781250000000000000E-02    0.179032539062500000000000000000000000000000E+05
    0.628028111532330513000488281250000000000000E-02    0.181244726562500000000000000000000000000000E+05
    0.640715099871158599853515625000000000000000E-02    0.183456269531250000000000000000000000000000E+05
    0.653658434748649597167968750000000000000000E-02    0.185666132812500000000000000000000000000000E+05
    0.666863145306706428527832031250000000000000E-02    0.187873222656250000000000000000000000000000E+05
    0.680334679782390594482421875000000000000000E-02    0.190076269531250000000000000000000000000000E+05
    0.694078346714377403259277343750000000000000E-02    0.192273886718750000000000000000000000000000E+05
    0.708099640905857086181640625000000000000000E-02    0.194464687500000000000000000000000000000000E+05
    0.722404150292277336120605468750000000000000E-02    0.196647187500000000000000000000000000000000E+05
    0.736997742205858230590820312500000000000000E-02    0.198819902343750000000000000000000000000000E+05
    0.751886051148176193237304687500000000000000E-02    0.200981269531250000000000000000000000000000E+05
    0.767075084149837493896484375000000000000000E-02    0.203129648437500000000000000000000000000000E+05
    0.782571360468864440917968750000000000000000E-02    0.205263398437500000000000000000000000000000E+05
    0.798380374908447265625000000000000000000000E-02    0.207380820312500000000000000000000000000000E+05
    0.814508739858865737915039062500000000000000E-02    0.209480195312500000000000000000000000000000E+05
    0.830962881445884704589843750000000000000000E-02    0.211559687500000000000000000000000000000000E+05
    0.847749505192041397094726562500000000000000E-02    0.213617500000000000000000000000000000000000E+05
    0.864875130355358123779296875000000000000000E-02    0.215651699218750000000000000000000000000000E+05
    0.882346741855144500732421875000000000000000E-02    0.217660429687500000000000000000000000000000E+05
    0.900171231478452682495117187500000000000000E-02    0.219641738281250000000000000000000000000000E+05
    0.918355956673622131347656250000000000000000E-02    0.221593554687500000000000000000000000000000E+05
    0.936907902359962463378906250000000000000000E-02    0.223513808593750000000000000000000000000000E+05
    0.955834705382585525512695312500000000000000E-02    0.225400371093750000000000000000000000000000E+05
    0.975143909454345703125000000000000000000000E-02    0.227251093750000000000000000000000000000000E+05
    0.994843058288097381591796875000000000000000E-02    0.229063808593750000000000000000000000000000E+05
    0.101494016125798225402832031250000000000000E-01    0.230836230468750000000000000000000000000000E+05
    0.103544332087039947509765625000000000000000E-01    0.232565996093750000000000000000000000000000E+05
    0.105636063963174819946289062500000000000000E-01    0.234250761718750000000000000000000000000000E+05
    0.107770059257745742797851562500000000000000E-01    0.235888183593750000000000000000000000000000E+05
    0.109947146847844123840332031250000000000000E-01    0.237475839843750000000000000000000000000000E+05
    0.112168220803141593933105468750000000000000E-01    0.239011035156250000000000000000000000000000E+05
    0.114434175193309783935546875000000000000000E-01    0.240491015625000000000000000000000000000000E+05
    0.116745894774794578552246093750000000000000E-01    0.241913027343750000000000000000000000000000E+05
    0.119104310870170593261718750000000000000000E-01    0.243274316406250000000000000000000000000000E+05
    0.121510382741689682006835937500000000000000E-01    0.244572265625000000000000000000000000000000E+05
    0.123965051025152206420898437500000000000000E-01    0.245804824218750000000000000000000000000000E+05
    0.126469302922487258911132812500000000000000E-01    0.246970136718750000000000000000000000000000E+05
    0.129024153575301170349121093750000000000000E-01    0.248066367187500000000000000000000000000000E+05
    0.131630674004554748535156250000000000000000E-01    0.249091757812500000000000000000000000000000E+05
    0.134289795532822608947753906250000000000000E-01    0.250043750000000000000000000000000000000000E+05
    0.137002617120742797851562500000000000000000E-01    0.250916953125000000000000000000000000000000E+05
    0.139770256355404853820800781250000000000000E-01    0.251705292968750000000000000000000000000000E+05
    0.142593793570995330810546875000000000000000E-01    0.252402714843750000000000000000000000000000E+05
    0.145474374294281005859375000000000000000000E-01    0.253003222656250000000000000000000000000000E+05
    0.148413162678480148315429687500000000000000E-01    0.253504003906250000000000000000000000000000E+05
    0.151411294937133789062500000000000000000000E-01    0.253912460937500000000000000000000000000000E+05
    0.154470009729266166687011718750000000000000E-01    0.254238105468750000000000000000000000000000E+05
    0.157590489834547042846679687500000000000000E-01    0.254490664062500000000000000000000000000000E+05
    0.160774048417806625366210937500000000000000E-01    0.254679921875000000000000000000000000000000E+05
    0.164021886885166168212890625000000000000000E-01    0.254808652343750000000000000000000000000000E+05
    0.167335346341133117675781250000000000000000E-01    0.254859609375000000000000000000000000000000E+05
    0.170715730637311935424804687500000000000000E-01    0.254812148437500000000000000000000000000000E+05
    0.174164418131113052368164062500000000000000E-01    0.254645703125000000000000000000000000000000E+05
    0.177682787179946899414062500000000000000000E-01    0.254340000000000000000000000000000000000000E+05
    0.181272197514772415161132812500000000000000E-01    0.253883105468750000000000000000000000000000E+05
    0.184934139251708984375000000000000000000000E-01    0.253283554687500000000000000000000000000000E+05
    0.188670046627521514892578125000000000000000E-01    0.252553066406250000000000000000000000000000E+05
    0.192481447011232376098632812500000000000000E-01    0.251703515625000000000000000000000000000000E+05
    0.196369830518960952758789062500000000000000E-01    0.250746718750000000000000000000000000000000E+05
    0.200336743146181106567382812500000000000000E-01    0.249687207031250000000000000000000000000000E+05
    0.204383805394172668457031250000000000000000E-01    0.248513691406250000000000000000000000000000E+05
    0.208512637764215469360351562500000000000000E-01    0.247213164062500000000000000000000000000000E+05
    0.212724860757589340209960937500000000000000E-01    0.245773144531250000000000000000000000000000E+05
    0.217022281140089035034179687500000000000000E-01    0.244181738281250000000000000000000000000000E+05
    0.221406426280736923217773437500000000000000E-01    0.242435957031250000000000000000000000000000E+05
    0.225879121571779251098632812500000000000000E-01    0.240549238281250000000000000000000000000000E+05
    0.230442192405462265014648437500000000000000E-01    0.238536718750000000000000000000000000000000E+05
    0.235097426921129226684570312500000000000000E-01    0.236413359375000000000000000000000000000000E+05
    0.239846706390380859375000000000000000000000E-01    0.234193808593750000000000000000000000000000E+05
    0.244691912084817886352539062500000000000000E-01    0.231887734375000000000000000000000000000000E+05
    0.249635018408298492431640625000000000000000E-01    0.229496621093750000000000000000000000000000E+05
    0.254677981138229370117187500000000000000000E-01    0.227021308593750000000000000000000000000000E+05
    0.259822811931371688842773437500000000000000E-01    0.224462832031250000000000000000000000000000E+05
    0.265071578323841094970703125000000000000000E-01    0.221822363281250000000000000000000000000000E+05
    0.270426385104656219482421875000000000000000E-01    0.219100351562500000000000000000000000000000E+05
    0.275889337062835693359375000000000000000000E-01    0.216295976562500000000000000000000000000000E+05
    0.281462669372558593750000000000000000000000E-01    0.213408593750000000000000000000000000000000E+05
    0.287148579955101013183593750000000000000000E-01    0.210437968750000000000000000000000000000000E+05
    0.292949359863996505737304687500000000000000E-01    0.207384199218750000000000000000000000000000E+05
    0.298867337405681610107421875000000000000000E-01    0.204251562500000000000000000000000000000000E+05
    0.304904840886592864990234375000000000000000E-01    0.201049433593750000000000000000000000000000E+05
    0.311064328998327255249023437500000000000000E-01    0.197787343750000000000000000000000000000000E+05
    0.317348241806030273437500000000000000000000E-01    0.194474531250000000000000000000000000000000E+05
    0.323759093880653381347656250000000000000000E-01    0.191120019531250000000000000000000000000000E+05
    0.330299474298954010009765625000000000000000E-01    0.187734882812500000000000000000000000000000E+05
    0.336971953511238098144531250000000000000000E-01    0.184332480468750000000000000000000000000000E+05
    0.343779213726520538330078125000000000000000E-01    0.180925664062500000000000000000000000000000E+05
    0.350724011659622192382812500000000000000000E-01    0.177526484375000000000000000000000000000000E+05
    0.357809104025363922119140625000000000000000E-01    0.174146171875000000000000000000000000000000E+05
    0.365037508308887481689453125000000000000000E-01    0.170794375000000000000000000000000000000000E+05
    0.372411720454692840576171875000000000000000E-01    0.167479257812500000000000000000000000000000E+05
    0.379934944212436676025390625000000000000000E-01    0.164208281250000000000000000000000000000000E+05
    0.387610122561454772949218750000000000000000E-01    0.160988310546875000000000000000000000000000E+05
    0.395440347492694854736328125000000000000000E-01    0.157825673828125000000000000000000000000000E+05
    0.403428785502910614013671875000000000000000E-01    0.154726083984375000000000000000000000000000E+05
    0.411578565835952758789062500000000000000000E-01    0.151694658203125000000000000000000000000000E+05
    0.419893004000186920166015625000000000000000E-01    0.148736015625000000000000000000000000000000E+05
    0.428375415503978729248046875000000000000000E-01    0.145854365234375000000000000000000000000000E+05
    0.437029153108596801757812500000000000000000E-01    0.143053691406250000000000000000000000000000E+05
    0.445857718586921691894531250000000000000000E-01    0.140341298828125000000000000000000000000000E+05
    0.454864650964736938476562500000000000000000E-01    0.137727031250000000000000000000000000000000E+05
    0.464053489267826080322265625000000000000000E-01    0.135219990234375000000000000000000000000000E+05
    0.473427996039390563964843750000000000000000E-01    0.132828525390625000000000000000000000000000E+05
    0.482991859316825866699218750000000000000000E-01    0.130558818359375000000000000000000000000000E+05
    0.492748916149139404296875000000000000000000E-01    0.128405146484375000000000000000000000000000E+05
    0.502703115344047546386718750000000000000000E-01    0.126356982421875000000000000000000000000000E+05
    0.512858368456363677978515625000000000000000E-01    0.124404394531250000000000000000000000000000E+05
    0.523218810558319091796875000000000000000000E-01    0.122538056640625000000000000000000000000000E+05
    0.533788502216339111328125000000000000000000E-01    0.120748916015625000000000000000000000000000E+05
    0.544571764767169952392578125000000000000000E-01    0.119028203125000000000000000000000000000000E+05
    0.555572807788848876953125000000000000000000E-01    0.117367578125000000000000000000000000000000E+05
    0.566796138882637023925781250000000000000000E-01    0.115759082031250000000000000000000000000000E+05
    0.578246153891086578369140625000000000000000E-01    0.114193154296875000000000000000000000000000E+05
    0.589927472174167633056640625000000000000000E-01    0.112658408203125000000000000000000000000000E+05
    0.601844787597656250000000000000000000000000E-01    0.111143906250000000000000000000000000000000E+05
    0.614003166556358337402343750000000000000000E-01    0.109638916015625000000000000000000000000000E+05
    0.626406818628311157226562500000000000000000E-01    0.108130019531250000000000000000000000000000E+05
    0.639061108231544494628906250000000000000000E-01    0.106602832031250000000000000000000000000000E+05
    0.651970952749252319335937500000000000000000E-01    0.105043750000000000000000000000000000000000E+05
    0.665141642093658447265625000000000000000000E-01    0.103435556640625000000000000000000000000000E+05
    0.678578317165374755859375000000000000000000E-01    0.101754433593750000000000000000000000000000E+05
    0.692286565899848937988281250000000000000000E-01    0.999776269531250000000000000000000000000000E+04
    0.706271678209304809570312500000000000000000E-01    0.980910058593750000000000000000000000000000E+04
    0.720539242029190063476562500000000000000000E-01    0.961037207031250000000000000000000000000000E+04
    0.735095068812370300292968750000000000000000E-01    0.940294824218750000000000000000000000000000E+04
    0.749944970011711120605468750000000000000000E-01    0.918747363281250000000000000000000000000000E+04
    0.765094906091690063476562500000000000000000E-01    0.896211523437500000000000000000000000000000E+04
    0.780550837516784667968750000000000000000000E-01    0.872475683593750000000000000000000000000000E+04
    0.796318948268890380859375000000000000000000E-01    0.847515917968750000000000000000000000000000E+04
    0.812405645847320556640625000000000000000000E-01    0.821685839843750000000000000000000000000000E+04
    0.828817337751388549804687500000000000000000E-01    0.795363037109375000000000000000000000000000E+04
    0.845560505986213684082031250000000000000000E-01    0.768810644531250000000000000000000000000000E+04
    0.862641930580139160156250000000000000000000E-01    0.742181445312500000000000000000000000000000E+04
    0.880068466067314147949218750000000000000000E-01    0.715630029296875000000000000000000000000000E+04
    0.897847041487693786621093750000000000000000E-01    0.689391406250000000000000000000000000000000E+04
    0.915984734892845153808593750000000000000000E-01    0.663703955078125000000000000000000000000000E+04
    0.934488773345947265625000000000000000000000E-01    0.638817578125000000000000000000000000000000E+04
    0.953366756439208984375000000000000000000000E-01    0.614991845703125000000000000000000000000000E+04
    0.972625985741615295410156250000000000000000E-01    0.592447314453125000000000000000000000000000E+04
    0.992274358868598937988281250000000000000000E-01    0.571373046875000000000000000000000000000000E+04
    0.101232007145881652832031250000000000000000E+00    0.551944580078125000000000000000000000000000E+04
    0.103277020156383514404296875000000000000000E+00    0.534313818359375000000000000000000000000000E+04
    0.105363354086875915527343750000000000000000E+00    0.518587060546875000000000000000000000000000E+04
    0.107491828501224517822265625000000000000000E+00    0.504682763671875000000000000000000000000000E+04
    0.109663315117359161376953125000000000000000E+00    0.492453710937500000000000000000000000000000E+04
    0.111878655850887298583984375000000000000000E+00    0.481749462890625000000000000000000000000000E+04
    0.114138752222061157226562500000000000000000E+00    0.472266308593750000000000000000000000000000E+04
    0.116444505751132965087890625000000000000000E+00    0.463646533203125000000000000000000000000000E+04
    0.118796832859516143798828125000000000000000E+00    0.455555078125000000000000000000000000000000E+04
    0.121196687221527099609375000000000000000000E+00    0.447656591796875000000000000000000000000000E+04
    0.123645029962062835693359375000000000000000E+00    0.439631152343750000000000000000000000000000E+04
    0.126142814755439758300781250000000000000000E+00    0.431190820312500000000000000000000000000000E+04
    0.128691077232360839843750000000000000000000E+00    0.422090234375000000000000000000000000000000E+04
    0.131290808320045471191406250000000000000000E+00    0.412115820312500000000000000000000000000000E+04
    0.133943051099777221679687500000000000000000E+00    0.401126586914062500000000000000000000000000E+04
    0.136648878455162048339843750000000000000000E+00    0.389038720703125000000000000000000000000000E+04
    0.139409363269805908203125000000000000000000E+00    0.375870312500000000000000000000000000000000E+04
    0.142225623130798339843750000000000000000000E+00    0.361805200195312500000000000000000000000000E+04
    0.145098760724067687988281250000000000000000E+00    0.347076464843750000000000000000000000000000E+04
    0.148029953241348266601562500000000000000000E+00    0.332077929687500000000000000000000000000000E+04
    0.151020348072052001953125000000000000000000E+00    0.317214990234375000000000000000000000000000E+04
    0.154071167111396789550781250000000000000000E+00    0.302883276367187500000000000000000000000000E+04
    0.157183602452278137207031250000000000000000E+00    0.289439062500000000000000000000000000000000E+04
    0.160358920693397521972656250000000000000000E+00    0.277139990234375000000000000000000000000000E+04
    0.163598373532295227050781250000000000000000E+00    0.266164184570312500000000000000000000000000E+04
    0.166903272271156311035156250000000000000000E+00    0.256581127929687500000000000000000000000000E+04
    0.170275032520294189453125000000000000000000E+00    0.248372900390625000000000000000000000000000E+04
    0.173714801669120788574218750000000000000000E+00    0.241405737304687500000000000000000000000000E+04
    0.177224084734916687011718750000000000000000E+00    0.235455590820312500000000000000000000000000E+04
    0.180804237723350524902343750000000000000000E+00    0.230197216796875000000000000000000000000000E+04
    0.184456720948219299316406250000000000000000E+00    0.225252124023437500000000000000000000000000E+04
    0.188182994723320007324218750000000000000000E+00    0.220229760742187500000000000000000000000000E+04
    0.191984534263610839843750000000000000000000E+00    0.214780517578125000000000000000000000000000E+04
    0.195862874388694763183593750000000000000000E+00    0.208658837890625000000000000000000000000000E+04
    0.199819564819335937500000000000000000000000E+00    0.201755944824218750000000000000000000000000E+04
    0.203856185078620910644531250000000000000000E+00    0.194119116210937500000000000000000000000000E+04
    0.207974359393119812011718750000000000000000E+00    0.185959924316406250000000000000000000000000E+04
    0.212175697088241577148437500000000000000000E+00    0.177584497070312500000000000000000000000000E+04
    0.216461926698684692382812500000000000000000E+00    0.169355578613281250000000000000000000000000E+04
    0.220834761857986450195312500000000000000000E+00    0.161593481445312500000000000000000000000000E+04
    0.225295916199684143066406250000000000000000E+00    0.154543554687500000000000000000000000000000E+04
    0.229847192764282226562500000000000000000000E+00    0.148349780273437500000000000000000000000000E+04
    0.234490394592285156250000000000000000000000E+00    0.143042016601562500000000000000000000000000E+04
    0.239227414131164550781250000000000000000000E+00    0.138525830078125000000000000000000000000000E+04
    0.244060128927230834960937500000000000000000E+00    0.134575744628906250000000000000000000000000E+04
    0.248990446329116821289062500000000000000000E+00    0.130882824707031250000000000000000000000000E+04
    0.254020392894744873046875000000000000000000E+00    0.127156750488281250000000000000000000000000E+04
    0.259151935577392578125000000000000000000000E+00    0.123184069824218750000000000000000000000000E+04
    0.264387160539627075195312500000000000000000E+00    0.118854406738281250000000000000000000000000E+04
    0.269728124141693115234375000000000000000000E+00    0.114165441894531250000000000000000000000000E+04
    0.275177001953125000000000000000000000000000E+00    0.109247509765625000000000000000000000000000E+04
    0.280736058950424194335937500000000000000000E+00    0.104335729980468750000000000000000000000000E+04
    0.286407291889190673828125000000000000000000E+00    0.996795043945312500000000000000000000000000E+03
    0.292193114757537841796875000000000000000000E+00    0.954525268554687500000000000000000000000000E+03
    0.298095792531967163085937500000000000000000E+00    0.917203674316406250000000000000000000000000E+03
    0.304117560386657714843750000000000000000000E+00    0.884443542480468750000000000000000000000000E+03
    0.310261309146881103515625000000000000000000E+00    0.854900329589843750000000000000000000000000E+03
    0.316528826951980590820312500000000000000000E+00    0.826743835449218750000000000000000000000000E+03
    0.322923272848129272460937500000000000000000E+00    0.798345275878906250000000000000000000000000E+03
    0.329446613788604736328125000000000000000000E+00    0.768697387695312500000000000000000000000000E+03
    0.336102008819580078125000000000000000000000E+00    0.737689697265625000000000000000000000000000E+03
    0.342891573905944824218750000000000000000000E+00    0.706188659667968750000000000000000000000000E+03
    0.349818587303161621093750000000000000000000E+00    0.675533081054687500000000000000000000000000E+03
    0.356885224580764770507812500000000000000000E+00    0.646869995117187500000000000000000000000000E+03
    0.364094972610473632812500000000000000000000E+00    0.620818481445312500000000000000000000000000E+03
    0.371450334787368774414062500000000000000000E+00    0.597223571777343750000000000000000000000000E+03
    0.378953933715820312500000000000000000000000E+00    0.575227294921875000000000000000000000000000E+03
    0.386609494686126708984375000000000000000000E+00    0.553831176757812500000000000000000000000000E+03
    0.394419312477111816406250000000000000000000E+00    0.532353027343750000000000000000000000000000E+03
    0.402387291193008422851562500000000000000000E+00    0.510634857177734375000000000000000000000000E+03
    0.410515844821929931640625000000000000000000E+00    0.489077758789062500000000000000000000000000E+03
    0.418809026479721069335937500000000000000000E+00    0.468301574707031250000000000000000000000000E+03
    0.427269339561462402343750000000000000000000E+00    0.448824493408203125000000000000000000000000E+03
    0.435900926589965820312500000000000000000000E+00    0.430767700195312500000000000000000000000000E+03
    0.444706469774246215820312500000000000000000E+00    0.413784179687500000000000000000000000000000E+03
    0.453690379858016967773437500000000000000000E+00    0.397399108886718750000000000000000000000000E+03
    0.462855309247970581054687500000000000000000E+00    0.381275085449218750000000000000000000000000E+03
    0.472205787897109985351562500000000000000000E+00    0.365369628906250000000000000000000000000000E+03
    0.481744766235351562500000000000000000000000E+00    0.349928436279296875000000000000000000000000E+03
    0.491476893424987792968750000000000000000000E+00    0.335205841064453125000000000000000000000000E+03
    0.501405119895935058593750000000000000000000E+00    0.321302032470703125000000000000000000000000E+03
    0.511534392833709716796875000000000000000000E+00    0.308123992919921875000000000000000000000000E+03
    0.521867811679840087890625000000000000000000E+00    0.295435455322265625000000000000000000000000E+03
    0.532410502433776855468750000000000000000000E+00    0.283093444824218750000000000000000000000000E+03
    0.543165624141693115234375000000000000000000E+00    0.271118743896484375000000000000000000000000E+03
    0.554138541221618652343750000000000000000000E+00    0.259595916748046875000000000000000000000000E+03
    0.565332591533660888671875000000000000000000E+00    0.248621551513671875000000000000000000000000E+03
    0.576753377914428710937500000000000000000000E+00    0.238151550292968750000000000000000000000000E+03
    0.588404297828674316406250000000000000000000E+00    0.228112731933593750000000000000000000000000E+03
    0.600291073322296142578125000000000000000000E+00    0.218419967651367187500000000000000000000000E+03
    0.612418055534362792968750000000000000000000E+00    0.209074996948242187500000000000000000000000E+03
    0.624789416790008544921875000000000000000000E+00    0.200112625122070312500000000000000000000000E+03
    0.637411296367645263671875000000000000000000E+00    0.191531967163085937500000000000000000000000E+03
    0.650287508964538574218750000000000000000000E+00    0.183316024780273437500000000000000000000000E+03
    0.663424491882324218750000000000000000000000E+00    0.175440841674804687500000000000000000000000E+03
    0.676826238632202148437500000000000000000000E+00    0.167884552001953125000000000000000000000000E+03
    0.690499365329742431640625000000000000000000E+00    0.160629852294921875000000000000000000000000E+03
    0.704448044300079345703125000000000000000000E+00    0.153667648315429687500000000000000000000000E+03
    0.718679130077362060546875000000000000000000E+00    0.146990036010742187500000000000000000000000E+03
    0.733197033405303955078125000000000000000000E+00    0.140588897705078125000000000000000000000000E+03
    0.748008966445922851562500000000000000000000E+00    0.134454467773437500000000000000000000000000E+03
    0.763119339942932128906250000000000000000000E+00    0.128575683593750000000000000000000000000000E+03
    0.778535783290863037109375000000000000000000E+00    0.122941864013671875000000000000000000000000E+03
    0.794262826442718505859375000000000000000000E+00    0.117542915344238281250000000000000000000000E+03
    0.810308396816253662109375000000000000000000E+00    0.112369773864746093750000000000000000000000E+03
    0.826677322387695312500000000000000000000000E+00    0.107413948059082031250000000000000000000000E+03
    0.843377590179443359375000000000000000000000E+00    0.102667190551757812500000000000000000000000E+03
    0.860414624214172363281250000000000000000000E+00    0.981213912963867187500000000000000000000000E+02
    0.877796530723571777343750000000000000000000E+00    0.937684478759765625000000000000000000000000E+02
    0.895528674125671386718750000000000000000000E+00    0.896005325317382812500000000000000000000000E+02
    0.913619995117187500000000000000000000000000E+00    0.856101074218750000000000000000000000000000E+02
    0.932075977325439453125000000000000000000000E+00    0.817899932861328125000000000000000000000000E+02
    0.950905561447143554687500000000000000000000E+00    0.781333236694335937500000000000000000000000E+02
    0.970114648342132568359375000000000000000000E+00    0.746334762573242187500000000000000000000000E+02
    0.989712655544281005859375000000000000000000E+00    0.712841110229492187500000000000000000000000E+02
    0.100970673561096191406250000000000000000000E+01    0.680792083740234375000000000000000000000000E+02
    0.103010356426239013671875000000000000000000E+01    0.650129928588867187500000000000000000000000E+02
    0.105091357231140136718750000000000000000000E+01    0.620799331665039062500000000000000000000000E+02
    0.107214283943176269531250000000000000000000E+01    0.592731933593750000000000000000000000000000E+02
    0.109380209445953369140625000000000000000000E+01    0.565887756347656250000000000000000000000000E+02
    0.111589777469635009765625000000000000000000E+01    0.540214271545410156250000000000000000000000E+02
    0.113844096660614013671875000000000000000000E+01    0.515662422180175781250000000000000000000000E+02
    0.116143846511840820312500000000000000000000E+01    0.492186622619628906250000000000000000000000E+02
    0.118490147590637207031250000000000000000000E+01    0.469743309020996093750000000000000000000000E+02
    0.120883750915527343750000000000000000000000E+01    0.448289451599121093750000000000000000000000E+02
    0.123325824737548828125000000000000000000000E+01    0.427782249450683593750000000000000000000000E+02
    0.125817120075225830078125000000000000000000E+01    0.408181610107421875000000000000000000000000E+02
    0.128358840942382812500000000000000000000000E+01    0.389448051452636718750000000000000000000000E+02
    0.130951797962188720703125000000000000000000E+01    0.371544303894042968750000000000000000000000E+02
    0.133597266674041748046875000000000000000000E+01    0.354435386657714843750000000000000000000000E+02
    0.136296045780181884765625000000000000000000E+01    0.338088150024414062500000000000000000000000E+02
    0.139049470424652099609375000000000000000000E+01    0.322470893859863281250000000000000000000000E+02
    0.141858386993408203125000000000000000000000E+01    0.307552986145019531250000000000000000000000E+02
    0.144724178314208984375000000000000000000000E+01    0.293304119110107421875000000000000000000000E+02
    0.147647726535797119140625000000000000000000E+01    0.279695072174072265625000000000000000000000E+02
