    0.999999974737875163555145263671875000000000E-04    0.441629272460937500000000000000000000000000E+03
    0.102020130725577473640441894531250000000000E-03    0.450235443115234375000000000000000000000000E+03
    0.104081082099582999944686889648437500000000E-03    0.459009124755859375000000000000000000000000E+03
    0.106183659227099269628524780273437500000000E-03    0.467953552246093750000000000000000000000000E+03
    0.108328706119209527969360351562500000000000E-03    0.477072082519531250000000000000000000000000E+03
    0.110517095890827476978302001953125000000000E-03    0.486368041992187500000000000000000000000000E+03
    0.112749679828993976116180419921875000000000E-03    0.495844909667968750000000000000000000000000E+03
    0.115027374704368412494659423828125000000000E-03    0.505506195068359375000000000000000000000000E+03
    0.117351090011652559041976928710937500000000E-03    0.515355468750000000000000000000000000000000E+03
    0.119721727969590574502944946289062500000000E-03    0.525396362304687500000000000000000000000000E+03
    0.122140278108417987823486328125000000000000E-03    0.535632568359375000000000000000000000000000E+03
    0.124607671750709414482116699218750000000000E-03    0.546067932128906250000000000000000000000000E+03
    0.127124920254573225975036621093750000000000E-03    0.556706176757812500000000000000000000000000E+03
    0.129692998598329722881317138671875000000000E-03    0.567551391601562500000000000000000000000000E+03
    0.132312969071790575981140136718750000000000E-03    0.578607421875000000000000000000000000000000E+03
    0.134985879412852227687835693359375000000000E-03    0.589878479003906250000000000000000000000000E+03
    0.137712777359411120414733886718750000000000E-03    0.601368652343750000000000000000000000000000E+03
    0.140494754305109381675720214843750000000000E-03    0.613082153320312500000000000000000000000000E+03
    0.143332930747419595718383789062500000000000E-03    0.625023376464843750000000000000000000000000E+03
    0.146228456287644803524017333984375000000000E-03    0.637196594238281250000000000000000000000000E+03
    0.149182465975172817707061767578125000000000E-03    0.649606445312500000000000000000000000000000E+03
    0.152196153067052364349365234375000000000000E-03    0.662257385253906250000000000000000000000000E+03
    0.155270710820332169532775878906250000000000E-03    0.675154052734375000000000000000000000000000E+03
    0.158407390699721872806549072265625000000000E-03    0.688301269531250000000000000000000000000000E+03
    0.161607444169931113719940185546875000000000E-03    0.701703796386718750000000000000000000000000E+03
    0.164872122695669531822204589843750000000000E-03    0.715366577148437500000000000000000000000000E+03
    0.168202750501222908496856689453125000000000E-03    0.729294616699218750000000000000000000000000E+03
    0.171600666362792253494262695312500000000000E-03    0.743492980957031250000000000000000000000000E+03
    0.175067238160409033298492431640625000000000E-03    0.757966918945312500000000000000000000000000E+03
    0.178603833774104714393615722656250000000000E-03    0.772721679687500000000000000000000000000000E+03
    0.182211864739656448364257812500000000000000E-03    0.787762695312500000000000000000000000000000E+03
    0.185892800800502300262451171875000000000000E-03    0.803095397949218750000000000000000000000000E+03
    0.189648068044334650039672851562500000000000E-03    0.818725524902343750000000000000000000000000E+03
    0.193479223526082932949066162109375000000000E-03    0.834658630371093750000000000000000000000000E+03
    0.197387780644930899143218994140625000000000E-03    0.850900634765625000000000000000000000000000E+03
    0.201375267351977527141571044921875000000000E-03    0.867457397460937500000000000000000000000000E+03
    0.205443298909813165664672851562500000000000E-03    0.884334960937500000000000000000000000000000E+03
    0.209593548788689076900482177734375000000000E-03    0.901539428710937500000000000000000000000000E+03
    0.213827603147365152835845947265625000000000E-03    0.919077148437500000000000000000000000000000E+03
    0.218147222767584025859832763671875000000000E-03    0.936954345703125000000000000000000000000000E+03
    0.222554081119596958160400390625000000000000E-03    0.955177490234375000000000000000000000000000E+03
    0.227049968088977038860321044921875000000000E-03    0.973753295898437500000000000000000000000000E+03
    0.231636688113212585449218750000000000000000E-03    0.992688354492187500000000000000000000000000E+03
    0.236316060181707143783569335937500000000000E-03    0.101198956298828125000000000000000000000000E+04
    0.241089961491525173187255859375000000000000E-03    0.103166381835937500000000000000000000000000E+04
    0.245960312895476818084716796875000000000000E-03    0.105171838378906250000000000000000000000000E+04
    0.250929006142541766166687011718750000000000E-03    0.107216027832031250000000000000000000000000E+04
    0.255998136708512902259826660156250000000000E-03    0.109299682617187500000000000000000000000000E+04
    0.261169654550030827522277832031250000000000E-03    0.111423571777343750000000000000000000000000E+04
    0.266445596935227513313293457031250000000000E-03    0.113588439941406250000000000000000000000000E+04
    0.271828175755217671394348144531250000000000E-03    0.115795068359375000000000000000000000000000E+04
    0.277319486485794186592102050781250000000000E-03    0.118044238281250000000000000000000000000000E+04
    0.282921682810410857200622558593750000000000E-03    0.120336743164062500000000000000000000000000E+04
    0.288637093035504221916198730468750000000000E-03    0.122673413085937500000000000000000000000000E+04
    0.294467929052188992500305175781250000000000E-03    0.125055078125000000000000000000000000000000E+04
    0.300416606478393077850341796875000000000000E-03    0.127482568359375000000000000000000000000000E+04
    0.306485395412892103195190429687500000000000E-03    0.129956750488281250000000000000000000000000E+04
    0.312676827888935804367065429687500000000000E-03    0.132478503417968750000000000000000000000000E+04
    0.318993290420621633529663085937500000000000E-03    0.135048718261718750000000000000000000000000E+04
    0.325437402352690696716308593750000000000000E-03    0.137668286132812500000000000000000000000000E+04
    0.332011666614562273025512695312500000000000E-03    0.140338122558593750000000000000000000000000E+04
    0.338718760758638381958007812500000000000000E-03    0.143059191894531250000000000000000000000000E+04
    0.345561362337321043014526367187500000000000E-03    0.145832421875000000000000000000000000000000E+04
    0.352542119799181818962097167968750000000000E-03    0.148658776855468750000000000000000000000000E+04
    0.359663943527266383171081542968750000000000E-03    0.151539245605468750000000000000000000000000E+04
    0.366929627489298582077026367187500000000000E-03    0.154474816894531250000000000000000000000000E+04
    0.374342111172154545783996582031250000000000E-03    0.157466516113281250000000000000000000000000E+04
    0.381904304958879947662353515625000000000000E-03    0.160515356445312500000000000000000000000000E+04
    0.389619322959333658218383789062500000000000E-03    0.163622412109375000000000000000000000000000E+04
    0.397490162868052721023559570312500000000000E-03    0.166788732910156250000000000000000000000000E+04
    0.405519997002556920051574707031250000000000E-03    0.170015405273437500000000000000000000000000E+04
    0.413712026784196496009826660156250000000000E-03    0.173303527832031250000000000000000000000000E+04
    0.422069540945813059806823730468750000000000E-03    0.176654223632812500000000000000000000000000E+04
    0.430595915531739592552185058593750000000000E-03    0.180068627929687500000000000000000000000000E+04
    0.439294555690139532089233398437500000000000E-03    0.183547888183593750000000000000000000000000E+04
    0.448168895673006772994995117187500000000000E-03    0.187093176269531250000000000000000000000000E+04
    0.457222486147657036781311035156250000000000E-03    0.190705676269531250000000000000000000000000E+04
    0.466458965092897415161132812500000000000000E-03    0.194386596679687500000000000000000000000000E+04
    0.475882086902856826782226562500000000000000E-03    0.198137158203125000000000000000000000000000E+04
    0.485495518660172820091247558593750000000000E-03    0.201958605957031250000000000000000000000000E+04
    0.495303189381957054138183593750000000000000E-03    0.205852197265625000000000000000000000000000E+04
    0.505309028085321187973022460937500000000000E-03    0.209819213867187500000000000000000000000000E+04
    0.515516963787376880645751953125000000000000E-03    0.213860961914062500000000000000000000000000E+04
    0.525931071024388074874877929687500000000000E-03    0.217978735351562500000000000000000000000000E+04
    0.536555540747940540313720703125000000000000E-03    0.222173876953125000000000000000000000000000E+04
    0.547394680324941873550415039062500000000000E-03    0.226447778320312500000000000000000000000000E+04
    0.558452797122299671173095703125000000000000E-03    0.230801757812500000000000000000000000000000E+04
    0.569734314922243356704711914062500000000000E-03    0.235237255859375000000000000000000000000000E+04
    0.581243715714663267135620117187500000000000E-03    0.239755664062500000000000000000000000000000E+04
    0.592985597904771566390991210937500000000000E-03    0.244358398437500000000000000000000000000000E+04
    0.604964734520763158798217773437500000000000E-03    0.249046948242187500000000000000000000000000E+04
    0.617185782175511121749877929687500000000000E-03    0.253822729492187500000000000000000000000000E+04
    0.629653746727854013442993164062500000000000E-03    0.258687255859375000000000000000000000000000E+04
    0.642373692244291305541992187500000000000000E-03    0.263642016601562500000000000000000000000000E+04
    0.655350449960678815841674804687500000000000E-03    0.268688549804687500000000000000000000000000E+04
    0.668589433189481496810913085937500000000000E-03    0.273828417968750000000000000000000000000000E+04
    0.682095822412520647048950195312500000000000E-03    0.279063134765625000000000000000000000000000E+04
    0.695875030942261219024658203125000000000000E-03    0.284394311523437500000000000000000000000000E+04
    0.709932646714150905609130859375000000000000E-03    0.289823535156250000000000000000000000000000E+04
    0.724274199455976486206054687500000000000000E-03    0.295352441406250000000000000000000000000000E+04
    0.738905626349151134490966796875000000000000E-03    0.300982666015625000000000000000000000000000E+04
    0.753832457121461629867553710937500000000000E-03    0.306715844726562500000000000000000000000000E+04
    0.769060861784964799880981445312500000000000E-03    0.312553686523437500000000000000000000000000E+04
    0.784596893936395645141601562500000000000000E-03    0.318497827148437500000000000000000000000000E+04
    0.800446781795471906661987304687500000000000E-03    0.324550000000000000000000000000000000000000E+04
    0.816616869997233152389526367187500000000000E-03    0.330711938476562500000000000000000000000000E+04
    0.833113677799701690673828125000000000000000E-03    0.336985327148437500000000000000000000000000E+04
    0.849943608045578002929687500000000000000000E-03    0.343371948242187500000000000000000000000000E+04
    0.867113587446510791778564453125000000000000E-03    0.349873583984375000000000000000000000000000E+04
    0.884630659129470586776733398437500000000000E-03    0.356491992187500000000000000000000000000000E+04
    0.902501342352479696273803710937500000000000E-03    0.363228955078125000000000000000000000000000E+04
    0.920733029488474130630493164062500000000000E-03    0.370086328125000000000000000000000000000000E+04
    0.939333112910389900207519531250000000000000E-03    0.377065893554687500000000000000000000000000E+04
    0.958308868575841188430786132812500000000000E-03    0.384169506835937500000000000000000000000000E+04
    0.977667979896068572998046875000000000000000E-03    0.391398974609375000000000000000000000000000E+04
    0.997418188489973545074462890625000000000000E-03    0.398756176757812500000000000000000000000000E+04
    0.101756735239177942276000976562500000000000E-02    0.406242993164062500000000000000000000000000E+04
    0.103812362067401409149169921875000000000000E-02    0.413861230468750000000000000000000000000000E+04
    0.105909502599388360977172851562500000000000E-02    0.421612841796875000000000000000000000000000E+04
    0.108049006666988134384155273437500000000000E-02    0.429499609375000000000000000000000000000000E+04
    0.110231747385114431381225585937500000000000E-02    0.437523535156250000000000000000000000000000E+04
    0.112458574585616588592529296875000000000000E-02    0.445686425781250000000000000000000000000000E+04
    0.114730407949537038803100585937500000000000E-02    0.453990185546875000000000000000000000000000E+04
    0.117048120591789484024047851562500000000000E-02    0.462436718750000000000000000000000000000000E+04
    0.119412643834948539733886718750000000000000E-02    0.471027929687500000000000000000000000000000E+04
    0.121824943926185369491577148437500000000000E-02    0.479765722656250000000000000000000000000000E+04
    0.124285963829606771469116210937500000000000E-02    0.488651953125000000000000000000000000000000E+04
    0.126796704716980457305908203125000000000000E-02    0.497688525390625000000000000000000000000000E+04
    0.129358167760074138641357421875000000000000E-02    0.506877343750000000000000000000000000000000E+04
    0.131971365772187709808349609375000000000000E-02    0.516220263671875000000000000000000000000000E+04
    0.134637358132749795913696289062500000000000E-02    0.525719140625000000000000000000000000000000E+04
    0.137357215862721204757690429687500000000000E-02    0.535375830078125000000000000000000000000000E+04
    0.140132009983062744140625000000000000000000E-02    0.545192187500000000000000000000000000000000E+04
    0.142962858080863952636718750000000000000000E-02    0.555170068359375000000000000000000000000000E+04
    0.145850901026278734207153320312500000000000E-02    0.565311181640625000000000000000000000000000E+04
    0.148797314614057540893554687500000000000000E-02    0.575617333984375000000000000000000000000000E+04
    0.151803228072822093963623046875000000000000E-02    0.586090332031250000000000000000000000000000E+04
    0.154869852121919393539428710937500000000000E-02    0.596731933593750000000000000000000000000000E+04
    0.157998420763760805130004882812500000000000E-02    0.607543798828125000000000000000000000000000E+04
    0.161190202925354242324829101562500000000000E-02    0.618527587890625000000000000000000000000000E+04
    0.164446467533707618713378906250000000000000E-02    0.629685058593750000000000000000000000000000E+04
    0.167768495157361030578613281250000000000000E-02    0.641017773437500000000000000000000000000000E+04
    0.171157636214047670364379882812500000000000E-02    0.652527294921875000000000000000000000000000E+04
    0.174615241121500730514526367187500000000000E-02    0.664215185546875000000000000000000000000000E+04
    0.178142718505114316940307617187500000000000E-02    0.676082910156250000000000000000000000000000E+04
    0.181741418782621622085571289062500000000000E-02    0.688131884765625000000000000000000000000000E+04
    0.185412843711674213409423828125000000000000E-02    0.700363574218750000000000000000000000000000E+04
    0.189158413559198379516601562500000000000000E-02    0.712779296875000000000000000000000000000000E+04
    0.192979711573570966720581054687500000000000E-02    0.725380322265625000000000000000000000000000E+04
    0.196878169663250446319580078125000000000000E-02    0.738167871093750000000000000000000000000000E+04
    0.200855359435081481933593750000000000000000E-02    0.751143212890625000000000000000000000000000E+04
    0.204912899062037467956542968750000000000000E-02    0.764307373046875000000000000000000000000000E+04
    0.209052418358623981475830078125000000000000E-02    0.777661474609375000000000000000000000000000E+04
    0.213275570422410964965820312500000000000000E-02    0.791206396484375000000000000000000000000000E+04
    0.217583985067903995513916015625000000000000E-02    0.804943066406250000000000000000000000000000E+04
    0.221979478374123573303222656250000000000000E-02    0.818872314453125000000000000000000000000000E+04
    0.226463773287832736968994140625000000000000E-02    0.832994921875000000000000000000000000000000E+04
    0.231038639321923255920410156250000000000000E-02    0.847311425781250000000000000000000000000000E+04
    0.235705915838479995727539062500000000000000E-02    0.861822460937500000000000000000000000000000E+04
    0.240467488765716552734375000000000000000000E-02    0.876528515625000000000000000000000000000000E+04
    0.245325244031846523284912109375000000000000E-02    0.891429882812500000000000000000000000000000E+04
    0.250281183980405330657958984375000000000000E-02    0.906526953125000000000000000000000000000000E+04
    0.255337217822670936584472656250000000000000E-02    0.921819726562500000000000000000000000000000E+04
    0.260495371185243129730224609375000000000000E-02    0.937308496093750000000000000000000000000000E+04
    0.265757716260850429534912109375000000000000E-02    0.952992968750000000000000000000000000000000E+04
    0.271126371808350086212158203125000000000000E-02    0.968873046875000000000000000000000000000000E+04
    0.276603479869663715362548828125000000000000E-02    0.984948437500000000000000000000000000000000E+04
    0.282191229052841663360595703125000000000000E-02    0.100121875000000000000000000000000000000000E+05
    0.287891877815127372741699218750000000000000E-02    0.101768339843750000000000000000000000000000E+05
    0.293707661330699920654296875000000000000000E-02    0.103434160156250000000000000000000000000000E+05
    0.299640954472124576568603515625000000000000E-02    0.105119257812500000000000000000000000000000E+05
    0.305694085545837879180908203125000000000000E-02    0.106823535156250000000000000000000000000000E+05
    0.311869522556662559509277343750000000000000E-02    0.108546865234375000000000000000000000000000E+05
    0.318169780075550079345703125000000000000000E-02    0.110289111328125000000000000000000000000000E+05
    0.324597232975065708160400390625000000000000E-02    0.112050136718750000000000000000000000000000E+05
    0.331154512241482734680175781250000000000000E-02    0.113829765625000000000000000000000000000000E+05
    0.337844272144138813018798828125000000000000E-02    0.115627812500000000000000000000000000000000E+05
    0.344669190235435962677001953125000000000000E-02    0.117444072265625000000000000000000000000000E+05
    0.351631967350840568542480468750000000000000E-02    0.119278300781250000000000000000000000000000E+05
    0.358735374175012111663818359375000000000000E-02    0.121130273437500000000000000000000000000000E+05
    0.365982321090996265411376953125000000000000E-02    0.122999707031250000000000000000000000000000E+05
    0.373375625349581241607666015625000000000000E-02    0.124886308593750000000000000000000000000000E+05
    0.380918313749134540557861328125000000000000E-02    0.126789755859375000000000000000000000000000E+05
    0.388613343238830566406250000000000000000000E-02    0.128709707031250000000000000000000000000000E+05
    0.396463880315423011779785156250000000000000E-02    0.130645791015625000000000000000000000000000E+05
    0.404472928494215011596679687500000000000000E-02    0.132597607421875000000000000000000000000000E+05
    0.412643933668732643127441406250000000000000E-02    0.134564746093750000000000000000000000000000E+05
    0.420979922637343406677246093750000000000000E-02    0.136546767578125000000000000000000000000000E+05
    0.429484248161315917968750000000000000000000E-02    0.138543193359375000000000000000000000000000E+05
    0.438160402700304985046386718750000000000000E-02    0.140553535156250000000000000000000000000000E+05
    0.447011832147836685180664062500000000000000E-02    0.142577285156250000000000000000000000000000E+05
    0.456042028963565826416015625000000000000000E-02    0.144613886718750000000000000000000000000000E+05
    0.465254718437790870666503906250000000000000E-02    0.146662783203125000000000000000000000000000E+05
    0.474653439596295356750488281250000000000000E-02    0.148723349609375000000000000000000000000000E+05
    0.484242103993892669677734375000000000000000E-02    0.150794990234375000000000000000000000000000E+05
    0.494024436920881271362304687500000000000000E-02    0.152877021484375000000000000000000000000000E+05
    0.504004349932074546813964843750000000000000E-02    0.154968720703125000000000000000000000000000E+05
    0.514185894280672073364257812500000000000000E-02    0.157069257812500000000000000000000000000000E+05
    0.524573167786002159118652343750000000000000E-02    0.159177792968750000000000000000000000000000E+05
    0.535170361399650573730468750000000000000000E-02    0.161293417968750000000000000000000000000000E+05
    0.545981479808688163757324218750000000000000E-02    0.163415244140625000000000000000000000000000E+05
    0.557011039927601814270019531250000000000000E-02    0.165542343750000000000000000000000000000000E+05
    0.568263372406363487243652343750000000000000E-02    0.167673828125000000000000000000000000000000E+05
    0.579743087291717529296875000000000000000000E-02    0.169808730468750000000000000000000000000000E+05
    0.591454654932022094726562500000000000000000E-02    0.171946074218750000000000000000000000000000E+05
    0.603402825072407722473144531250000000000000E-02    0.174084882812500000000000000000000000000000E+05
    0.615592347458004951477050781250000000000000E-02    0.176224023437500000000000000000000000000000E+05
    0.628028111532330513000488281250000000000000E-02    0.178362324218750000000000000000000000000000E+05
    0.640715099871158599853515625000000000000000E-02    0.180498574218750000000000000000000000000000E+05
    0.653658434748649597167968750000000000000000E-02    0.182631542968750000000000000000000000000000E+05
    0.666863145306706428527832031250000000000000E-02    0.184759960937500000000000000000000000000000E+05
    0.680334679782390594482421875000000000000000E-02    0.186882539062500000000000000000000000000000E+05
    0.694078346714377403259277343750000000000000E-02    0.188997949218750000000000000000000000000000E+05
    0.708099640905857086181640625000000000000000E-02    0.191104882812500000000000000000000000000000E+05
    0.722404150292277336120605468750000000000000E-02    0.193201992187500000000000000000000000000000E+05
    0.736997742205858230590820312500000000000000E-02    0.195287832031250000000000000000000000000000E+05
    0.751886051148176193237304687500000000000000E-02    0.197360898437500000000000000000000000000000E+05
    0.767075084149837493896484375000000000000000E-02    0.199419609375000000000000000000000000000000E+05
    0.782571360468864440917968750000000000000000E-02    0.201462304687500000000000000000000000000000E+05
    0.798380374908447265625000000000000000000000E-02    0.203487343750000000000000000000000000000000E+05
    0.814508739858865737915039062500000000000000E-02    0.205493027343750000000000000000000000000000E+05
    0.830962881445884704589843750000000000000000E-02    0.207477558593750000000000000000000000000000E+05
    0.847749505192041397094726562500000000000000E-02    0.209439042968750000000000000000000000000000E+05
    0.864875130355358123779296875000000000000000E-02    0.211375566406250000000000000000000000000000E+05
    0.882346741855144500732421875000000000000000E-02    0.213285253906250000000000000000000000000000E+05
    0.900171231478452682495117187500000000000000E-02    0.215166093750000000000000000000000000000000E+05
    0.918355956673622131347656250000000000000000E-02    0.217016054687500000000000000000000000000000E+05
    0.936907902359962463378906250000000000000000E-02    0.218833007812500000000000000000000000000000E+05
    0.955834705382585525512695312500000000000000E-02    0.220614863281250000000000000000000000000000E+05
    0.975143909454345703125000000000000000000000E-02    0.222359453125000000000000000000000000000000E+05
    0.994843058288097381591796875000000000000000E-02    0.224064589843750000000000000000000000000000E+05
    0.101494016125798225402832031250000000000000E-01    0.225728027343750000000000000000000000000000E+05
    0.103544332087039947509765625000000000000000E-01    0.227347382812500000000000000000000000000000E+05
    0.105636063963174819946289062500000000000000E-01    0.228920390625000000000000000000000000000000E+05
    0.107770059257745742797851562500000000000000E-01    0.230444648437500000000000000000000000000000E+05
    0.109947146847844123840332031250000000000000E-01    0.231917792968750000000000000000000000000000E+05
    0.112168220803141593933105468750000000000000E-01    0.233337148437500000000000000000000000000000E+05
    0.114434175193309783935546875000000000000000E-01    0.234699980468750000000000000000000000000000E+05
    0.116745894774794578552246093750000000000000E-01    0.236003554687500000000000000000000000000000E+05
    0.119104310870170593261718750000000000000000E-01    0.237245175781250000000000000000000000000000E+05
    0.121510382741689682006835937500000000000000E-01    0.238422246093750000000000000000000000000000E+05
    0.123965051025152206420898437500000000000000E-01    0.239532753906250000000000000000000000000000E+05
    0.126469302922487258911132812500000000000000E-01    0.240574765625000000000000000000000000000000E+05
    0.129024153575301170349121093750000000000000E-01    0.241546445312500000000000000000000000000000E+05
    0.131630674004554748535156250000000000000000E-01    0.242445976562500000000000000000000000000000E+05
    0.134289795532822608947753906250000000000000E-01    0.243270703125000000000000000000000000000000E+05
    0.137002617120742797851562500000000000000000E-01    0.244015214843750000000000000000000000000000E+05
    0.139770256355404853820800781250000000000000E-01    0.244673574218750000000000000000000000000000E+05
    0.142593793570995330810546875000000000000000E-01    0.245239921875000000000000000000000000000000E+05
    0.145474374294281005859375000000000000000000E-01    0.245708417968750000000000000000000000000000E+05
    0.148413162678480148315429687500000000000000E-01    0.246076875000000000000000000000000000000000E+05
    0.151411294937133789062500000000000000000000E-01    0.246352871093750000000000000000000000000000E+05
    0.154470009729266166687011718750000000000000E-01    0.246545703125000000000000000000000000000000E+05
    0.157590489834547042846679687500000000000000E-01    0.246664843750000000000000000000000000000000E+05
    0.160774048417806625366210937500000000000000E-01    0.246719765625000000000000000000000000000000E+05
    0.164021886885166168212890625000000000000000E-01    0.246712031250000000000000000000000000000000E+05
    0.167335346341133117675781250000000000000000E-01    0.246624316406250000000000000000000000000000E+05
    0.170715730637311935424804687500000000000000E-01    0.246436699218750000000000000000000000000000E+05
    0.174164418131113052368164062500000000000000E-01    0.246129375000000000000000000000000000000000E+05
    0.177682787179946899414062500000000000000000E-01    0.245682851562500000000000000000000000000000E+05
    0.181272197514772415161132812500000000000000E-01    0.245087343750000000000000000000000000000000E+05
    0.184934139251708984375000000000000000000000E-01    0.244352636718750000000000000000000000000000E+05
    0.188670046627521514892578125000000000000000E-01    0.243491093750000000000000000000000000000000E+05
    0.192481447011232376098632812500000000000000E-01    0.242515078125000000000000000000000000000000E+05
    0.196369830518960952758789062500000000000000E-01    0.241436894531250000000000000000000000000000E+05
    0.200336743146181106567382812500000000000000E-01    0.240259003906250000000000000000000000000000E+05
    0.204383805394172668457031250000000000000000E-01    0.238965996093750000000000000000000000000000E+05
    0.208512637764215469360351562500000000000000E-01    0.237541152343750000000000000000000000000000E+05
    0.212724860757589340209960937500000000000000E-01    0.235968339843750000000000000000000000000000E+05
    0.217022281140089035034179687500000000000000E-01    0.234232382812500000000000000000000000000000E+05
    0.221406426280736923217773437500000000000000E-01    0.232331914062500000000000000000000000000000E+05
    0.225879121571779251098632812500000000000000E-01    0.230286894531250000000000000000000000000000E+05
    0.230442192405462265014648437500000000000000E-01    0.228118886718750000000000000000000000000000E+05
    0.235097426921129226684570312500000000000000E-01    0.225849042968750000000000000000000000000000E+05
    0.239846706390380859375000000000000000000000E-01    0.223497753906250000000000000000000000000000E+05
    0.244691912084817886352539062500000000000000E-01    0.221075644531250000000000000000000000000000E+05
    0.249635018408298492431640625000000000000000E-01    0.218580175781250000000000000000000000000000E+05
    0.254677981138229370117187500000000000000000E-01    0.216008066406250000000000000000000000000000E+05
    0.259822811931371688842773437500000000000000E-01    0.213356406250000000000000000000000000000000E+05
    0.265071578323841094970703125000000000000000E-01    0.210622695312500000000000000000000000000000E+05
    0.270426385104656219482421875000000000000000E-01    0.207805664062500000000000000000000000000000E+05
    0.275889337062835693359375000000000000000000E-01    0.204905390625000000000000000000000000000000E+05
    0.281462669372558593750000000000000000000000E-01    0.201922343750000000000000000000000000000000E+05
    0.287148579955101013183593750000000000000000E-01    0.198857304687500000000000000000000000000000E+05
    0.292949359863996505737304687500000000000000E-01    0.195711542968750000000000000000000000000000E+05
    0.298867337405681610107421875000000000000000E-01    0.192490957031250000000000000000000000000000E+05
    0.304904840886592864990234375000000000000000E-01    0.189206230468750000000000000000000000000000E+05
    0.311064328998327255249023437500000000000000E-01    0.185867968750000000000000000000000000000000E+05
    0.317348241806030273437500000000000000000000E-01    0.182486425781250000000000000000000000000000E+05
    0.323759093880653381347656250000000000000000E-01    0.179071445312500000000000000000000000000000E+05
    0.330299474298954010009765625000000000000000E-01    0.175632187500000000000000000000000000000000E+05
    0.336971953511238098144531250000000000000000E-01    0.172177265625000000000000000000000000000000E+05
    0.343779213726520538330078125000000000000000E-01    0.168714804687500000000000000000000000000000E+05
    0.350724011659622192382812500000000000000000E-01    0.165252519531250000000000000000000000000000E+05
    0.357809104025363922119140625000000000000000E-01    0.161797900390625000000000000000000000000000E+05
    0.365037508308887481689453125000000000000000E-01    0.158361669921875000000000000000000000000000E+05
    0.372411720454692840576171875000000000000000E-01    0.154956992187500000000000000000000000000000E+05
    0.379934944212436676025390625000000000000000E-01    0.151596123046875000000000000000000000000000E+05
    0.387610122561454772949218750000000000000000E-01    0.148290253906250000000000000000000000000000E+05
    0.395440347492694854736328125000000000000000E-01    0.145049257812500000000000000000000000000000E+05
    0.403428785502910614013671875000000000000000E-01    0.141876123046875000000000000000000000000000E+05
    0.411578565835952758789062500000000000000000E-01    0.138768955078125000000000000000000000000000E+05
    0.419893004000186920166015625000000000000000E-01    0.135725761718750000000000000000000000000000E+05
    0.428375415503978729248046875000000000000000E-01    0.132744667968750000000000000000000000000000E+05
    0.437029153108596801757812500000000000000000E-01    0.129824746093750000000000000000000000000000E+05
    0.445857718586921691894531250000000000000000E-01    0.126976347656250000000000000000000000000000E+05
    0.454864650964736938476562500000000000000000E-01    0.124216630859375000000000000000000000000000E+05
    0.464053489267826080322265625000000000000000E-01    0.121561279296875000000000000000000000000000E+05
    0.473427996039390563964843750000000000000000E-01    0.119024541015625000000000000000000000000000E+05
    0.482991859316825866699218750000000000000000E-01    0.116615390625000000000000000000000000000000E+05
    0.492748916149139404296875000000000000000000E-01    0.114318945312500000000000000000000000000000E+05
    0.502703115344047546386718750000000000000000E-01    0.112113007812500000000000000000000000000000E+05
    0.512858368456363677978515625000000000000000E-01    0.109976982421875000000000000000000000000000E+05
    0.523218810558319091796875000000000000000000E-01    0.107892148437500000000000000000000000000000E+05
    0.533788502216339111328125000000000000000000E-01    0.105850244140625000000000000000000000000000E+05
    0.544571764767169952392578125000000000000000E-01    0.103852128906250000000000000000000000000000E+05
    0.555572807788848876953125000000000000000000E-01    0.101898857421875000000000000000000000000000E+05
    0.566796138882637023925781250000000000000000E-01    0.999906445312500000000000000000000000000000E+04
    0.578246153891086578369140625000000000000000E-01    0.981122167968750000000000000000000000000000E+04
    0.589927472174167633056640625000000000000000E-01    0.962349023437500000000000000000000000000000E+04
    0.601844787597656250000000000000000000000000E-01    0.943316308593750000000000000000000000000000E+04
    0.614003166556358337402343750000000000000000E-01    0.923799609375000000000000000000000000000000E+04
    0.626406818628311157226562500000000000000000E-01    0.903760449218750000000000000000000000000000E+04
    0.639061108231544494628906250000000000000000E-01    0.883237890625000000000000000000000000000000E+04
    0.651970952749252319335937500000000000000000E-01    0.862269531250000000000000000000000000000000E+04
    0.665141642093658447265625000000000000000000E-01    0.840738867187500000000000000000000000000000E+04
    0.678578317165374755859375000000000000000000E-01    0.818328369140625000000000000000000000000000E+04
    0.692286565899848937988281250000000000000000E-01    0.794747851562500000000000000000000000000000E+04
    0.706271678209304809570312500000000000000000E-01    0.769867578125000000000000000000000000000000E+04
    0.720539242029190063476562500000000000000000E-01    0.743886132812500000000000000000000000000000E+04
    0.735095068812370300292968750000000000000000E-01    0.717047021484375000000000000000000000000000E+04
    0.749944970011711120605468750000000000000000E-01    0.689441113281250000000000000000000000000000E+04
    0.765094906091690063476562500000000000000000E-01    0.660768847656250000000000000000000000000000E+04
    0.780550837516784667968750000000000000000000E-01    0.630742480468750000000000000000000000000000E+04
    0.796318948268890380859375000000000000000000E-01    0.599383935546875000000000000000000000000000E+04
    0.812405645847320556640625000000000000000000E-01    0.567166113281250000000000000000000000000000E+04
    0.828817337751388549804687500000000000000000E-01    0.534562548828125000000000000000000000000000E+04
    0.845560505986213684082031250000000000000000E-01    0.501865966796875000000000000000000000000000E+04
    0.862641930580139160156250000000000000000000E-01    0.469239306640625000000000000000000000000000E+04
    0.880068466067314147949218750000000000000000E-01    0.436873828125000000000000000000000000000000E+04
    0.897847041487693786621093750000000000000000E-01    0.405057470703125000000000000000000000000000E+04
    0.915984734892845153808593750000000000000000E-01    0.374065405273437500000000000000000000000000E+04
    0.934488773345947265625000000000000000000000E-01    0.344110083007812500000000000000000000000000E+04
    0.953366756439208984375000000000000000000000E-01    0.315351147460937500000000000000000000000000E+04
    0.972625985741615295410156250000000000000000E-01    0.287916186523437500000000000000000000000000E+04
    0.992274358868598937988281250000000000000000E-01    0.261933422851562500000000000000000000000000E+04
    0.101232007145881652832031250000000000000000E+00    0.237578173828125000000000000000000000000000E+04
    0.103277020156383514404296875000000000000000E+00    0.214971704101562500000000000000000000000000E+04
    0.105363354086875915527343750000000000000000E+00    0.194152246093750000000000000000000000000000E+04
    0.107491828501224517822265625000000000000000E+00    0.175009155273437500000000000000000000000000E+04
    0.109663315117359161376953125000000000000000E+00    0.157401403808593750000000000000000000000000E+04
    0.111878655850887298583984375000000000000000E+00    0.141191577148437500000000000000000000000000E+04
    0.114138752222061157226562500000000000000000E+00    0.126166369628906250000000000000000000000000E+04
    0.116444505751132965087890625000000000000000E+00    0.112137597656250000000000000000000000000000E+04
    0.118796832859516143798828125000000000000000E+00    0.989738159179687500000000000000000000000000E+03
    0.121196687221527099609375000000000000000000E+00    0.865602539062500000000000000000000000000000E+03
    0.123645029962062835693359375000000000000000E+00    0.748427673339843750000000000000000000000000E+03
    0.126142814755439758300781250000000000000000E+00    0.638032653808593750000000000000000000000000E+03
    0.128691077232360839843750000000000000000000E+00    0.534429199218750000000000000000000000000000E+03
    0.131290808320045471191406250000000000000000E+00    0.438114074707031250000000000000000000000000E+03
    0.133943051099777221679687500000000000000000E+00    0.348754211425781250000000000000000000000000E+03
    0.136648878455162048339843750000000000000000E+00    0.266832763671875000000000000000000000000000E+03
    0.139409363269805908203125000000000000000000E+00    0.194704666137695312500000000000000000000000E+03
    0.142225623130798339843750000000000000000000E+00    0.135114624023437500000000000000000000000000E+03
    0.145098760724067687988281250000000000000000E+00    0.879764709472656250000000000000000000000000E+02
    0.148029953241348266601562500000000000000000E+00    0.500811500549316406250000000000000000000000E+02
    0.151020348072052001953125000000000000000000E+00    0.228848152160644531250000000000000000000000E+02
    0.154071167111396789550781250000000000000000E+00    0.799541902542114257812500000000000000000000E+01
    0.157183602452278137207031250000000000000000E+00    0.214949107170104980468750000000000000000000E+01
    0.160358920693397521972656250000000000000000E+00    0.791430532932281494140625000000000000000000E+00
    0.163598373532295227050781250000000000000000E+00    0.107685410976409912109375000000000000000000E+01
    0.166903272271156311035156250000000000000000E+00    0.399219083786010742187500000000000000000000E+01
    0.170275032520294189453125000000000000000000E+00    0.927043914794921875000000000000000000000000E+01
    0.173714801669120788574218750000000000000000E+00    0.979855537414550781250000000000000000000000E+01
    0.177224084734916687011718750000000000000000E+00    0.899867248535156250000000000000000000000000E+01
    0.180804237723350524902343750000000000000000E+00    0.757879066467285156250000000000000000000000E+01
    0.184456720948219299316406250000000000000000E+00    0.463906335830688476562500000000000000000000E+01
    0.188182994723320007324218750000000000000000E+00    0.321391081809997558593750000000000000000000E+01
    0.191984534263610839843750000000000000000000E+00    0.228762459754943847656250000000000000000000E+01
    0.195862874388694763183593750000000000000000E+00    0.154984980821609497070312500000000000000000E+00
    0.199819564819335937500000000000000000000000E+00    0.395757099613547325134277343750000000000000E-02
    0.203856185078620910644531250000000000000000E+00    0.116649651899933815002441406250000000000000E-01
    0.207974359393119812011718750000000000000000E+00    0.235282436013221740722656250000000000000000E+00
    0.212175697088241577148437500000000000000000E+00    0.357926934957504272460937500000000000000000E+00
    0.216461926698684692382812500000000000000000E+00    0.275241613388061523437500000000000000000000E+00
    0.220834761857986450195312500000000000000000E+00    0.224449738860130310058593750000000000000000E+00
    0.225295916199684143066406250000000000000000E+00    0.119076959788799285888671875000000000000000E+00
    0.229847192764282226562500000000000000000000E+00    0.450075156986713409423828125000000000000000E-01
    0.234490394592285156250000000000000000000000E+00    0.575597118586301803588867187500000000000000E-02
    0.239227414131164550781250000000000000000000E+00    0.725210178643465042114257812500000000000000E-03
    0.244060128927230834960937500000000000000000E+00    0.351964519359171390533447265625000000000000E-02
    0.248990446329116821289062500000000000000000E+00    0.101259574294090270996093750000000000000000E-01
    0.254020392894744873046875000000000000000000E+00    0.818920414894819259643554687500000000000000E-02
    0.259151935577392578125000000000000000000000E+00    0.253349379636347293853759765625000000000000E-02
    0.264387160539627075195312500000000000000000E+00    0.216520493268035352230072021484375000000000E-04
    0.269728124141693115234375000000000000000000E+00    0.140630756504833698272705078125000000000000E-03
    0.275177001953125000000000000000000000000000E+00    0.177508511114865541458129882812500000000000E-02
    0.280736058950424194335937500000000000000000E+00    0.771602033637464046478271484375000000000000E-03
    0.286407291889190673828125000000000000000000E+00    0.223499839194118976593017578125000000000000E-03
    0.292193114757537841796875000000000000000000E+00    0.167866601259447634220123291015625000000000E-03
    0.298095792531967163085937500000000000000000E+00    0.168358371593058109283447265625000000000000E-02
    0.304117560386657714843750000000000000000000E+00    0.288082356564700603485107421875000000000000E-02
    0.310261309146881103515625000000000000000000E+00    0.229955813847482204437255859375000000000000E-02
    0.316528826951980590820312500000000000000000E+00    0.213775070733390748500823974609375000000000E-03
    0.322923272848129272460937500000000000000000E+00    0.464851269498467445373535156250000000000000E-03
    0.329446613788604736328125000000000000000000E+00    0.266001070849597454071044921875000000000000E-02
    0.336102008819580078125000000000000000000000E+00    0.343783083371818065643310546875000000000000E-02
    0.342891573905944824218750000000000000000000E+00    0.211337674409151077270507812500000000000000E-02
    0.349818587303161621093750000000000000000000E+00    0.643485009277355857193470001220703125000000E-05
    0.356885224580764770507812500000000000000000E+00    0.161276967264711856842041015625000000000000E-02
    0.364094972610473632812500000000000000000000E+00    0.244450126774609088897705078125000000000000E-02
    0.371450334787368774414062500000000000000000E+00    0.109622639138251543045043945312500000000000E-02
    0.378953933715820312500000000000000000000000E+00    0.147629049024544656276702880859375000000000E-03
    0.386609494686126708984375000000000000000000E+00    0.563389505259692668914794921875000000000000E-03
    0.394419312477111816406250000000000000000000E+00    0.935679941903799772262573242187500000000000E-03
    0.402387291193008422851562500000000000000000E+00    0.143455938086844980716705322265625000000000E-03
    0.410515844821929931640625000000000000000000E+00    0.925137919693952426314353942871093750000000E-05
    0.418809026479721069335937500000000000000000E+00    0.232831094763241708278656005859375000000000E-03
    0.427269339561462402343750000000000000000000E+00    0.550255244888830929994583129882812500000000E-04
    0.435900926589965820312500000000000000000000E+00    0.115183445359434699639678001403808593750000E-05
    0.444706469774246215820312500000000000000000E+00    0.274920708420722803566604852676391601562500E-07
    0.453690379858016967773437500000000000000000E+00    0.922455978269454135443083941936492919921875E-08
    0.462855309247970581054687500000000000000000E+00    0.146448501254781149327754974365234375000000E-04
    0.472205787897109985351562500000000000000000E+00    0.302453117910772562026977539062500000000000E-04
    0.481744766235351562500000000000000000000000E+00    0.388130047213053330779075622558593750000000E-05
    0.491476893424987792968750000000000000000000E+00    0.220316778722917661070823669433593750000000E-04
    0.501405119895935058593750000000000000000000E+00    0.435452557212556712329387664794921875000000E-05
    0.511534392833709716796875000000000000000000E+00    0.323392987411352805793285369873046875000000E-05
    0.521867811679840087890625000000000000000000E+00    0.368223436453263275325298309326171875000000E-05
    0.532410502433776855468750000000000000000000E+00    0.209204364942650045122718438506126403808594E-08
    0.543165624141693115234375000000000000000000E+00    0.401548078343694214709103107452392578125000E-06
    0.554138541221618652343750000000000000000000E+00    0.225770591555374267045408487319946289062500E-06
    0.565332591533660888671875000000000000000000E+00    0.306739661937172058969736099243164062500000E-05
    0.576753377914428710937500000000000000000000E+00    0.973516467439594634925015270709991455078125E-08
    0.588404297828674316406250000000000000000000E+00    0.128354770367877790704369544982910156250000E-05
    0.600291073322296142578125000000000000000000E+00    0.219540421397823592997156083583831787109375E-07
    0.612418055534362792968750000000000000000000E+00    0.146763321495768650493118911981582641601562E-07
    0.624789416790008544921875000000000000000000E+00    0.379671938333103753393515944480895996093750E-08
    0.637411296367645263671875000000000000000000E+00    0.938551238505169749259948730468750000000000E-04
    0.650287508964538574218750000000000000000000E+00    0.249924225499853491783142089843750000000000E-03
    0.663424491882324218750000000000000000000000E+00    0.320351318805478513240814208984375000000000E-05
    0.676826238632202148437500000000000000000000E+00    0.176242522798020218033343553543090820312500E-07
    0.690499365329742431640625000000000000000000E+00    0.121469789782224779628450050950050354003906E-08
    0.704448044300079345703125000000000000000000E+00    0.745475570163023348868591710925102233886719E-09
    0.718679130077362060546875000000000000000000E+00    0.133855293515949824723065830767154693603516E-08
    0.733197033405303955078125000000000000000000E+00    0.234811259325340415671234950423240661621094E-08
    0.748008966445922851562500000000000000000000E+00    0.240612174629006858594948425889015197753906E-08
    0.763119339942932128906250000000000000000000E+00    0.178953796226011263570399023592472076416016E-08
    0.778535783290863037109375000000000000000000E+00    0.125736332456938271207036450505256652832031E-08
    0.794262826442718505859375000000000000000000E+00    0.105483666246186658099759370088577270507812E-08
    0.810308396816253662109375000000000000000000E+00    0.104622366325912707907264120876789093017578E-08
    0.826677322387695312500000000000000000000000E+00    0.107646191960242276763892732560634613037109E-08
    0.843377590179443359375000000000000000000000E+00    0.100736297081738257475080899894237518310547E-08
    0.860414624214172363281250000000000000000000E+00    0.806024746946576442496734671294689178466797E-09
    0.877796530723571777343750000000000000000000E+00    0.631940666462327271801768802106380462646484E-09
    0.895528674125671386718750000000000000000000E+00    0.576147018982453573698876425623893737792969E-09
    0.913619995117187500000000000000000000000000E+00    0.714189818395993825106415897607803344726562E-09
    0.932075977325439453125000000000000000000000E+00    0.940677757910179934697225689888000488281250E-09
    0.950905561447143554687500000000000000000000E+00    0.662914889648646976638701744377613067626953E-09
    0.970114648342132568359375000000000000000000E+00    0.123097199100641319091664627194404602050781E-09
    0.989712655544281005859375000000000000000000E+00    0.414741331555834591426901170052587985992432E-11
    0.100970673561096191406250000000000000000000E+01    0.181221641967939384176844441753928549587727E-12
    0.103010356426239013671875000000000000000000E+01    0.198978434098363854420910001863376237452030E-12
    0.105091357231140136718750000000000000000000E+01    0.714502762511060041106247808784246444702148E-10
    0.107214283943176269531250000000000000000000E+01    0.478760746325246344667903031222522258758545E-10
    0.109380209445953369140625000000000000000000E+01    0.391420021395028072674904251471161842346191E-10
    0.111589777469635009765625000000000000000000E+01    0.574720722401611538998622563667595386505127E-10
    0.113844096660614013671875000000000000000000E+01    0.751858991732134995800151955336332321166992E-10
    0.116143846511840820312500000000000000000000E+01    0.524139932844835954028894775547087192535400E-10
    0.118490147590637207031250000000000000000000E+01    0.335715222982146954677773464936763048171997E-11
    0.120883750915527343750000000000000000000000E+01    0.448121704674231402520945266587659716606140E-11
    0.123325824737548828125000000000000000000000E+01    0.344933364640129247469246820401167497038841E-12
    0.125817120075225830078125000000000000000000E+01    0.396817995129694622846727725118398666381836E-10
    0.128358840942382812500000000000000000000000E+01    0.138195498881193978846226855239365249872208E-11
    0.130951797962188720703125000000000000000000E+01    0.122570096433571862348799186293035745620728E-11
    0.133597266674041748046875000000000000000000E+01    0.138795338069930274116359214531257748603821E-10
    0.136296045780181884765625000000000000000000E+01    0.733493195109909124074221153932739980518818E-13
    0.139049470424652099609375000000000000000000E+01    0.108862649797480948166139569366350769996643E-10
    0.141858386993408203125000000000000000000000E+01    0.641228931931581147551924004801549017429352E-12
    0.144724178314208984375000000000000000000000E+01    0.270299191015843653929096035426482558250427E-11
    0.147647726535797119140625000000000000000000E+01    0.501059870677833529839517723303288221359253E-11
    0.150630474090576171875000000000000000000000E+01    0.338566278961990874130094653082778677344322E-12
    0.153673338890075683593750000000000000000000E+01    0.153759478565239360303706916965893469750881E-12
    0.156777822971343994140625000000000000000000E+01    0.116697992415260021203948781476356089115143E-11
    0.159944856166839599609375000000000000000000E+01    0.251305226628417699430428911000490188598633E-11
    0.163176035881042480468750000000000000000000E+01    0.336336319038677000747838974348269402980804E-11
    0.166472315788269042968750000000000000000000E+01    0.325053178817924504073744174093008041381836E-11
    0.169835364818572998046875000000000000000000E+01    0.200562439919838020330189465312287211418152E-11
    0.173266339302062988281250000000000000000000E+01    0.895653505788435166934391418180894106626511E-12
    0.176766479015350341796875000000000000000000E+01    0.116575108941030514131398376775905489921570E-11
    0.180337476730346679687500000000000000000000E+01    0.150190016673379389544606965500861406326294E-11
    0.183980441093444824218750000000000000000000E+01    0.293874543840291768681538542296038940548897E-12
    0.187697184085845947265625000000000000000000E+01    0.967734898292549328147060805349610745906830E-12
    0.191488826274871826171875000000000000000000E+01    0.496799433188921391035819397075101733207703E-12
    0.195357239246368408203125000000000000000000E+01    0.928613522882537623104326485190540552139282E-12
    0.199303627014160156250000000000000000000000E+01    0.139052246279913749305023884517140686511993E-11
    0.203329920768737792968750000000000000000000E+01    0.105894264711137164880483396700583398342133E-11
    0.207437348365783691406250000000000000000000E+01    0.970311830016112875085809719166718423366547E-12
    0.211627960205078125000000000000000000000000E+01    0.873268688264539072463321645045652985572815E-12
    0.215903019905090332031250000000000000000000E+01    0.678564897414052348167956552060786634683609E-12
    0.220264649391174316406250000000000000000000E+01    0.447517673959896278290671034483239054679871E-12
    0.224714183807373046875000000000000000000000E+01    0.285722509020536197255069055245257914066315E-12
    0.229253816604614257812500000000000000000000E+01    0.541040140206866526639828407496679574251175E-12
    0.233884930610656738281250000000000000000000E+01    0.524115147983172935397533365176059305667877E-12
    0.238609838485717773437500000000000000000000E+01    0.703765116929350176278035178256686776876450E-12
    0.243429946899414062500000000000000000000000E+01    0.668509410155226913019532730686478316783905E-12
    0.248347663879394531250000000000000000000000E+01    0.475839365739888497941478817665483802556992E-12
    0.253364515304565429687500000000000000000000E+01    0.354115499943963296658466788358055055141449E-12
    0.258482933044433593750000000000000000000000E+01    0.290082194376317659134656423702836036682129E-12
    0.263704514503479003906250000000000000000000E+01    0.233550456535044914652132774790516123175621E-12
    0.269031810760498046875000000000000000000000E+01    0.336244161854015732870948340860195457935333E-12
    0.274466466903686523437500000000000000000000E+01    0.346606098856894195847644368768669664859772E-12
    0.280011177062988281250000000000000000000000E+01    0.378057855203797754661820818000705912709236E-12
    0.285667920112609863281250000000000000000000E+01    0.316640648163196702924437886395025998353958E-12
    0.291438651084899902343750000000000000000000E+01    0.259975932925468611323083223396679386496544E-12
    0.297326231002807617187500000000000000000000E+01    0.203806034006735747876604136763489805161953E-12
    0.303332471847534179687500000000000000000000E+01    0.157578865320889827117412096413318067789078E-12
    0.309460353851318359375000000000000000000000E+01    0.161803919871902901483906589419348165392876E-12
    0.315711688995361328125000000000000000000000E+01    0.180140055433195001022284031932940706610680E-12
    0.322089648246765136718750000000000000000000E+01    0.212769309549526441927014275279361754655838E-12
    0.328596115112304687500000000000000000000000E+01    0.230138851768993402124863223434658721089363E-12
    0.335234355926513671875000000000000000000000E+01    0.180452901970065693326716882438631728291512E-12
    0.342006349563598632812500000000000000000000E+01    0.125973409763509291980909665653598494827747E-12
    0.348915529251098632812500000000000000000000E+01    0.106722587039399796626781835584552027285099E-12
    0.355963897705078125000000000000000000000000E+01    0.849539554914451044975720606089453212916851E-13
    0.363155031204223632812500000000000000000000E+01    0.109045910322291828009610981098376214504242E-12
    0.370491051673889160156250000000000000000000E+01    0.125315854698423989610489570623030886054039E-12
    0.377975654602050781250000000000000000000000E+01    0.122918968298128816751813019436667673289776E-12
    0.385611033439636230468750000000000000000000E+01    0.102991264605209464910728911490878090262413E-12
    0.393401122093200683593750000000000000000000E+01    0.757682287679146970749144429646548815071583E-13
    0.401348161697387695312500000000000000000000E+01    0.605653629462063469723887010331964120268822E-13
    0.409456062316894531250000000000000000000000E+01    0.616741290741622261162291351865860633552074E-13
    0.417727470397949218750000000000000000000000E+01    0.656339403399402998573464174114633351564407E-13
    0.426166296005249023437500000000000000000000E+01    0.709678287815450337117084700366831384599209E-13
    0.434775209426879882812500000000000000000000E+01    0.770021118265754034304393371712649241089821E-13
    0.443558454513549804687500000000000000000000E+01    0.620146092139041427149237506455392576754093E-13
