  0.102702E-04  0.201734E+08  0.201734E+08  0.268840E+08  0.268836E+08  0.201760E+08  0.200175E+08  0.524651E+00  0.201734E+08
  0.113425E-04  0.201733E+08  0.201733E+08  0.268809E+08  0.268805E+08  0.201760E+08  0.200175E+08  0.524651E+00  0.201734E+08
  0.125267E-04  0.201733E+08  0.201733E+08  0.268772E+08  0.268766E+08  0.201759E+08  0.200174E+08  0.524651E+00  0.201734E+08
  0.138345E-04  0.201733E+08  0.201733E+08  0.268727E+08  0.268720E+08  0.201759E+08  0.200174E+08  0.524651E+00  0.201734E+08
  0.152789E-04  0.201733E+08  0.201733E+08  0.268672E+08  0.268663E+08  0.201758E+08  0.200174E+08  0.524651E+00  0.201734E+08
  0.168741E-04  0.201733E+08  0.201733E+08  0.268604E+08  0.268593E+08  0.201758E+08  0.200174E+08  0.524651E+00  0.201733E+08
  0.186359E-04  0.201732E+08  0.201732E+08  0.268522E+08  0.268509E+08  0.201757E+08  0.200173E+08  0.524651E+00  0.201733E+08
  0.205816E-04  0.201732E+08  0.201732E+08  0.268422E+08  0.268406E+08  0.201757E+08  0.200173E+08  0.524651E+00  0.201733E+08
  0.227304E-04  0.201732E+08  0.201732E+08  0.268299E+08  0.268280E+08  0.201756E+08  0.200173E+08  0.524650E+00  0.201732E+08
  0.251036E-04  0.201731E+08  0.201731E+08  0.268150E+08  0.268127E+08  0.201755E+08  0.200172E+08  0.524650E+00  0.201732E+08
  0.277246E-04  0.201730E+08  0.201730E+08  0.267969E+08  0.267940E+08  0.201753E+08  0.200171E+08  0.524650E+00  0.201731E+08
  0.306192E-04  0.201730E+08  0.201730E+08  0.267747E+08  0.267712E+08  0.201752E+08  0.200171E+08  0.524650E+00  0.201730E+08
  0.338160E-04  0.201729E+08  0.201728E+08  0.267477E+08  0.267434E+08  0.201750E+08  0.200170E+08  0.524650E+00  0.201729E+08
  0.373466E-04  0.201727E+08  0.201727E+08  0.267148E+08  0.267096E+08  0.201747E+08  0.200168E+08  0.524649E+00  0.201728E+08
  0.412458E-04  0.201726E+08  0.201726E+08  0.266748E+08  0.266684E+08  0.201744E+08  0.200167E+08  0.524649E+00  0.201726E+08
  0.455521E-04  0.201724E+08  0.201724E+08  0.266260E+08  0.266182E+08  0.201741E+08  0.200165E+08  0.524648E+00  0.201724E+08
  0.503080E-04  0.201722E+08  0.201722E+08  0.265666E+08  0.265571E+08  0.201736E+08  0.200163E+08  0.524648E+00  0.201722E+08
  0.555604E-04  0.201719E+08  0.201719E+08  0.264943E+08  0.264828E+08  0.201731E+08  0.200160E+08  0.524647E+00  0.201719E+08
  0.613612E-04  0.201716E+08  0.201716E+08  0.264064E+08  0.263924E+08  0.201725E+08  0.200157E+08  0.524646E+00  0.201716E+08
  0.677677E-04  0.201712E+08  0.201712E+08  0.262995E+08  0.262825E+08  0.201717E+08  0.200153E+08  0.524645E+00  0.201712E+08
  0.748430E-04  0.201707E+08  0.201707E+08  0.261697E+08  0.261491E+08  0.201707E+08  0.200148E+08  0.524644E+00  0.201707E+08
  0.826571E-04  0.201701E+08  0.201701E+08  0.260122E+08  0.259872E+08  0.201695E+08  0.200142E+08  0.524643E+00  0.201700E+08
  0.912870E-04  0.201694E+08  0.201693E+08  0.258212E+08  0.257909E+08  0.201681E+08  0.200135E+08  0.524641E+00  0.201693E+08
  0.100818E-03  0.201685E+08  0.201684E+08  0.255901E+08  0.255534E+08  0.201663E+08  0.200126E+08  0.524639E+00  0.201684E+08
  0.111344E-03  0.201674E+08  0.201673E+08  0.253108E+08  0.252664E+08  0.201642E+08  0.200115E+08  0.524636E+00  0.201672E+08
  0.122969E-03  0.201661E+08  0.201660E+08  0.249739E+08  0.249204E+08  0.201616E+08  0.200102E+08  0.524633E+00  0.201659E+08
  0.135807E-03  0.201645E+08  0.201644E+08  0.245687E+08  0.245043E+08  0.201584E+08  0.200086E+08  0.524629E+00  0.201642E+08
  0.149986E-03  0.201625E+08  0.201624E+08  0.240827E+08  0.240055E+08  0.201545E+08  0.200066E+08  0.524624E+00  0.201622E+08
  0.165646E-03  0.201601E+08  0.201600E+08  0.235021E+08  0.234097E+08  0.201498E+08  0.200042E+08  0.524619E+00  0.201597E+08
  0.182940E-03  0.201572E+08  0.201570E+08  0.228115E+08  0.227016E+08  0.201440E+08  0.200013E+08  0.524612E+00  0.201567E+08
  0.202040E-03  0.201537E+08  0.201535E+08  0.219949E+08  0.218648E+08  0.201370E+08  0.199978E+08  0.524604E+00  0.201530E+08
  0.223134E-03  0.201494E+08  0.201491E+08  0.210359E+08  0.208829E+08  0.201285E+08  0.199934E+08  0.524594E+00  0.201486E+08
  0.246431E-03  0.201442E+08  0.201438E+08  0.199191E+08  0.197408E+08  0.201181E+08  0.199882E+08  0.524583E+00  0.201432E+08
  0.272160E-03  0.201378E+08  0.201374E+08  0.186325E+08  0.184267E+08  0.201055E+08  0.199818E+08  0.524569E+00  0.201366E+08
  0.300575E-03  0.201301E+08  0.201296E+08  0.171692E+08  0.169347E+08  0.200902E+08  0.199741E+08  0.524553E+00  0.201286E+08
  0.331957E-03  0.201208E+08  0.201202E+08  0.155319E+08  0.152688E+08  0.200716E+08  0.199647E+08  0.524535E+00  0.201189E+08
  0.366615E-03  0.201094E+08  0.201087E+08  0.137365E+08  0.134470E+08  0.200490E+08  0.199534E+08  0.524515E+00  0.201071E+08
  0.404891E-03  0.200957E+08  0.200948E+08  0.118168E+08  0.115059E+08  0.200216E+08  0.199396E+08  0.524492E+00  0.200929E+08
  0.447164E-03  0.200791E+08  0.200781E+08  0.982880E+07  0.950507E+07  0.199885E+08  0.199230E+08  0.524466E+00  0.200757E+08
  0.493851E-03  0.200591E+08  0.200579E+08  0.785205E+07  0.752780E+07  0.199485E+08  0.199029E+08  0.524438E+00  0.200550E+08
  0.545412E-03  0.200350E+08  0.200335E+08  0.598658E+07  0.567766E+07  0.199003E+08  0.198787E+08  0.524409E+00  0.200300E+08
  0.602356E-03  0.200060E+08  0.200043E+08  0.434205E+07  0.406640E+07  0.198422E+08  0.198496E+08  0.524380E+00  0.200000E+08
  0.665245E-03  0.199712E+08  0.199692E+08  0.301726E+07  0.279191E+07  0.197724E+08  0.198147E+08  0.524350E+00  0.199641E+08
  0.734701E-03  0.199295E+08  0.199273E+08  0.207112E+07  0.190792E+07  0.196888E+08  0.197729E+08  0.524322E+00  0.199210E+08
  0.811408E-03  0.198796E+08  0.198772E+08  0.149340E+07  0.139425E+07  0.195890E+08  0.197229E+08  0.524296E+00  0.198696E+08
  0.896123E-03  0.198202E+08  0.198174E+08  0.119186E+07  0.114572E+07  0.194701E+08  0.196632E+08  0.524273E+00  0.198083E+08
  0.989684E-03  0.197494E+08  0.197464E+08  0.101657E+07  0.100116E+07  0.193291E+08  0.195922E+08  0.524252E+00  0.197354E+08
  0.109301E-02  0.196653E+08  0.196620E+08  0.829388E+06  0.818906E+06  0.191627E+08  0.195077E+08  0.524232E+00  0.196489E+08
  0.120713E-02  0.195655E+08  0.195620E+08  0.587385E+06  0.563700E+06  0.189670E+08  0.194075E+08  0.524213E+00  0.195463E+08
  0.133316E-02  0.194473E+08  0.194435E+08  0.364431E+06  0.324005E+06  0.187385E+08  0.192886E+08  0.524194E+00  0.194249E+08
  0.147235E-02  0.193073E+08  0.193034E+08  0.252731E+06  0.202880E+06  0.184740E+08  0.191479E+08  0.524174E+00  0.192816E+08
  0.162607E-02  0.191420E+08  0.191379E+08  0.225101E+06  0.000000E+00  0.181695E+08  0.189816E+08  0.524154E+00  0.191124E+08
  0.179584E-02  0.189470E+08  0.189428E+08  0.166697E+06  0.000000E+00  0.178223E+08  0.187853E+08  0.524133E+00  0.189133E+08
  0.198334E-02  0.187173E+08  0.187129E+08  0.778049E+05  0.000000E+00  0.174284E+08  0.185538E+08  0.524110E+00  0.186791E+08
  0.219041E-02  0.184471E+08  0.184425E+08  0.572149E+05  0.000000E+00  0.169851E+08  0.182814E+08  0.524085E+00  0.184042E+08
  0.241910E-02  0.181299E+08  0.181249E+08  0.538343E+05  0.000000E+00  0.164891E+08  0.179610E+08  0.524058E+00  0.180819E+08
  0.267167E-02  0.177580E+08  0.177525E+08  0.211355E+05  0.000000E+00  0.159366E+08  0.175848E+08  0.524027E+00  0.177048E+08
  0.295061E-02  0.173225E+08  0.173165E+08  0.270130E+05  0.000000E+00  0.153225E+08  0.171436E+08  0.523993E+00  0.172641E+08
  0.325867E-02  0.168136E+08  0.168069E+08  0.339595E+04  0.000000E+00  0.146407E+08  0.166269E+08  0.523953E+00  0.167500E+08
  0.359889E-02  0.162198E+08  0.162123E+08  0.502467E+04  0.000000E+00  0.138841E+08  0.160225E+08  0.523903E+00  0.161511E+08
  0.397464E-02  0.155284E+08  0.155200E+08 -0.634848E+04  0.000000E+00  0.130470E+08  0.153168E+08  0.523842E+00  0.154550E+08
  0.438961E-02  0.147256E+08  0.147161E+08  0.202798E+03  0.000000E+00  0.121201E+08  0.144952E+08  0.523760E+00  0.146478E+08
  0.484791E-02  0.137994E+08  0.137885E+08  0.297729E+04  0.000000E+00  0.110904E+08  0.135441E+08  0.523650E+00  0.137176E+08
  0.535406E-02  0.127339E+08  0.127214E+08 -0.312991E+04  0.000000E+00  0.996608E+07  0.124468E+08  0.523499E+00  0.126489E+08
  0.591306E-02  0.115226E+08  0.115081E+08 -0.193421E+04  0.000000E+00  0.874422E+07  0.111958E+08  0.523285E+00  0.114354E+08
  0.653042E-02  0.101665E+08  0.101497E+08 -0.389857E+04  0.000000E+00  0.743928E+07  0.979275E+07  0.522979E+00  0.100784E+08
  0.721223E-02  0.868341E+07  0.866384E+07 -0.170602E+04  0.000000E+00  0.609423E+07  0.825774E+07  0.522540E+00  0.859628E+07
  0.796523E-02  0.711591E+07  0.709309E+07 -0.240984E+03  0.000000E+00  0.476469E+07  0.663882E+07  0.521910E+00  0.703186E+07
  0.879684E-02  0.553782E+07  0.551117E+07  0.550115E+03  0.000000E+00  0.350629E+07  0.501897E+07  0.520998E+00  0.545845E+07
  0.971528E-02  0.405273E+07  0.402164E+07  0.370869E+03  0.000000E+00  0.238716E+07  0.351363E+07  0.519678E+00  0.397866E+07
  0.107296E-01  0.277671E+07  0.274051E+07  0.950756E+03  0.000000E+00  0.148690E+07  0.224940E+07  0.517783E+00  0.270754E+07
  0.118498E-01  0.180272E+07  0.176074E+07 -0.395613E+03  0.000000E+00  0.855114E+06  0.132186E+07  0.515116E+00  0.173693E+07
  0.130870E-01  0.115878E+07  0.111040E+07  0.630450E+02  0.000000E+00  0.476675E+06  0.747884E+06  0.511407E+00  0.109374E+07
  0.144534E-01  0.786943E+06  0.731696E+06 -0.583313E+02  0.000000E+00  0.278231E+06  0.446846E+06  0.506011E+00  0.719773E+06
  0.159624E-01  0.566598E+06  0.504263E+06  0.351917E+03  0.000000E+00  0.172334E+06  0.279978E+06  0.497847E+00  0.495536E+06
  0.176290E-01  0.395705E+06  0.326443E+06 -0.879071E+01  0.000000E+00  0.941945E+05  0.150910E+06  0.487025E+00  0.320336E+06
  0.194696E-01  0.242714E+06  0.167227E+06  0.450478E+02  0.000000E+00  0.389179E+05  0.600981E+05  0.475913E+00  0.163853E+06
  0.215023E-01  0.144447E+06  0.641106E+05  0.117700E+03  0.000000E+00  0.135252E+05  0.215961E+05  0.452017E+00  0.627805E+05
  0.237473E-01  0.654705E+05 -0.175007E+05 -0.100397E+03  0.000000E+00 -0.328372E+04 -0.525520E+04  0.422461E+00 -0.171269E+05
  0.262266E-01  0.134743E+05 -0.690322E+05 -0.575336E+02  0.000000E+00 -0.921937E+04 -0.121112E+05  0.412269E+00 -0.674595E+05
  0.289648E-01 -0.176506E+05 -0.958069E+05 -0.741099E+02  0.000000E+00 -0.109643E+05 -0.130609E+05  0.375980E+00 -0.935760E+05
  0.319889E-01 -0.306878E+05 -0.100174E+06 -0.314681E+01  0.000000E+00 -0.962467E+04 -0.102694E+05  0.344849E+00 -0.977928E+05
  0.351878E-01 -0.286551E+05 -0.859901E+05 -0.400150E+01  0.000000E+00 -0.696256E+04 -0.650721E+04  0.315776E+00 -0.839121E+05
  0.383867E-01 -0.150146E+05 -0.589063E+05  0.206096E+02  0.000000E+00 -0.412611E+04 -0.335260E+04  0.290017E+00 -0.574659E+05
  0.415856E-01  0.341703E+04 -0.274767E+05 -0.165730E+02  0.000000E+00 -0.184571E+04 -0.121211E+04  0.267939E+00 -0.268027E+05
  0.447845E-01  0.217115E+05  0.194862E+04  0.000000E+00  0.000000E+00  0.134360E+03  0.279507E+02  0.267010E+00  0.190092E+04
  0.479833E-01  0.356374E+05  0.241932E+05  0.000000E+00  0.000000E+00  0.129119E+04  0.596043E+03  0.240069E+00  0.235910E+05
  0.511822E-01  0.434871E+05  0.371664E+05  0.000000E+00  0.000000E+00  0.181388E+04  0.759558E+03  0.228781E+00  0.362369E+05
  0.543811E-01  0.449525E+05  0.407034E+05  0.000000E+00  0.000000E+00  0.182062E+04  0.701867E+03  0.215185E+00  0.396810E+05
  0.575800E-01  0.406201E+05  0.359398E+05  0.000000E+00  0.000000E+00  0.147328E+04  0.510196E+03  0.197180E+00  0.350336E+05
  0.607789E-01  0.319699E+05  0.251800E+05  0.000000E+00  0.000000E+00  0.967931E+03  0.266318E+03  0.186329E+00  0.245434E+05
  0.639778E-01  0.211393E+05  0.114746E+05  0.000000E+00  0.000000E+00  0.399443E+03  0.932494E+02  0.204880E+00  0.111834E+05
  0.671767E-01  0.103771E+05 -0.208083E+04  0.000000E+00  0.000000E+00 -0.634514E+02 -0.385677E+01  0.167174E+00 -0.202778E+04
  0.719509E-01 -0.189487E+04 -0.170196E+05  0.000000E+00  0.000000E+00 -0.511637E+03 -0.945075E+02  0.178442E+00 -0.165856E+05
  0.767251E-01 -0.663525E+04 -0.218254E+05  0.000000E+00  0.000000E+00 -0.593903E+03 -0.988406E+02  0.175770E+00 -0.212671E+05
  0.814993E-01 -0.512936E+04 -0.179219E+05  0.000000E+00  0.000000E+00 -0.446203E+03 -0.672327E+02  0.172194E+00 -0.174624E+05
  0.862735E-01  0.104253E+04 -0.802835E+04  0.000000E+00  0.000000E+00 -0.183853E+03 -0.264024E+02  0.164507E+00 -0.782208E+04
  0.910478E-01  0.825909E+04  0.285390E+04  0.000000E+00  0.000000E+00  0.601699E+02  0.902107E+01  0.192670E+00  0.278044E+04
  0.958220E-01  0.132292E+05  0.103447E+05  0.000000E+00  0.000000E+00  0.202834E+03  0.212003E+02  0.150532E+00  0.100780E+05
  0.100596E+00  0.144321E+05  0.124590E+05  0.000000E+00  0.000000E+00  0.227643E+03  0.186304E+02  0.170561E+00  0.121374E+05
  0.105370E+00  0.121631E+05  0.968186E+04  0.000000E+00  0.000000E+00  0.164630E+03  0.149875E+02  0.147984E+00  0.943162E+04
  0.110145E+00  0.778388E+04  0.400809E+04  0.000000E+00  0.000000E+00  0.637043E+02  0.439984E+01  0.184935E+00  0.390438E+04
  0.114919E+00  0.311090E+04 -0.198837E+04  0.000000E+00  0.000000E+00 -0.296140E+02 -0.297430E+01  0.188240E+00 -0.193687E+04
  0.119693E+00 -0.218547E+03 -0.607604E+04  0.000000E+00  0.000000E+00 -0.852668E+02 -0.409652E+01  0.158877E+00 -0.591852E+04
  0.124467E+00 -0.137006E+04 -0.716429E+04  0.000000E+00  0.000000E+00 -0.945147E+02 -0.511330E+01  0.151810E+00 -0.697840E+04
  0.129241E+00 -0.494276E+03 -0.550266E+04  0.000000E+00  0.000000E+00 -0.686508E+02 -0.397728E+01  0.154667E+00 -0.535978E+04
  0.134016E+00  0.157703E+04 -0.226236E+04  0.000000E+00  0.000000E+00 -0.266422E+02 -0.164681E+01  0.169662E+00 -0.220357E+04
  0.138790E+00  0.382163E+04  0.112198E+04  0.000000E+00  0.000000E+00  0.124696E+02  0.598856E+00  0.107133E+00  0.109281E+04
  0.143564E+00  0.537617E+04  0.346526E+04  0.000000E+00  0.000000E+00  0.366307E+02  0.191031E+01  0.138975E+00  0.337511E+04
  0.148338E+00  0.576372E+04  0.414917E+04  0.000000E+00  0.000000E+00  0.416107E+02  0.211092E+01  0.142079E+00  0.404117E+04
  0.153113E+00  0.501250E+04  0.325474E+04  0.000000E+00  0.000000E+00  0.309947E+02  0.150322E+01  0.137576E+00  0.316998E+04
  0.157887E+00  0.355591E+04  0.140467E+04  0.000000E+00  0.000000E+00  0.128452E+02  0.516476E+00  0.114478E+00  0.136808E+04
  0.162661E+00  0.199960E+04 -0.562629E+03  0.000000E+00  0.000000E+00 -0.489631E+01 -0.379900E+00  0.222082E+00 -0.547964E+03
  0.167435E+00  0.862528E+03 -0.194059E+04  0.000000E+00  0.000000E+00 -0.160888E+02 -0.777721E+00  0.155498E+00 -0.188998E+04
  0.172209E+00  0.409151E+03 -0.237698E+04  0.000000E+00  0.000000E+00 -0.187755E+02 -0.585504E+00  0.143284E+00 -0.231497E+04
  0.176984E+00  0.616992E+03 -0.191557E+04  0.000000E+00  0.000000E+00 -0.144891E+02 -0.122094E+00  0.146890E+00 -0.186558E+04
  0.181758E+00  0.124514E+04 -0.897632E+03  0.000000E+00  0.000000E+00 -0.650201E+01 -0.540743E-01  0.184624E+00 -0.874201E+03
  0.186532E+00  0.197053E+04  0.225056E+03  0.000000E+00  0.000000E+00  0.153333E+01 -0.252804E+00  0.165127E+00  0.219179E+03
  0.191306E+00  0.250268E+04  0.105453E+04  0.000000E+00  0.000000E+00  0.702977E+01  0.342267E+00  0.180555E+00  0.102699E+04
  0.196080E+00  0.266626E+04  0.136148E+04  0.000000E+00  0.000000E+00  0.867731E+01  0.139244E+00  0.124047E+00  0.132590E+04
  0.200855E+00  0.245411E+04  0.114600E+04  0.000000E+00  0.000000E+00  0.705019E+01  0.252802E-01  0.185315E+00  0.111605E+04
  0.205629E+00  0.199450E+04  0.590253E+03  0.000000E+00  0.000000E+00  0.348191E+01  0.182470E+00  0.101674E+00  0.574825E+03
  0.210403E+00  0.146860E+04 -0.518330E+02  0.000000E+00  0.000000E+00 -0.323653E+00 -0.998902E-01 -0.363654E+00 -0.504786E+02
  0.215177E+00  0.103979E+04 -0.553378E+03  0.000000E+00  0.000000E+00 -0.299183E+01 -0.823385E-02  0.199468E+00 -0.538906E+03
  0.219952E+00  0.813988E+03 -0.773472E+03  0.000000E+00  0.000000E+00 -0.409511E+01 -0.222641E-01  0.124436E+00 -0.753242E+03
  0.224726E+00  0.816067E+03 -0.686631E+03  0.000000E+00  0.000000E+00 -0.351707E+01 -0.151127E+00  0.171337E+00 -0.668669E+03
  0.229500E+00  0.982236E+03 -0.383803E+03  0.000000E+00  0.000000E+00 -0.188066E+01  0.951699E-01  0.170912E+00 -0.373761E+03
  0.234274E+00  0.120328E+04 -0.143100E+02  0.000000E+00  0.000000E+00 -0.727464E-01 -0.191102E-01 -0.150377E+01 -0.139356E+02
  0.239048E+00  0.138047E+04  0.286267E+03  0.000000E+00  0.000000E+00  0.130607E+01 -0.105333E+00  0.120525E+00  0.278774E+03
  0.243823E+00  0.145126E+04  0.433470E+03  0.000000E+00  0.000000E+00  0.191733E+01  0.727029E-01  0.979316E-01  0.422122E+03
  0.248597E+00  0.140013E+04  0.409051E+03  0.000000E+00  0.000000E+00  0.175590E+01  0.136211E+00  0.168083E+00  0.398342E+03
  0.253371E+00  0.125470E+04  0.254282E+03  0.000000E+00  0.000000E+00  0.105993E+01  0.237735E-01  0.248001E+00  0.247624E+03
  0.258145E+00  0.106967E+04  0.460958E+02  0.000000E+00  0.000000E+00  0.187727E+00 -0.747504E-01  0.462298E+00  0.448887E+02
  0.262919E+00  0.903126E+03 -0.135674E+03  0.000000E+00  0.000000E+00 -0.531643E+00 -0.909567E-01  0.173913E+00 -0.132120E+03
  0.267694E+00  0.794872E+03 -0.236980E+03  0.000000E+00  0.000000E+00 -0.909538E+00 -0.637577E-01  0.208789E+00 -0.230773E+03
  0.272468E+00  0.759152E+03 -0.240035E+03  0.000000E+00  0.000000E+00 -0.866179E+00 -0.324718E-01  0.223937E+00 -0.233746E+03
  0.277242E+00  0.783428E+03 -0.163514E+03  0.000000E+00  0.000000E+00 -0.588353E+00 -0.112173E-01  0.262288E+00 -0.159230E+03
  0.282016E+00  0.838332E+03 -0.485861E+02  0.000000E+00  0.000000E+00 -0.172923E+00 -0.206529E-02  0.525854E+00 -0.473131E+02
  0.286791E+00  0.892151E+03  0.606129E+02  0.000000E+00  0.000000E+00  0.209909E+00 -0.563264E-02 -0.150982E+00  0.590246E+02
  0.291565E+00  0.918528E+03  0.128886E+03  0.000000E+00  0.000000E+00  0.418447E+00 -0.210691E-01  0.182632E-01  0.125508E+03
  0.296339E+00  0.905304E+03  0.141029E+03  0.000000E+00  0.000000E+00  0.449457E+00 -0.423490E-01  0.643764E-01  0.137332E+03
  0.301113E+00  0.857324E+03  0.104517E+03  0.000000E+00  0.000000E+00  0.312116E+00 -0.552197E-01  0.132143E+00  0.101777E+03
  0.305887E+00  0.790680E+03  0.417646E+02  0.000000E+00  0.000000E+00  0.131128E+00 -0.413910E-01  0.408591E+00  0.406698E+02
  0.310662E+00  0.724151E+03 -0.212511E+02  0.000000E+00  0.000000E+00 -0.654356E-01  0.205676E-02 -0.614572E+00 -0.206940E+02
  0.315436E+00  0.671637E+03 -0.650565E+02  0.000000E+00  0.000000E+00 -0.182198E+00  0.408758E-01  0.593726E-01 -0.633507E+02
  0.320210E+00  0.641031E+03 -0.792592E+02  0.000000E+00  0.000000E+00 -0.219635E+00  0.259731E-01  0.299278E+00 -0.771809E+02
  0.324984E+00  0.632419E+03 -0.645252E+02  0.000000E+00  0.000000E+00 -0.178995E+00 -0.286240E-01  0.318904E+00 -0.628333E+02
  0.329758E+00  0.637996E+03 -0.317622E+02  0.000000E+00  0.000000E+00 -0.750971E-01 -0.283378E-01 -0.167831E+00 -0.309290E+02
  0.334533E+00  0.647507E+03  0.481561E+01  0.000000E+00  0.000000E+00  0.121585E-01  0.310899E-01  0.181352E+01  0.468930E+01
  0.339307E+00  0.651747E+03  0.326637E+02  0.000000E+00  0.000000E+00  0.762055E-01  0.101821E-01 -0.272502E+00  0.318069E+02
  0.344081E+00  0.645413E+03  0.447230E+02  0.000000E+00  0.000000E+00  0.112167E+00 -0.338243E-01  0.223967E+00  0.435500E+02
  0.348855E+00  0.627731E+03  0.402963E+02  0.000000E+00  0.000000E+00  0.999559E-01  0.260494E-01  0.378117E+00  0.392394E+02
  0.353629E+00  0.601494E+03  0.237019E+02  0.000000E+00  0.000000E+00  0.549276E-01 -0.241446E-02 -0.421243E+00  0.230802E+02
  0.358404E+00  0.572528E+03  0.297215E+01  0.000000E+00  0.000000E+00  0.287195E-02 -0.156476E-01  0.405598E+01  0.289407E+01
  0.363178E+00  0.546363E+03 -0.143222E+02  0.000000E+00  0.000000E+00 -0.315572E-01  0.242441E-01  0.613804E+00 -0.139465E+02
  0.367952E+00  0.526579E+03 -0.233339E+02  0.000000E+00  0.000000E+00 -0.490832E-01 -0.266024E-01  0.516532E-01 -0.227216E+02
  0.372726E+00  0.514195E+03 -0.227996E+02  0.000000E+00  0.000000E+00 -0.498314E-01  0.254639E-01  0.147917E+00 -0.222015E+02
  0.377501E+00  0.507416E+03 -0.151474E+02  0.000000E+00  0.000000E+00 -0.281284E-01 -0.246554E-01  0.208934E+00 -0.147499E+02
  0.382275E+00  0.503658E+03 -0.408606E+01  0.000000E+00  0.000000E+00 -0.113349E-01  0.236475E-01  0.165645E+00 -0.397892E+01
  0.387049E+00  0.499954E+03  0.626844E+01  0.000000E+00  0.000000E+00  0.188643E-01 -0.222579E-01  0.565045E+00  0.610411E+01
  0.391823E+00  0.493877E+03  0.126929E+02  0.000000E+00  0.000000E+00  0.247863E-01  0.186749E-01 -0.332697E+00  0.123598E+02
  0.396597E+00  0.484490E+03  0.139915E+02  0.000000E+00  0.000000E+00  0.253725E-01 -0.104403E-01  0.861680E+00  0.136243E+02
  0.401372E+00  0.472009E+03  0.106351E+02  0.000000E+00  0.000000E+00  0.196428E-01 -0.183069E-02 -0.893314E+00  0.103560E+02
  0.406146E+00  0.458011E+03  0.479658E+01  0.000000E+00  0.000000E+00  0.102408E-01  0.144657E-01  0.164507E+01  0.467073E+01
  0.410920E+00  0.444147E+03 -0.120223E+01  0.000000E+00  0.000000E+00  0.694392E-03 -0.183117E-01 -0.105703E+01 -0.117060E+01
  0.415694E+00  0.431654E+03 -0.559422E+01  0.000000E+00  0.000000E+00 -0.152247E-01  0.717110E-02  0.187336E+01 -0.544752E+01
  0.420468E+00  0.421514E+03 -0.714505E+01  0.000000E+00  0.000000E+00 -0.860325E-02  0.110372E-01 -0.940900E+00 -0.695740E+01
  0.425243E+00  0.413618E+03 -0.600691E+01  0.000000E+00  0.000000E+00 -0.907084E-02 -0.150633E-01 -0.490950E+00 -0.584921E+01
  0.430017E+00  0.407306E+03 -0.310205E+01  0.000000E+00  0.000000E+00 -0.585120E-02 -0.325801E-02  0.326668E+01 -0.302063E+01
  0.434791E+00  0.401613E+03  0.255984E+00  0.000000E+00  0.000000E+00  0.588344E-03  0.150088E-01 -0.397007E+01  0.249269E+00
  0.439565E+00  0.395619E+03  0.284555E+01  0.000000E+00  0.000000E+00  0.461967E-02  0.285253E-02  0.346110E+01  0.277085E+01
  0.444340E+00  0.388988E+03  0.416507E+01  0.000000E+00  0.000000E+00  0.887976E-02 -0.131269E-01  0.995150E+00  0.405579E+01
  0.449114E+00  0.381481E+03  0.396798E+01  0.000000E+00  0.000000E+00  0.881004E-02 -0.835614E-02 -0.172555E+01  0.386388E+01
  0.453888E+00  0.373349E+03  0.263157E+01  0.000000E+00  0.000000E+00  0.245161E-02  0.623110E-02 -0.288873E+01  0.256244E+01
  0.458662E+00  0.365092E+03  0.850224E+00  0.000000E+00  0.000000E+00  0.973992E-03  0.125923E-01 -0.181397E+00  0.827894E+00
  0.463436E+00  0.357078E+03 -0.816813E+00  0.000000E+00  0.000000E+00  0.282882E-03  0.757441E-02 -0.877177E+01 -0.795329E+00
  0.468211E+00  0.349778E+03 -0.177013E+01  0.000000E+00  0.000000E+00 -0.114079E-02 -0.160493E-02 -0.472035E+01 -0.172361E+01
  0.472985E+00  0.343238E+03 -0.192042E+01  0.000000E+00  0.000000E+00 -0.541212E-02 -0.837360E-02 -0.278384E+01 -0.187007E+01
  0.477759E+00  0.337366E+03 -0.139621E+01  0.000000E+00  0.000000E+00 -0.995774E-03 -0.107703E-01 -0.697395E+00 -0.135953E+01
  0.482533E+00  0.332005E+03 -0.438714E+00  0.000000E+00  0.000000E+00  0.147425E-02 -0.994486E-02  0.567459E+01 -0.427140E+00
  0.487307E+00  0.326778E+03  0.478661E+00  0.000000E+00  0.000000E+00 -0.398927E-03 -0.778082E-02 -0.119762E+02  0.466064E+00
  0.492082E+00  0.321544E+03  0.114320E+01  0.000000E+00  0.000000E+00  0.327862E-02 -0.565533E-02 -0.582083E+01  0.111323E+01
  0.496856E+00  0.316131E+03  0.135554E+01  0.000000E+00  0.000000E+00 -0.233280E-03 -0.423038E-02 -0.523155E+01  0.131989E+01
  0.501630E+00  0.310552E+03  0.114256E+01  0.000000E+00  0.000000E+00  0.403375E-02 -0.372306E-02 -0.628179E+01  0.111262E+01
  0.506404E+00  0.304984E+03  0.731049E+00  0.000000E+00  0.000000E+00  0.127502E-02 -0.408542E-02 -0.959298E+01  0.711860E+00
  0.511179E+00  0.299450E+03  0.202721E+00  0.000000E+00  0.000000E+00  0.604195E-03 -0.515874E-02 -0.348605E+02  0.197407E+00
  0.515953E+00  0.294135E+03 -0.206135E+00  0.000000E+00  0.000000E+00 -0.570750E-03 -0.657992E-02  0.193334E+02 -0.200730E+00
  0.520727E+00  0.289099E+03 -0.403470E+00  0.000000E+00  0.000000E+00  0.488628E-03 -0.772720E-02  0.489896E+01 -0.392848E+00
  0.525501E+00  0.284333E+03 -0.392471E+00  0.000000E+00  0.000000E+00  0.941163E-03 -0.766633E-02 -0.299158E+01 -0.382127E+00
  0.530275E+00  0.279859E+03 -0.163058E+00  0.000000E+00  0.000000E+00 -0.311704E-02 -0.548852E-02 -0.258318E+02 -0.158852E+00
  0.535050E+00  0.275516E+03  0.977087E-01  0.000000E+00  0.000000E+00  0.718479E-03 -0.101170E-02  0.769158E+02  0.951584E-01
  0.539824E+00  0.271283E+03  0.347826E+00  0.000000E+00  0.000000E+00  0.164633E-02  0.420442E-02  0.155232E+02  0.338724E+00
  0.544598E+00  0.267107E+03  0.518506E+00  0.000000E+00  0.000000E+00  0.482975E-03  0.687922E-02  0.989244E+00  0.504885E+00
  0.549372E+00  0.262911E+03  0.529460E+00  0.000000E+00  0.000000E+00  0.579395E-03  0.416007E-02 -0.961435E+01  0.515553E+00
  0.554146E+00  0.258771E+03  0.468206E+00  0.000000E+00  0.000000E+00  0.633816E-03 -0.247351E-02 -0.136410E+02  0.455912E+00
  0.558921E+00  0.254653E+03  0.316921E+00  0.000000E+00  0.000000E+00  0.585304E-03 -0.628912E-02 -0.342050E+00  0.308603E+00
  0.563695E+00  0.250638E+03  0.172976E+00  0.000000E+00  0.000000E+00  0.141442E-02 -0.203844E-02  0.386147E+02  0.168465E+00
  0.568469E+00  0.246757E+03  0.835068E-01  0.000000E+00  0.000000E+00 -0.494043E-03  0.500536E-02  0.318604E+02  0.812981E-01
  0.573243E+00  0.242971E+03  0.179629E-01  0.000000E+00  0.000000E+00 -0.264869E-03  0.369793E-02 -0.131234E+03  0.174837E-01
  0.578018E+00  0.239348E+03  0.447420E-01  0.000000E+00  0.000000E+00  0.166398E-03 -0.413512E-02 -0.187750E+03  0.435699E-01
  0.582792E+00  0.235815E+03  0.895289E-01  0.000000E+00  0.000000E+00  0.186445E-02 -0.344974E-02  0.683662E+02  0.872238E-01
  0.587566E+00  0.232380E+03  0.153130E+00  0.000000E+00  0.000000E+00 -0.180602E-02  0.450680E-02  0.183806E+02  0.149056E+00
  0.592340E+00  0.229034E+03  0.223923E+00  0.000000E+00  0.000000E+00 -0.147646E-03  0.160391E-02 -0.249088E+02  0.218031E+00
  0.597114E+00  0.225714E+03  0.236272E+00  0.000000E+00  0.000000E+00  0.110023E-02 -0.498904E-02  0.191297E+00  0.230089E+00
  0.601889E+00  0.222473E+03  0.245225E+00  0.000000E+00  0.000000E+00 -0.562511E-03  0.191826E-02  0.216629E+02  0.238762E+00
  0.606663E+00  0.219271E+03  0.214538E+00  0.000000E+00  0.000000E+00  0.855855E-03  0.293395E-02 -0.199823E+02  0.208919E+00
  0.611437E+00  0.216125E+03  0.167060E+00  0.000000E+00  0.000000E+00 -0.565423E-03 -0.456939E-02 -0.355284E+01  0.162652E+00
  0.616211E+00  0.213069E+03  0.143226E+00  0.000000E+00  0.000000E+00  0.144365E-02  0.242201E-02  0.312124E+02  0.139498E+00
  0.662861E+00  0.186481E+03  0.100275E+00  0.000000E+00  0.000000E+00 -0.903832E-03  0.230808E-02  0.342438E+02  0.976150E-01
  0.713042E+00  0.163223E+03  0.956904E-01  0.000000E+00  0.000000E+00  0.102071E-03  0.365678E-03 -0.466221E+02  0.931770E-01
  0.767022E+00  0.142843E+03  0.909164E-01  0.000000E+00  0.000000E+00 -0.149142E-04 -0.175758E-02 -0.262476E+02  0.885255E-01
  0.825088E+00  0.124984E+03  0.842839E-01  0.000000E+00  0.000000E+00  0.139659E-03  0.148642E-02  0.143691E+02  0.820714E-01
  0.887550E+00  0.109325E+03  0.561576E-01  0.000000E+00  0.000000E+00 -0.150231E-03 -0.891947E-03 -0.435280E+02  0.546771E-01
  0.954741E+00  0.956261E+02  0.423177E-01  0.000000E+00  0.000000E+00 -0.335570E-04 -0.456775E-03 -0.642337E+02  0.412041E-01
  0.102702E+01  0.836441E+02  0.460921E-01  0.000000E+00  0.000000E+00 -0.150155E-03 -0.707843E-03 -0.220155E+02  0.448762E-01
  0.103082E+01  0.830780E+02  0.448406E-01  0.000000E+00  0.000000E+00  0.123015E-03 -0.579022E-03 -0.405500E+02  0.436648E-01
  0.104118E+01  0.815686E+02  0.470565E-01  0.000000E+00  0.000000E+00  0.139576E-03  0.553955E-03  0.346805E+02  0.458228E-01
  0.105164E+01  0.800852E+02  0.478807E-01  0.000000E+00  0.000000E+00  0.268232E-03 -0.672070E-03  0.196096E+02  0.466288E-01
  0.106221E+01  0.786277E+02  0.475830E-01  0.000000E+00  0.000000E+00  0.168913E-03 -0.530547E-03 -0.375604E+02  0.463363E-01
  0.107288E+01  0.771959E+02  0.467820E-01  0.000000E+00  0.000000E+00 -0.202728E-03 -0.544171E-03 -0.353254E+02  0.455465E-01
  0.108367E+01  0.757898E+02  0.456604E-01  0.000000E+00  0.000000E+00 -0.229369E-03 -0.575903E-03  0.306110E+02  0.444538E-01
  0.109456E+01  0.744090E+02  0.443741E-01  0.000000E+00  0.000000E+00  0.249476E-03  0.612079E-03  0.189097E+02  0.432139E-01
  0.110556E+01  0.730533E+02  0.430943E-01  0.000000E+00  0.000000E+00  0.224522E-03 -0.638126E-03 -0.623099E+01  0.419670E-01
  0.111667E+01  0.717217E+02  0.414127E-01  0.000000E+00  0.000000E+00 -0.277990E-03  0.179340E-03 -0.594734E+02  0.403165E-01
  0.112789E+01  0.704140E+02  0.396941E-01  0.000000E+00  0.000000E+00 -0.158682E-03  0.486810E-03 -0.394258E+02  0.386462E-01
  0.113923E+01  0.691298E+02  0.377107E-01  0.000000E+00  0.000000E+00  0.272046E-03  0.201932E-03 -0.655542E+02  0.367263E-01
  0.115068E+01  0.678679E+02  0.350433E-01  0.000000E+00  0.000000E+00  0.104937E-03 -0.612598E-03 -0.140190E+02  0.341246E-01
  0.116224E+01  0.666289E+02  0.322036E-01  0.000000E+00  0.000000E+00  0.573640E-04  0.575606E-03  0.304208E+02  0.313584E-01
  0.117392E+01  0.654120E+02  0.293424E-01  0.000000E+00  0.000000E+00 -0.102607E-03 -0.519857E-03  0.608458E+02  0.285682E-01
  0.118572E+01  0.642174E+02  0.268249E-01  0.000000E+00  0.000000E+00  0.341276E-04 -0.598868E-03 -0.423473E+02  0.261205E-01
  0.119764E+01  0.630448E+02  0.248918E-01  0.000000E+00  0.000000E+00 -0.165737E-03 -0.648548E-03 -0.751180E+01  0.242329E-01
  0.120967E+01  0.618939E+02  0.232365E-01  0.000000E+00  0.000000E+00  0.169447E-03 -0.655617E-04  0.141387E+03  0.226300E-01
  0.122183E+01  0.607640E+02  0.218976E-01  0.000000E+00  0.000000E+00 -0.141792E-03  0.297550E-03 -0.132022E+03  0.213181E-01
  0.123411E+01  0.596551E+02  0.212555E-01  0.000000E+00  0.000000E+00 -0.549983E-04  0.337653E-03  0.141075E+03  0.206952E-01
  0.124651E+01  0.585671E+02  0.212489E-01  0.000000E+00  0.000000E+00  0.971996E-04 -0.329035E-03  0.183790E+03  0.206928E-01
  0.125904E+01  0.574992E+02  0.215863E-01  0.000000E+00  0.000000E+00 -0.137854E-03 -0.617983E-04  0.203228E+03  0.210150E-01
  0.127170E+01  0.564510E+02  0.223442E-01  0.000000E+00  0.000000E+00  0.922499E-04  0.893915E-03 -0.899020E+01  0.217591E-01
  0.128448E+01  0.554218E+02  0.229591E-01  0.000000E+00  0.000000E+00  0.802221E-04 -0.985479E-03 -0.181155E+02  0.223575E-01
  0.129739E+01  0.544114E+02  0.237028E-01  0.000000E+00  0.000000E+00  0.150969E-03  0.422996E-03 -0.219480E+03  0.230835E-01
  0.131042E+01  0.534192E+02  0.242160E-01  0.000000E+00  0.000000E+00  0.139584E-03  0.102272E-02 -0.142950E+03  0.235830E-01
  0.132359E+01  0.524450E+02  0.247716E-01  0.000000E+00  0.000000E+00 -0.399659E-04  0.138360E-03 -0.333984E+03  0.241192E-01
  0.133690E+01  0.514885E+02  0.252936E-01  0.000000E+00  0.000000E+00 -0.111288E-03 -0.148051E-02  0.328174E+03  0.246256E-01
  0.135033E+01  0.505492E+02  0.257791E-01  0.000000E+00  0.000000E+00 -0.171315E-03  0.989138E-03 -0.374806E+03  0.250967E-01
  0.136390E+01  0.496271E+02  0.263035E-01  0.000000E+00  0.000000E+00 -0.686470E-04  0.273534E-02  0.429485E+02  0.256100E-01
  0.137761E+01  0.487211E+02  0.262959E-01  0.000000E+00  0.000000E+00  0.297007E-04  0.343960E-02 -0.400588E+02  0.256052E-01
  0.139146E+01  0.478307E+02  0.255438E-01  0.000000E+00  0.000000E+00  0.360872E-04  0.482302E-03 -0.851269E+03  0.248731E-01
  0.140544E+01  0.469557E+02  0.240400E-01  0.000000E+00  0.000000E+00  0.703608E-04 -0.208675E-02  0.168239E+04  0.234097E-01
  0.141957E+01  0.460944E+02  0.204217E-01  0.000000E+00  0.000000E+00 -0.727413E-04 -0.201493E-02 -0.239511E+04  0.198828E-01
  0.143383E+01  0.452514E+02  0.195854E-01  0.000000E+00  0.000000E+00 -0.398528E-04  0.832332E-03 -0.113761E+04  0.190694E-01
  0.144824E+01  0.444247E+02  0.197185E-01  0.000000E+00  0.000000E+00  0.708426E-04 -0.213079E-02 -0.296227E+04  0.192019E-01
  0.146280E+01  0.436120E+02  0.187993E-01  0.000000E+00  0.000000E+00  0.135997E-04 -0.121989E-02  0.231993E+04  0.183054E-01
  0.147750E+01  0.428135E+02  0.173709E-01  0.000000E+00  0.000000E+00  0.339781E-06 -0.149753E-02 -0.306166E+04  0.169142E-01
  0.149235E+01  0.420291E+02  0.154844E-01  0.000000E+00  0.000000E+00  0.217715E-04  0.256789E-02 -0.877278E+03  0.150779E-01
