    0.999999974737875163555145263671875000000000E-04    0.443888275146484375000000000000000000000000E+03
    0.102020130725577473640441894531250000000000E-03    0.452538696289062500000000000000000000000000E+03
    0.104081082099582999944686889648437500000000E-03    0.461357513427734375000000000000000000000000E+03
    0.106183659227099269628524780273437500000000E-03    0.470347900390625000000000000000000000000000E+03
    0.108328706119209527969360351562500000000000E-03    0.479513397216796875000000000000000000000000E+03
    0.110517095890827476978302001953125000000000E-03    0.488857177734375000000000000000000000000000E+03
    0.112749679828993976116180419921875000000000E-03    0.498382843017578125000000000000000000000000E+03
    0.115027374704368412494659423828125000000000E-03    0.508093933105468750000000000000000000000000E+03
    0.117351090011652559041976928710937500000000E-03    0.517993896484375000000000000000000000000000E+03
    0.119721727969590574502944946289062500000000E-03    0.528086486816406250000000000000000000000000E+03
    0.122140278108417987823486328125000000000000E-03    0.538375488281250000000000000000000000000000E+03
    0.124607671750709414482116699218750000000000E-03    0.548864624023437500000000000000000000000000E+03
    0.127124920254573225975036621093750000000000E-03    0.559557800292968750000000000000000000000000E+03
    0.129692998598329722881317138671875000000000E-03    0.570458923339843750000000000000000000000000E+03
    0.132312969071790575981140136718750000000000E-03    0.581572082519531250000000000000000000000000E+03
    0.134985879412852227687835693359375000000000E-03    0.592901367187500000000000000000000000000000E+03
    0.137712777359411120414733886718750000000000E-03    0.604450866699218750000000000000000000000000E+03
    0.140494754305109381675720214843750000000000E-03    0.616225036621093750000000000000000000000000E+03
    0.143332930747419595718383789062500000000000E-03    0.628227966308593750000000000000000000000000E+03
    0.146228456287644803524017333984375000000000E-03    0.640464233398437500000000000000000000000000E+03
    0.149182465975172817707061767578125000000000E-03    0.652938293457031250000000000000000000000000E+03
    0.152196153067052364349365234375000000000000E-03    0.665654785156250000000000000000000000000000E+03
    0.155270710820332169532775878906250000000000E-03    0.678618408203125000000000000000000000000000E+03
    0.158407390699721872806549072265625000000000E-03    0.691833740234375000000000000000000000000000E+03
    0.161607444169931113719940185546875000000000E-03    0.705305908203125000000000000000000000000000E+03
    0.164872122695669531822204589843750000000000E-03    0.719039550781250000000000000000000000000000E+03
    0.168202750501222908496856689453125000000000E-03    0.733040039062500000000000000000000000000000E+03
    0.171600666362792253494262695312500000000000E-03    0.747312194824218750000000000000000000000000E+03
    0.175067238160409033298492431640625000000000E-03    0.761861511230468750000000000000000000000000E+03
    0.178603833774104714393615722656250000000000E-03    0.776693237304687500000000000000000000000000E+03
    0.182211864739656448364257812500000000000000E-03    0.791812622070312500000000000000000000000000E+03
    0.185892800800502300262451171875000000000000E-03    0.807225585937500000000000000000000000000000E+03
    0.189648068044334650039672851562500000000000E-03    0.822937316894531250000000000000000000000000E+03
    0.193479223526082932949066162109375000000000E-03    0.838953735351562500000000000000000000000000E+03
    0.197387780644930899143218994140625000000000E-03    0.855280822753906250000000000000000000000000E+03
    0.201375267351977527141571044921875000000000E-03    0.871924255371093750000000000000000000000000E+03
    0.205443298909813165664672851562500000000000E-03    0.888890319824218750000000000000000000000000E+03
    0.209593548788689076900482177734375000000000E-03    0.906185241699218750000000000000000000000000E+03
    0.213827603147365152835845947265625000000000E-03    0.923815002441406250000000000000000000000000E+03
    0.218147222767584025859832763671875000000000E-03    0.941786254882812500000000000000000000000000E+03
    0.222554081119596958160400390625000000000000E-03    0.960105346679687500000000000000000000000000E+03
    0.227049968088977038860321044921875000000000E-03    0.978779235839843750000000000000000000000000E+03
    0.231636688113212585449218750000000000000000E-03    0.997814270019531250000000000000000000000000E+03
    0.236316060181707143783569335937500000000000E-03    0.101721746826171875000000000000000000000000E+04
    0.241089961491525173187255859375000000000000E-03    0.103699609375000000000000000000000000000000E+04
    0.245960312895476818084716796875000000000000E-03    0.105715698242187500000000000000000000000000E+04
    0.250929006142541766166687011718750000000000E-03    0.107770751953125000000000000000000000000000E+04
    0.255998136708512902259826660156250000000000E-03    0.109865502929687500000000000000000000000000E+04
    0.261169654550030827522277832031250000000000E-03    0.112000695800781250000000000000000000000000E+04
    0.266445596935227513313293457031250000000000E-03    0.114177124023437500000000000000000000000000E+04
    0.271828175755217671394348144531250000000000E-03    0.116395556640625000000000000000000000000000E+04
    0.277319486485794186592102050781250000000000E-03    0.118656774902343750000000000000000000000000E+04
    0.282921682810410857200622558593750000000000E-03    0.120961596679687500000000000000000000000000E+04
    0.288637093035504221916198730468750000000000E-03    0.123310827636718750000000000000000000000000E+04
    0.294467929052188992500305175781250000000000E-03    0.125705322265625000000000000000000000000000E+04
    0.300416606478393077850341796875000000000000E-03    0.128145910644531250000000000000000000000000E+04
    0.306485395412892103195190429687500000000000E-03    0.130633496093750000000000000000000000000000E+04
    0.312676827888935804367065429687500000000000E-03    0.133168920898437500000000000000000000000000E+04
    0.318993290420621633529663085937500000000000E-03    0.135753112792968750000000000000000000000000E+04
    0.325437402352690696716308593750000000000000E-03    0.138386950683593750000000000000000000000000E+04
    0.332011666614562273025512695312500000000000E-03    0.141071386718750000000000000000000000000000E+04
    0.338718760758638381958007812500000000000000E-03    0.143807348632812500000000000000000000000000E+04
    0.345561362337321043014526367187500000000000E-03    0.146595800781250000000000000000000000000000E+04
    0.352542119799181818962097167968750000000000E-03    0.149437719726562500000000000000000000000000E+04
    0.359663943527266383171081542968750000000000E-03    0.152334094238281250000000000000000000000000E+04
    0.366929627489298582077026367187500000000000E-03    0.155285925292968750000000000000000000000000E+04
    0.374342111172154545783996582031250000000000E-03    0.158294213867187500000000000000000000000000E+04
    0.381904304958879947662353515625000000000000E-03    0.161360070800781250000000000000000000000000E+04
    0.389619322959333658218383789062500000000000E-03    0.164484509277343750000000000000000000000000E+04
    0.397490162868052721023559570312500000000000E-03    0.167668579101562500000000000000000000000000E+04
    0.405519997002556920051574707031250000000000E-03    0.170913427734375000000000000000000000000000E+04
    0.413712026784196496009826660156250000000000E-03    0.174220141601562500000000000000000000000000E+04
    0.422069540945813059806823730468750000000000E-03    0.177589807128906250000000000000000000000000E+04
    0.430595915531739592552185058593750000000000E-03    0.181023669433593750000000000000000000000000E+04
    0.439294555690139532089233398437500000000000E-03    0.184522814941406250000000000000000000000000E+04
    0.448168895673006772994995117187500000000000E-03    0.188088403320312500000000000000000000000000E+04
    0.457222486147657036781311035156250000000000E-03    0.191721716308593750000000000000000000000000E+04
    0.466458965092897415161132812500000000000000E-03    0.195423937988281250000000000000000000000000E+04
    0.475882086902856826782226562500000000000000E-03    0.199196301269531250000000000000000000000000E+04
    0.485495518660172820091247558593750000000000E-03    0.203040039062500000000000000000000000000000E+04
    0.495303189381957054138183593750000000000000E-03    0.206956445312500000000000000000000000000000E+04
    0.505309028085321187973022460937500000000000E-03    0.210946875000000000000000000000000000000000E+04
    0.515516963787376880645751953125000000000000E-03    0.215012548828125000000000000000000000000000E+04
    0.525931071024388074874877929687500000000000E-03    0.219154809570312500000000000000000000000000E+04
    0.536555540747940540313720703125000000000000E-03    0.223375073242187500000000000000000000000000E+04
    0.547394680324941873550415039062500000000000E-03    0.227674682617187500000000000000000000000000E+04
    0.558452797122299671173095703125000000000000E-03    0.232055029296875000000000000000000000000000E+04
    0.569734314922243356704711914062500000000000E-03    0.236517504882812500000000000000000000000000E+04
    0.581243715714663267135620117187500000000000E-03    0.241063574218750000000000000000000000000000E+04
    0.592985597904771566390991210937500000000000E-03    0.245694604492187500000000000000000000000000E+04
    0.604964734520763158798217773437500000000000E-03    0.250412182617187500000000000000000000000000E+04
    0.617185782175511121749877929687500000000000E-03    0.255217724609375000000000000000000000000000E+04
    0.629653746727854013442993164062500000000000E-03    0.260112744140625000000000000000000000000000E+04
    0.642373692244291305541992187500000000000000E-03    0.265098828125000000000000000000000000000000E+04
    0.655350449960678815841674804687500000000000E-03    0.270177441406250000000000000000000000000000E+04
    0.668589433189481496810913085937500000000000E-03    0.275350195312500000000000000000000000000000E+04
    0.682095822412520647048950195312500000000000E-03    0.280618627929687500000000000000000000000000E+04
    0.695875030942261219024658203125000000000000E-03    0.285984448242187500000000000000000000000000E+04
    0.709932646714150905609130859375000000000000E-03    0.291449218750000000000000000000000000000000E+04
    0.724274199455976486206054687500000000000000E-03    0.297014550781250000000000000000000000000000E+04
    0.738905626349151134490966796875000000000000E-03    0.302682202148437500000000000000000000000000E+04
    0.753832457121461629867553710937500000000000E-03    0.308453710937500000000000000000000000000000E+04
    0.769060861784964799880981445312500000000000E-03    0.314330932617187500000000000000000000000000E+04
    0.784596893936395645141601562500000000000000E-03    0.320315502929687500000000000000000000000000E+04
    0.800446781795471906661987304687500000000000E-03    0.326409179687500000000000000000000000000000E+04
    0.816616869997233152389526367187500000000000E-03    0.332613696289062500000000000000000000000000E+04
    0.833113677799701690673828125000000000000000E-03    0.338930859375000000000000000000000000000000E+04
    0.849943608045578002929687500000000000000000E-03    0.345362377929687500000000000000000000000000E+04
    0.867113587446510791778564453125000000000000E-03    0.351910205078125000000000000000000000000000E+04
    0.884630659129470586776733398437500000000000E-03    0.358575952148437500000000000000000000000000E+04
    0.902501342352479696273803710937500000000000E-03    0.365361645507812500000000000000000000000000E+04
    0.920733029488474130630493164062500000000000E-03    0.372269042968750000000000000000000000000000E+04
    0.939333112910389900207519531250000000000000E-03    0.379300000000000000000000000000000000000000E+04
    0.958308868575841188430786132812500000000000E-03    0.386456396484375000000000000000000000000000E+04
    0.977667979896068572998046875000000000000000E-03    0.393740185546875000000000000000000000000000E+04
    0.997418188489973545074462890625000000000000E-03    0.401153125000000000000000000000000000000000E+04
    0.101756735239177942276000976562500000000000E-02    0.408697241210937500000000000000000000000000E+04
    0.103812362067401409149169921875000000000000E-02    0.416374414062500000000000000000000000000000E+04
    0.105909502599388360977172851562500000000000E-02    0.424186621093750000000000000000000000000000E+04
    0.108049006666988134384155273437500000000000E-02    0.432135644531250000000000000000000000000000E+04
    0.110231747385114431381225585937500000000000E-02    0.440223535156250000000000000000000000000000E+04
    0.112458574585616588592529296875000000000000E-02    0.448452294921875000000000000000000000000000E+04
    0.114730407949537038803100585937500000000000E-02    0.456823779296875000000000000000000000000000E+04
    0.117048120591789484024047851562500000000000E-02    0.465339941406250000000000000000000000000000E+04
    0.119412643834948539733886718750000000000000E-02    0.474002734375000000000000000000000000000000E+04
    0.121824943926185369491577148437500000000000E-02    0.482814062500000000000000000000000000000000E+04
    0.124285963829606771469116210937500000000000E-02    0.491776025390625000000000000000000000000000E+04
    0.126796704716980457305908203125000000000000E-02    0.500890429687500000000000000000000000000000E+04
    0.129358167760074138641357421875000000000000E-02    0.510159277343750000000000000000000000000000E+04
    0.131971365772187709808349609375000000000000E-02    0.519584521484375000000000000000000000000000E+04
    0.134637358132749795913696289062500000000000E-02    0.529167968750000000000000000000000000000000E+04
    0.137357215862721204757690429687500000000000E-02    0.538911767578125000000000000000000000000000E+04
    0.140132009983062744140625000000000000000000E-02    0.548817675781250000000000000000000000000000E+04
    0.142962858080863952636718750000000000000000E-02    0.558887597656250000000000000000000000000000E+04
    0.145850901026278734207153320312500000000000E-02    0.569123437500000000000000000000000000000000E+04
    0.148797314614057540893554687500000000000000E-02    0.579527099609375000000000000000000000000000E+04
    0.151803228072822093963623046875000000000000E-02    0.590100341796875000000000000000000000000000E+04
    0.154869852121919393539428710937500000000000E-02    0.600844970703125000000000000000000000000000E+04
    0.157998420763760805130004882812500000000000E-02    0.611762841796875000000000000000000000000000E+04
    0.161190202925354242324829101562500000000000E-02    0.622856005859375000000000000000000000000000E+04
    0.164446467533707618713378906250000000000000E-02    0.634125878906250000000000000000000000000000E+04
    0.167768495157361030578613281250000000000000E-02    0.645574218750000000000000000000000000000000E+04
    0.171157636214047670364379882812500000000000E-02    0.657202685546875000000000000000000000000000E+04
    0.174615241121500730514526367187500000000000E-02    0.669012988281250000000000000000000000000000E+04
    0.178142718505114316940307617187500000000000E-02    0.681006542968750000000000000000000000000000E+04
    0.181741418782621622085571289062500000000000E-02    0.693185107421875000000000000000000000000000E+04
    0.185412843711674213409423828125000000000000E-02    0.705550146484375000000000000000000000000000E+04
    0.189158413559198379516601562500000000000000E-02    0.718103173828125000000000000000000000000000E+04
    0.192979711573570966720581054687500000000000E-02    0.730845312500000000000000000000000000000000E+04
    0.196878169663250446319580078125000000000000E-02    0.743778173828125000000000000000000000000000E+04
    0.200855359435081481933593750000000000000000E-02    0.756903076171875000000000000000000000000000E+04
    0.204912899062037467956542968750000000000000E-02    0.770221142578125000000000000000000000000000E+04
    0.209052418358623981475830078125000000000000E-02    0.783733544921875000000000000000000000000000E+04
    0.213275570422410964965820312500000000000000E-02    0.797441357421875000000000000000000000000000E+04
    0.217583985067903995513916015625000000000000E-02    0.811345800781250000000000000000000000000000E+04
    0.221979478374123573303222656250000000000000E-02    0.825447753906250000000000000000000000000000E+04
    0.226463773287832736968994140625000000000000E-02    0.839747753906250000000000000000000000000000E+04
    0.231038639321923255920410156250000000000000E-02    0.854247167968750000000000000000000000000000E+04
    0.235705915838479995727539062500000000000000E-02    0.868946289062500000000000000000000000000000E+04
    0.240467488765716552734375000000000000000000E-02    0.883845703125000000000000000000000000000000E+04
    0.245325244031846523284912109375000000000000E-02    0.898945996093750000000000000000000000000000E+04
    0.250281183980405330657958984375000000000000E-02    0.914247851562500000000000000000000000000000E+04
    0.255337217822670936584472656250000000000000E-02    0.929751074218750000000000000000000000000000E+04
    0.260495371185243129730224609375000000000000E-02    0.945456347656250000000000000000000000000000E+04
    0.265757716260850429534912109375000000000000E-02    0.961363378906250000000000000000000000000000E+04
    0.271126371808350086212158203125000000000000E-02    0.977472070312500000000000000000000000000000E+04
    0.276603479869663715362548828125000000000000E-02    0.993782617187500000000000000000000000000000E+04
    0.282191229052841663360595703125000000000000E-02    0.101029443359375000000000000000000000000000E+05
    0.287891877815127372741699218750000000000000E-02    0.102700722656250000000000000000000000000000E+05
    0.293707661330699920654296875000000000000000E-02    0.104392031250000000000000000000000000000000E+05
    0.299640954472124576568603515625000000000000E-02    0.106103300781250000000000000000000000000000E+05
    0.305694085545837879180908203125000000000000E-02    0.107834433593750000000000000000000000000000E+05
    0.311869522556662559509277343750000000000000E-02    0.109585332031250000000000000000000000000000E+05
    0.318169780075550079345703125000000000000000E-02    0.111355869140625000000000000000000000000000E+05
    0.324597232975065708160400390625000000000000E-02    0.113145937500000000000000000000000000000000E+05
    0.331154512241482734680175781250000000000000E-02    0.114955332031250000000000000000000000000000E+05
    0.337844272144138813018798828125000000000000E-02    0.116783906250000000000000000000000000000000E+05
    0.344669190235435962677001953125000000000000E-02    0.118631435546875000000000000000000000000000E+05
    0.351631967350840568542480468750000000000000E-02    0.120497763671875000000000000000000000000000E+05
    0.358735374175012111663818359375000000000000E-02    0.122382626953125000000000000000000000000000E+05
    0.365982321090996265411376953125000000000000E-02    0.124285761718750000000000000000000000000000E+05
    0.373375625349581241607666015625000000000000E-02    0.126206894531250000000000000000000000000000E+05
    0.380918313749134540557861328125000000000000E-02    0.128145751953125000000000000000000000000000E+05
    0.388613343238830566406250000000000000000000E-02    0.130101972656250000000000000000000000000000E+05
    0.396463880315423011779785156250000000000000E-02    0.132075253906250000000000000000000000000000E+05
    0.404472928494215011596679687500000000000000E-02    0.134065185546875000000000000000000000000000E+05
    0.412643933668732643127441406250000000000000E-02    0.136071337890625000000000000000000000000000E+05
    0.420979922637343406677246093750000000000000E-02    0.138093408203125000000000000000000000000000E+05
    0.429484248161315917968750000000000000000000E-02    0.140130908203125000000000000000000000000000E+05
    0.438160402700304985046386718750000000000000E-02    0.142183330078125000000000000000000000000000E+05
    0.447011832147836685180664062500000000000000E-02    0.144250166015625000000000000000000000000000E+05
    0.456042028963565826416015625000000000000000E-02    0.146330908203125000000000000000000000000000E+05
    0.465254718437790870666503906250000000000000E-02    0.148424990234375000000000000000000000000000E+05
    0.474653439596295356750488281250000000000000E-02    0.150531826171875000000000000000000000000000E+05
    0.484242103993892669677734375000000000000000E-02    0.152650791015625000000000000000000000000000E+05
    0.494024436920881271362304687500000000000000E-02    0.154781191406250000000000000000000000000000E+05
    0.504004349932074546813964843750000000000000E-02    0.156922382812500000000000000000000000000000E+05
    0.514185894280672073364257812500000000000000E-02    0.159073593750000000000000000000000000000000E+05
    0.524573167786002159118652343750000000000000E-02    0.161234111328125000000000000000000000000000E+05
    0.535170361399650573730468750000000000000000E-02    0.163403105468750000000000000000000000000000E+05
    0.545981479808688163757324218750000000000000E-02    0.165579707031250000000000000000000000000000E+05
    0.557011039927601814270019531250000000000000E-02    0.167763066406250000000000000000000000000000E+05
    0.568263372406363487243652343750000000000000E-02    0.169952089843750000000000000000000000000000E+05
    0.579743087291717529296875000000000000000000E-02    0.172152089843750000000000000000000000000000E+05
    0.591454654932022094726562500000000000000000E-02    0.174349765625000000000000000000000000000000E+05
    0.603402825072407722473144531250000000000000E-02    0.176550292968750000000000000000000000000000E+05
    0.615592347458004951477050781250000000000000E-02    0.178752558593750000000000000000000000000000E+05
    0.628028111532330513000488281250000000000000E-02    0.180955371093750000000000000000000000000000E+05
    0.640715099871158599853515625000000000000000E-02    0.183157617187500000000000000000000000000000E+05
    0.653658434748649597167968750000000000000000E-02    0.185358066406250000000000000000000000000000E+05
    0.666863145306706428527832031250000000000000E-02    0.187555488281250000000000000000000000000000E+05
    0.680334679782390594482421875000000000000000E-02    0.189748496093750000000000000000000000000000E+05
    0.694078346714377403259277343750000000000000E-02    0.191935839843750000000000000000000000000000E+05
    0.708099640905857086181640625000000000000000E-02    0.194116093750000000000000000000000000000000E+05
    0.722404150292277336120605468750000000000000E-02    0.196287871093750000000000000000000000000000E+05
    0.736997742205858230590820312500000000000000E-02    0.198450722656250000000000000000000000000000E+05
    0.751886051148176193237304687500000000000000E-02    0.200601054687500000000000000000000000000000E+05
    0.767075084149837493896484375000000000000000E-02    0.202738261718750000000000000000000000000000E+05
    0.782571360468864440917968750000000000000000E-02    0.204860800781250000000000000000000000000000E+05
    0.798380374908447265625000000000000000000000E-02    0.206966953125000000000000000000000000000000E+05
    0.814508739858865737915039062500000000000000E-02    0.209055039062500000000000000000000000000000E+05
    0.830962881445884704589843750000000000000000E-02    0.211123261718750000000000000000000000000000E+05
    0.847749505192041397094726562500000000000000E-02    0.213169824218750000000000000000000000000000E+05
    0.864875130355358123779296875000000000000000E-02    0.215192792968750000000000000000000000000000E+05
    0.882346741855144500732421875000000000000000E-02    0.217190253906250000000000000000000000000000E+05
    0.900171231478452682495117187500000000000000E-02    0.219159355468750000000000000000000000000000E+05
    0.918355956673622131347656250000000000000000E-02    0.221099707031250000000000000000000000000000E+05
    0.936907902359962463378906250000000000000000E-02    0.223008457031250000000000000000000000000000E+05
    0.955834705382585525512695312500000000000000E-02    0.224883417968750000000000000000000000000000E+05
    0.975143909454345703125000000000000000000000E-02    0.226722363281250000000000000000000000000000E+05
    0.994843058288097381591796875000000000000000E-02    0.228523046875000000000000000000000000000000E+05
    0.101494016125798225402832031250000000000000E-01    0.230283164062500000000000000000000000000000E+05
    0.103544332087039947509765625000000000000000E-01    0.232000390625000000000000000000000000000000E+05
    0.105636063963174819946289062500000000000000E-01    0.233672226562500000000000000000000000000000E+05
    0.107770059257745742797851562500000000000000E-01    0.235296835937500000000000000000000000000000E+05
    0.109947146847844123840332031250000000000000E-01    0.236870703125000000000000000000000000000000E+05
    0.112168220803141593933105468750000000000000E-01    0.238391757812500000000000000000000000000000E+05
    0.114434175193309783935546875000000000000000E-01    0.239857324218750000000000000000000000000000E+05
    0.116745894774794578552246093750000000000000E-01    0.241265019531250000000000000000000000000000E+05
    0.119104310870170593261718750000000000000000E-01    0.242612109375000000000000000000000000000000E+05
    0.121510382741689682006835937500000000000000E-01    0.243895898437500000000000000000000000000000E+05
    0.123965051025152206420898437500000000000000E-01    0.245113515625000000000000000000000000000000E+05
    0.126469302922487258911132812500000000000000E-01    0.246262519531250000000000000000000000000000E+05
    0.129024153575301170349121093750000000000000E-01    0.247340078125000000000000000000000000000000E+05
    0.131630674004554748535156250000000000000000E-01    0.248343359375000000000000000000000000000000E+05
    0.134289795532822608947753906250000000000000E-01    0.249269550781250000000000000000000000000000E+05
    0.137002617120742797851562500000000000000000E-01    0.250115878906250000000000000000000000000000E+05
    0.139770256355404853820800781250000000000000E-01    0.250879589843750000000000000000000000000000E+05
    0.142593793570995330810546875000000000000000E-01    0.251557792968750000000000000000000000000000E+05
    0.145474374294281005859375000000000000000000E-01    0.252148203125000000000000000000000000000000E+05
    0.148413162678480148315429687500000000000000E-01    0.252648046875000000000000000000000000000000E+05
    0.151411294937133789062500000000000000000000E-01    0.253055507812500000000000000000000000000000E+05
    0.154470009729266166687011718750000000000000E-01    0.253358222656250000000000000000000000000000E+05
    0.157590489834547042846679687500000000000000E-01    0.253564394531250000000000000000000000000000E+05
    0.160774048417806625366210937500000000000000E-01    0.253673203125000000000000000000000000000000E+05
    0.164021886885166168212890625000000000000000E-01    0.253680703125000000000000000000000000000000E+05
    0.167335346341133117675781250000000000000000E-01    0.253581953125000000000000000000000000000000E+05
    0.170715730637311935424804687500000000000000E-01    0.253373886718750000000000000000000000000000E+05
    0.174164418131113052368164062500000000000000E-01    0.253055019531250000000000000000000000000000E+05
    0.177682787179946899414062500000000000000000E-01    0.252623691406250000000000000000000000000000E+05
    0.181272197514772415161132812500000000000000E-01    0.252077910156250000000000000000000000000000E+05
    0.184934139251708984375000000000000000000000E-01    0.251406718750000000000000000000000000000000E+05
    0.188670046627521514892578125000000000000000E-01    0.250618125000000000000000000000000000000000E+05
    0.192481447011232376098632812500000000000000E-01    0.249713183593750000000000000000000000000000E+05
    0.196369830518960952758789062500000000000000E-01    0.248692187500000000000000000000000000000000E+05
    0.200336743146181106567382812500000000000000E-01    0.247552363281250000000000000000000000000000E+05
    0.204383805394172668457031250000000000000000E-01    0.246289003906250000000000000000000000000000E+05
    0.208512637764215469360351562500000000000000E-01    0.244903593750000000000000000000000000000000E+05
    0.212724860757589340209960937500000000000000E-01    0.243395820312500000000000000000000000000000E+05
    0.217022281140089035034179687500000000000000E-01    0.241766406250000000000000000000000000000000E+05
    0.221406426280736923217773437500000000000000E-01    0.240015820312500000000000000000000000000000E+05
    0.225879121571779251098632812500000000000000E-01    0.238144687500000000000000000000000000000000E+05
    0.230442192405462265014648437500000000000000E-01    0.236154062500000000000000000000000000000000E+05
    0.235097426921129226684570312500000000000000E-01    0.234046269531250000000000000000000000000000E+05
    0.239846706390380859375000000000000000000000E-01    0.231822441406250000000000000000000000000000E+05
    0.244691912084817886352539062500000000000000E-01    0.229485195312500000000000000000000000000000E+05
    0.249635018408298492431640625000000000000000E-01    0.227037226562500000000000000000000000000000E+05
    0.254677981138229370117187500000000000000000E-01    0.224481816406250000000000000000000000000000E+05
    0.259822811931371688842773437500000000000000E-01    0.221822890625000000000000000000000000000000E+05
    0.265071578323841094970703125000000000000000E-01    0.219064609375000000000000000000000000000000E+05
    0.270426385104656219482421875000000000000000E-01    0.216213105468750000000000000000000000000000E+05
    0.275889337062835693359375000000000000000000E-01    0.213206503906250000000000000000000000000000E+05
    0.281462669372558593750000000000000000000000E-01    0.210153144531250000000000000000000000000000E+05
    0.287148579955101013183593750000000000000000E-01    0.207028125000000000000000000000000000000000E+05
    0.292949359863996505737304687500000000000000E-01    0.203841464843750000000000000000000000000000E+05
    0.298867337405681610107421875000000000000000E-01    0.200597675781250000000000000000000000000000E+05
    0.304904840886592864990234375000000000000000E-01    0.197300371093750000000000000000000000000000E+05
    0.311064328998327255249023437500000000000000E-01    0.193953671875000000000000000000000000000000E+05
    0.317348241806030273437500000000000000000000E-01    0.190563027343750000000000000000000000000000E+05
    0.323759093880653381347656250000000000000000E-01    0.187137441406250000000000000000000000000000E+05
    0.330299474298954010009765625000000000000000E-01    0.183688398437500000000000000000000000000000E+05
    0.336971953511238098144531250000000000000000E-01    0.180221445312500000000000000000000000000000E+05
    0.343779213726520538330078125000000000000000E-01    0.176686113281250000000000000000000000000000E+05
    0.350724011659622192382812500000000000000000E-01    0.175235644531250000000000000000000000000000E+05
    0.357809104025363922119140625000000000000000E-01    0.171806386718750000000000000000000000000000E+05
    0.365037508308887481689453125000000000000000E-01    0.168419199218750000000000000000000000000000E+05
    0.372411720454692840576171875000000000000000E-01    0.165056445312500000000000000000000000000000E+05
    0.379934944212436676025390625000000000000000E-01    0.161693398437500000000000000000000000000000E+05
    0.387610122561454772949218750000000000000000E-01    0.158373984375000000000000000000000000000000E+05
    0.395440347492694854736328125000000000000000E-01    0.155108974609375000000000000000000000000000E+05
    0.403428785502910614013671875000000000000000E-01    0.151908291015625000000000000000000000000000E+05
    0.411578565835952758789062500000000000000000E-01    0.148780722656250000000000000000000000000000E+05
    0.419893004000186920166015625000000000000000E-01    0.145734062500000000000000000000000000000000E+05
    0.428375415503978729248046875000000000000000E-01    0.142778320312500000000000000000000000000000E+05
    0.437029153108596801757812500000000000000000E-01    0.139909052734375000000000000000000000000000E+05
    0.445857718586921691894531250000000000000000E-01    0.135932119140625000000000000000000000000000E+05
    0.454864650964736938476562500000000000000000E-01    0.133149882812500000000000000000000000000000E+05
    0.464053489267826080322265625000000000000000E-01    0.130593164062500000000000000000000000000000E+05
    0.473427996039390563964843750000000000000000E-01    0.128088447265625000000000000000000000000000E+05
    0.482991859316825866699218750000000000000000E-01    0.125686621093750000000000000000000000000000E+05
    0.492748916149139404296875000000000000000000E-01    0.123377294921875000000000000000000000000000E+05
    0.502703115344047546386718750000000000000000E-01    0.121157343750000000000000000000000000000000E+05
    0.512858368456363677978515625000000000000000E-01    0.119026113281250000000000000000000000000000E+05
    0.523218810558319091796875000000000000000000E-01    0.116979746093750000000000000000000000000000E+05
    0.533788502216339111328125000000000000000000E-01    0.115003613281250000000000000000000000000000E+05
    0.544571764767169952392578125000000000000000E-01    0.113803388671875000000000000000000000000000E+05
    0.555572807788848876953125000000000000000000E-01    0.111964814453125000000000000000000000000000E+05
    0.566796138882637023925781250000000000000000E-01    0.110157871093750000000000000000000000000000E+05
    0.578246153891086578369140625000000000000000E-01    0.108322910156250000000000000000000000000000E+05
    0.589927472174167633056640625000000000000000E-01    0.106528554687500000000000000000000000000000E+05
    0.601844787597656250000000000000000000000000E-01    0.104743154296875000000000000000000000000000E+05
    0.614003166556358337402343750000000000000000E-01    0.102965380859375000000000000000000000000000E+05
    0.626406818628311157226562500000000000000000E-01    0.101224394531250000000000000000000000000000E+05
    0.639061108231544494628906250000000000000000E-01    0.994387597656250000000000000000000000000000E+04
    0.651970952749252319335937500000000000000000E-01    0.970165820312500000000000000000000000000000E+04
    0.665141642093658447265625000000000000000000E-01    0.951111328125000000000000000000000000000000E+04
    0.678578317165374755859375000000000000000000E-01    0.930698339843750000000000000000000000000000E+04
    0.692286565899848937988281250000000000000000E-01    0.909540039062500000000000000000000000000000E+04
    0.706271678209304809570312500000000000000000E-01    0.887717480468750000000000000000000000000000E+04
    0.720539242029190063476562500000000000000000E-01    0.864605078125000000000000000000000000000000E+04
    0.735095068812370300292968750000000000000000E-01    0.840017089843750000000000000000000000000000E+04
    0.749944970011711120605468750000000000000000E-01    0.816578466796875000000000000000000000000000E+04
    0.765094906091690063476562500000000000000000E-01    0.789547460937500000000000000000000000000000E+04
    0.780550837516784667968750000000000000000000E-01    0.761220605468750000000000000000000000000000E+04
    0.796318948268890380859375000000000000000000E-01    0.732307519531250000000000000000000000000000E+04
    0.812405645847320556640625000000000000000000E-01    0.702145800781250000000000000000000000000000E+04
    0.828817337751388549804687500000000000000000E-01    0.671273681640625000000000000000000000000000E+04
    0.845560505986213684082031250000000000000000E-01    0.639951757812500000000000000000000000000000E+04
    0.862641930580139160156250000000000000000000E-01    0.608558105468750000000000000000000000000000E+04
    0.880068466067314147949218750000000000000000E-01    0.577199755859375000000000000000000000000000E+04
    0.897847041487693786621093750000000000000000E-01    0.546584667968750000000000000000000000000000E+04
    0.915984734892845153808593750000000000000000E-01    0.516484033203125000000000000000000000000000E+04
    0.934488773345947265625000000000000000000000E-01    0.487336425781250000000000000000000000000000E+04
    0.953366756439208984375000000000000000000000E-01    0.459325390625000000000000000000000000000000E+04
    0.972625985741615295410156250000000000000000E-01    0.432785400390625000000000000000000000000000E+04
    0.992274358868598937988281250000000000000000E-01    0.407600756835937500000000000000000000000000E+04
    0.101232007145881652832031250000000000000000E+00    0.384212500000000000000000000000000000000000E+04
    0.103277020156383514404296875000000000000000E+00    0.361713500976562500000000000000000000000000E+04
    0.105363354086875915527343750000000000000000E+00    0.340987109375000000000000000000000000000000E+04
    0.107491828501224517822265625000000000000000E+00    0.321764379882812500000000000000000000000000E+04
    0.109663315117359161376953125000000000000000E+00    0.303900610351562500000000000000000000000000E+04
    0.111878655850887298583984375000000000000000E+00    0.287229907226562500000000000000000000000000E+04
    0.114138752222061157226562500000000000000000E+00    0.271615429687500000000000000000000000000000E+04
    0.116444505751132965087890625000000000000000E+00    0.256845434570312500000000000000000000000000E+04
    0.118796832859516143798828125000000000000000E+00    0.242715429687500000000000000000000000000000E+04
    0.121196687221527099609375000000000000000000E+00    0.228958642578125000000000000000000000000000E+04
    0.123645029962062835693359375000000000000000E+00    0.215358789062500000000000000000000000000000E+04
    0.126142814755439758300781250000000000000000E+00    0.201730175781250000000000000000000000000000E+04
    0.128691077232360839843750000000000000000000E+00    0.188001208496093750000000000000000000000000E+04
    0.131290808320045471191406250000000000000000E+00    0.174063439941406250000000000000000000000000E+04
    0.133943051099777221679687500000000000000000E+00    0.159967614746093750000000000000000000000000E+04
    0.136648878455162048339843750000000000000000E+00    0.145793127441406250000000000000000000000000E+04
    0.139409363269805908203125000000000000000000E+00    0.131683447265625000000000000000000000000000E+04
    0.142225623130798339843750000000000000000000E+00    0.117808288574218750000000000000000000000000E+04
    0.145098760724067687988281250000000000000000E+00    0.104460546875000000000000000000000000000000E+04
    0.148029953241348266601562500000000000000000E+00    0.918395751953125000000000000000000000000000E+03
    0.151020348072052001953125000000000000000000E+00    0.802058105468750000000000000000000000000000E+03
    0.154071167111396789550781250000000000000000E+00    0.697267761230468750000000000000000000000000E+03
    0.157183602452278137207031250000000000000000E+00    0.606108276367187500000000000000000000000000E+03
    0.160358920693397521972656250000000000000000E+00    0.528866088867187500000000000000000000000000E+03
    0.163598373532295227050781250000000000000000E+00    0.464846527099609375000000000000000000000000E+03
    0.166903272271156311035156250000000000000000E+00    0.413645721435546875000000000000000000000000E+03
    0.170275032520294189453125000000000000000000E+00    0.373295806884765625000000000000000000000000E+03
    0.173714801669120788574218750000000000000000E+00    0.342093505859375000000000000000000000000000E+03
    0.177224084734916687011718750000000000000000E+00    0.318365753173828125000000000000000000000000E+03
    0.180804237723350524902343750000000000000000E+00    0.300462158203125000000000000000000000000000E+03
    0.184456720948219299316406250000000000000000E+00    0.286636047363281250000000000000000000000000E+03
    0.188182994723320007324218750000000000000000E+00    0.274881072998046875000000000000000000000000E+03
    0.191984534263610839843750000000000000000000E+00    0.263622833251953125000000000000000000000000E+03
    0.195862874388694763183593750000000000000000E+00    0.251454116821289062500000000000000000000000E+03
    0.199819564819335937500000000000000000000000E+00    0.237615417480468750000000000000000000000000E+03
    0.203856185078620910644531250000000000000000E+00    0.222016815185546875000000000000000000000000E+03
    0.207974359393119812011718750000000000000000E+00    0.204951156616210937500000000000000000000000E+03
    0.212175697088241577148437500000000000000000E+00    0.187070877075195312500000000000000000000000E+03
    0.216461926698684692382812500000000000000000E+00    0.169271224975585937500000000000000000000000E+03
    0.220834761857986450195312500000000000000000E+00    0.152546646118164062500000000000000000000000E+03
    0.225295916199684143066406250000000000000000E+00    0.137682891845703125000000000000000000000000E+03
    0.229847192764282226562500000000000000000000E+00    0.125032852172851562500000000000000000000000E+03
    0.234490394592285156250000000000000000000000E+00    0.114605537414550781250000000000000000000000E+03
    0.239227414131164550781250000000000000000000E+00    0.106077735900878906250000000000000000000000E+03
    0.244060128927230834960937500000000000000000E+00    0.989683609008789062500000000000000000000000E+02
    0.248990446329116821289062500000000000000000E+00    0.928309860229492187500000000000000000000000E+02
    0.254020392894744873046875000000000000000000E+00    0.871295242309570312500000000000000000000000E+02
    0.259151935577392578125000000000000000000000E+00    0.814133529663085937500000000000000000000000E+02
    0.264387160539627075195312500000000000000000E+00    0.754171600341796875000000000000000000000000E+02
    0.269728124141693115234375000000000000000000E+00    0.691387252807617187500000000000000000000000E+02
    0.275177001953125000000000000000000000000000E+00    0.628343849182128906250000000000000000000000E+02
    0.280736058950424194335937500000000000000000E+00    0.568008346557617187500000000000000000000000E+02
    0.286407291889190673828125000000000000000000E+00    0.513416709899902343750000000000000000000000E+02
    0.292193114757537841796875000000000000000000E+00    0.466546592712402343750000000000000000000000E+02
    0.298095792531967163085937500000000000000000E+00    0.428068885803222656250000000000000000000000E+02
    0.304117560386657714843750000000000000000000E+00    0.396831817626953125000000000000000000000000E+02
    0.310261309146881103515625000000000000000000E+00    0.370782623291015625000000000000000000000000E+02
    0.316528826951980590820312500000000000000000E+00    0.347728919982910156250000000000000000000000E+02
    0.322923272848129272460937500000000000000000E+00    0.325355720520019531250000000000000000000000E+02
    0.329446613788604736328125000000000000000000E+00    0.301875858306884765625000000000000000000000E+02
    0.336102008819580078125000000000000000000000E+00    0.276912040710449218750000000000000000000000E+02
    0.342891573905944824218750000000000000000000E+00    0.251585540771484375000000000000000000000000E+02
    0.349818587303161621093750000000000000000000E+00    0.227719326019287109375000000000000000000000E+02
    0.356885224580764770507812500000000000000000E+00    0.206856231689453125000000000000000000000000E+02
    0.364094972610473632812500000000000000000000E+00    0.189958801269531250000000000000000000000000E+02
    0.371450334787368774414062500000000000000000E+00    0.176565322875976562500000000000000000000000E+02
    0.378953933715820312500000000000000000000000E+00    0.165298213958740234375000000000000000000000E+02
    0.386609494686126708984375000000000000000000E+00    0.154493293762207031250000000000000000000000E+02
    0.394419312477111816406250000000000000000000E+00    0.143095712661743164062500000000000000000000E+02
    0.402387291193008422851562500000000000000000E+00    0.131183423995971679687500000000000000000000E+02
    0.410515844821929931640625000000000000000000E+00    0.119714736938476562500000000000000000000000E+02
    0.418809026479721069335937500000000000000000E+00    0.109669866561889648437500000000000000000000E+02
    0.427269339561462402343750000000000000000000E+00    0.101141338348388671875000000000000000000000E+02
    0.435900926589965820312500000000000000000000E+00    0.937606048583984375000000000000000000000000E+01
    0.444706469774246215820312500000000000000000E+00    0.870854282379150390625000000000000000000000E+01
    0.453690379858016967773437500000000000000000E+00    0.808402633666992187500000000000000000000000E+01
    0.462855309247970581054687500000000000000000E+00    0.749055957794189453125000000000000000000000E+01
    0.472205787897109985351562500000000000000000E+00    0.691636085510253906250000000000000000000000E+01
    0.481744766235351562500000000000000000000000E+00    0.636992788314819335937500000000000000000000E+01
    0.491476893424987792968750000000000000000000E+00    0.587592935562133789062500000000000000000000E+01
    0.501405119895935058593750000000000000000000E+00    0.544952869415283203125000000000000000000000E+01
    0.511534392833709716796875000000000000000000E+00    0.506930112838745117187500000000000000000000E+01
    0.521867811679840087890625000000000000000000E+00    0.470821857452392578125000000000000000000000E+01
    0.532410502433776855468750000000000000000000E+00    0.436492586135864257812500000000000000000000E+01
    0.543165624141693115234375000000000000000000E+00    0.404624700546264648437500000000000000000000E+01
    0.554138541221618652343750000000000000000000E+00    0.375091648101806640625000000000000000000000E+01
    0.565332591533660888671875000000000000000000E+00    0.348250961303710937500000000000000000000000E+01
    0.576753377914428710937500000000000000000000E+00    0.324219608306884765625000000000000000000000E+01
    0.588404297828674316406250000000000000000000E+00    0.301835918426513671875000000000000000000000E+01
    0.600291073322296142578125000000000000000000E+00    0.280711150169372558593750000000000000000000E+01
    0.612418055534362792968750000000000000000000E+00    0.261256456375122070312500000000000000000000E+01
    0.624789416790008544921875000000000000000000E+00    0.243241620063781738281250000000000000000000E+01
    0.637411296367645263671875000000000000000000E+00    0.226770853996276855468750000000000000000000E+01
    0.650287508964538574218750000000000000000000E+00    0.211620831489562988281250000000000000000000E+01
    0.663424491882324218750000000000000000000000E+00    0.197440433502197265625000000000000000000000E+01
    0.676826238632202148437500000000000000000000E+00    0.184361898899078369140625000000000000000000E+01
    0.690499365329742431640625000000000000000000E+00    0.172197639942169189453125000000000000000000E+01
    0.704448044300079345703125000000000000000000E+00    0.161001956462860107421875000000000000000000E+01
    0.718679130077362060546875000000000000000000E+00    0.150605452060699462890625000000000000000000E+01
    0.733197033405303955078125000000000000000000E+00    0.140967154502868652343750000000000000000000E+01
    0.748008966445922851562500000000000000000000E+00    0.131996643543243408203125000000000000000000E+01
    0.763119339942932128906250000000000000000000E+00    0.123686587810516357421875000000000000000000E+01
    0.778535783290863037109375000000000000000000E+00    0.115954291820526123046875000000000000000000E+01
    0.794262826442718505859375000000000000000000E+00    0.108793234825134277343750000000000000000000E+01
    0.810308396816253662109375000000000000000000E+00    0.102099549770355224609375000000000000000000E+01
    0.826677322387695312500000000000000000000000E+00    0.958734095096588134765625000000000000000000E+00
    0.843377590179443359375000000000000000000000E+00    0.900912344455718994140625000000000000000000E+00
    0.860414624214172363281250000000000000000000E+00    0.846934556961059570312500000000000000000000E+00
    0.877796530723571777343750000000000000000000E+00    0.796554446220397949218750000000000000000000E+00
    0.895528674125671386718750000000000000000000E+00    0.749666392803192138671875000000000000000000E+00
    0.913619995117187500000000000000000000000000E+00    0.705797791481018066406250000000000000000000E+00
    0.932075977325439453125000000000000000000000E+00    0.664871394634246826171875000000000000000000E+00
    0.950905561447143554687500000000000000000000E+00    0.626623272895812988281250000000000000000000E+00
    0.970114648342132568359375000000000000000000E+00    0.590775191783905029296875000000000000000000E+00
    0.989712655544281005859375000000000000000000E+00    0.557325839996337890625000000000000000000000E+00
    0.100970673561096191406250000000000000000000E+01    0.525896131992340087890625000000000000000000E+00
    0.103010356426239013671875000000000000000000E+01    0.496579080820083618164062500000000000000000E+00
    0.105091357231140136718750000000000000000000E+01    0.468871325254440307617187500000000000000000E+00
    0.107214283943176269531250000000000000000000E+01    0.442994803190231323242187500000000000000000E+00
    0.109380209445953369140625000000000000000000E+01    0.418677657842636108398437500000000000000000E+00
    0.111589777469635009765625000000000000000000E+01    0.395820111036300659179687500000000000000000E+00
    0.113844096660614013671875000000000000000000E+01    0.374322444200515747070312500000000000000000E+00
    0.116143846511840820312500000000000000000000E+01    0.354167908430099487304687500000000000000000E+00
    0.118490147590637207031250000000000000000000E+01    0.335154026746749877929687500000000000000000E+00
    0.120883750915527343750000000000000000000000E+01    0.317286998033523559570312500000000000000000E+00
    0.123325824737548828125000000000000000000000E+01    0.300428420305252075195312500000000000000000E+00
    0.125817120075225830078125000000000000000000E+01    0.284559071063995361328125000000000000000000E+00
    0.128358840942382812500000000000000000000000E+01    0.269573956727981567382812500000000000000000E+00
    0.130951797962188720703125000000000000000000E+01    0.255451023578643798828125000000000000000000E+00
    0.133597266674041748046875000000000000000000E+01    0.242118999361991882324218750000000000000000E+00
    0.136296045780181884765625000000000000000000E+01    0.229526430368423461914062500000000000000000E+00
    0.139049470424652099609375000000000000000000E+01    0.217630103230476379394531250000000000000000E+00
    0.141858386993408203125000000000000000000000E+01    0.206398457288742065429687500000000000000000E+00
    0.144724178314208984375000000000000000000000E+01    0.195772558450698852539062500000000000000000E+00
    0.147647726535797119140625000000000000000000E+01    0.185722157359123229980468750000000000000000E+00
    0.150630474090576171875000000000000000000000E+01    0.176217421889305114746093750000000000000000E+00
    0.153673338890075683593750000000000000000000E+01    0.167219594120979309082031250000000000000000E+00
    0.156777822971343994140625000000000000000000E+01    0.158703848719596862792968750000000000000000E+00
    0.159944856166839599609375000000000000000000E+01    0.150636300444602966308593750000000000000000E+00
    0.163176035881042480468750000000000000000000E+01    0.142994627356529235839843750000000000000000E+00
    0.166472315788269042968750000000000000000000E+01    0.135756388306617736816406250000000000000000E+00
    0.169835364818572998046875000000000000000000E+01    0.128896400332450866699218750000000000000000E+00
    0.173266339302062988281250000000000000000000E+01    0.122388392686843872070312500000000000000000E+00
    0.176766479015350341796875000000000000000000E+01    0.116218321025371551513671875000000000000000E+00
    0.180337476730346679687500000000000000000000E+01    0.110366269946098327636718750000000000000000E+00
    0.183980441093444824218750000000000000000000E+01    0.104815676808357238769531250000000000000000E+00
    0.187697184085845947265625000000000000000000E+01    0.995502024888992309570312500000000000000000E-01
    0.191488826274871826171875000000000000000000E+01    0.945551916956901550292968750000000000000000E-01
    0.195357239246368408203125000000000000000000E+01    0.898124948143959045410156250000000000000000E-01
    0.199303627014160156250000000000000000000000E+01    0.853088274598121643066406250000000000000000E-01
    0.203329920768737792968750000000000000000000E+01    0.810383111238479614257812500000000000000000E-01
    0.207437348365783691406250000000000000000000E+01    0.769776701927185058593750000000000000000000E-01
    0.211627960205078125000000000000000000000000E+01    0.731241106986999511718750000000000000000000E-01
    0.215903019905090332031250000000000000000000E+01    0.694614574313163757324218750000000000000000E-01
    0.220264649391174316406250000000000000000000E+01    0.659887716174125671386718750000000000000000E-01
    0.224714183807373046875000000000000000000000E+01    0.626887083053588867187500000000000000000000E-01
    0.229253816604614257812500000000000000000000E+01    0.595544949173927307128906250000000000000000E-01
    0.233884930610656738281250000000000000000000E+01    0.565758645534515380859375000000000000000000E-01
    0.238609838485717773437500000000000000000000E+01    0.537476129829883575439453125000000000000000E-01
    0.243429946899414062500000000000000000000000E+01    0.510585345327854156494140625000000000000000E-01
    0.248347663879394531250000000000000000000000E+01    0.485046207904815673828125000000000000000000E-01
    0.253364515304565429687500000000000000000000E+01    0.460769161581993103027343750000000000000000E-01
    0.258482933044433593750000000000000000000000E+01    0.437699146568775177001953125000000000000000E-01
    0.263704514503479003906250000000000000000000E+01    0.415797606110572814941406250000000000000000E-01
    0.269031810760498046875000000000000000000000E+01    0.394988395273685455322265625000000000000000E-01
    0.274466466903686523437500000000000000000000E+01    0.375216528773307800292968750000000000000000E-01
    0.280011177062988281250000000000000000000000E+01    0.356407091021537780761718750000000000000000E-01
    0.285667920112609863281250000000000000000000E+01    0.338541269302368164062500000000000000000000E-01
    0.291438651084899902343750000000000000000000E+01    0.321568958461284637451171875000000000000000E-01
    0.297326231002807617187500000000000000000000E+01    0.305433943867683410644531250000000000000000E-01
    0.303332471847534179687500000000000000000000E+01    0.290112979710102081298828125000000000000000E-01
    0.309460353851318359375000000000000000000000E+01    0.275541096925735473632812500000000000000000E-01
    0.315711688995361328125000000000000000000000E+01    0.261699259281158447265625000000000000000000E-01
    0.322089648246765136718750000000000000000000E+01    0.248552393168210983276367187500000000000000E-01
    0.328596115112304687500000000000000000000000E+01    0.236049182713031768798828125000000000000000E-01
    0.335234355926513671875000000000000000000000E+01    0.224176850169897079467773437500000000000000E-01
    0.342006349563598632812500000000000000000000E+01    0.212898105382919311523437500000000000000000E-01
    0.348915529251098632812500000000000000000000E+01    0.202170405536890029907226562500000000000000E-01
    0.355963897705078125000000000000000000000000E+01    0.191987697035074234008789062500000000000000E-01
    0.363155031204223632812500000000000000000000E+01    0.182303544133901596069335937500000000000000E-01
    0.370491051673889160156250000000000000000000E+01    0.173107944428920745849609375000000000000000E-01
    0.377975654602050781250000000000000000000000E+01    0.164372324943542480468750000000000000000000E-01
    0.385611033439636230468750000000000000000000E+01    0.156066799536347389221191406250000000000000E-01
    0.393401122093200683593750000000000000000000E+01    0.148184653371572494506835937500000000000000E-01
    0.401348161697387695312500000000000000000000E+01    0.140693485736846923828125000000000000000000E-01
    0.409456062316894531250000000000000000000000E+01    0.133573012426495552062988281250000000000000E-01
    0.417727470397949218750000000000000000000000E+01    0.126811414957046508789062500000000000000000E-01
    0.426166296005249023437500000000000000000000E+01    0.120391612872481346130371093750000000000000E-01
    0.434775209426879882812500000000000000000000E+01    0.114290071651339530944824218750000000000000E-01
    0.443558454513549804687500000000000000000000E+01    0.108494246378540992736816406250000000000000E-01
