  0.103977E-04  0.199708E+08  0.199707E+08  0.266139E+08  0.266135E+08  0.199733E+08  0.198783E+08  0.525975E+00  0.199708E+08
  0.114925E-04  0.199707E+08  0.199707E+08  0.266108E+08  0.266103E+08  0.199732E+08  0.198783E+08  0.525975E+00  0.199708E+08
  0.127026E-04  0.199707E+08  0.199707E+08  0.266071E+08  0.266065E+08  0.199732E+08  0.198783E+08  0.525975E+00  0.199708E+08
  0.140401E-04  0.199707E+08  0.199707E+08  0.266025E+08  0.266018E+08  0.199732E+08  0.198783E+08  0.525975E+00  0.199707E+08
  0.155183E-04  0.199707E+08  0.199707E+08  0.265969E+08  0.265961E+08  0.199732E+08  0.198783E+08  0.525975E+00  0.199707E+08
  0.171523E-04  0.199707E+08  0.199707E+08  0.265901E+08  0.265891E+08  0.199731E+08  0.198783E+08  0.525975E+00  0.199707E+08
  0.189583E-04  0.199707E+08  0.199707E+08  0.265817E+08  0.265805E+08  0.199731E+08  0.198782E+08  0.525975E+00  0.199707E+08
  0.209544E-04  0.199706E+08  0.199706E+08  0.265716E+08  0.265700E+08  0.199730E+08  0.198782E+08  0.525974E+00  0.199707E+08
  0.231607E-04  0.199706E+08  0.199706E+08  0.265591E+08  0.265573E+08  0.199729E+08  0.198782E+08  0.525974E+00  0.199706E+08
  0.255994E-04  0.199706E+08  0.199706E+08  0.265440E+08  0.265417E+08  0.199729E+08  0.198782E+08  0.525974E+00  0.199706E+08
  0.282947E-04  0.199705E+08  0.199705E+08  0.265254E+08  0.265226E+08  0.199728E+08  0.198781E+08  0.525974E+00  0.199706E+08
  0.312739E-04  0.199705E+08  0.199705E+08  0.265028E+08  0.264994E+08  0.199726E+08  0.198781E+08  0.525974E+00  0.199705E+08
  0.345668E-04  0.199704E+08  0.199704E+08  0.264752E+08  0.264710E+08  0.199725E+08  0.198780E+08  0.525974E+00  0.199704E+08
  0.382064E-04  0.199703E+08  0.199703E+08  0.264415E+08  0.264364E+08  0.199723E+08  0.198779E+08  0.525973E+00  0.199704E+08
  0.422292E-04  0.199703E+08  0.199702E+08  0.264004E+08  0.263942E+08  0.199720E+08  0.198778E+08  0.525973E+00  0.199703E+08
  0.466755E-04  0.199701E+08  0.199701E+08  0.263502E+08  0.263427E+08  0.199718E+08  0.198777E+08  0.525972E+00  0.199701E+08
  0.515900E-04  0.199700E+08  0.199700E+08  0.262891E+08  0.262799E+08  0.199714E+08  0.198776E+08  0.525972E+00  0.199700E+08
  0.570220E-04  0.199698E+08  0.199698E+08  0.262146E+08  0.262033E+08  0.199710E+08  0.198774E+08  0.525971E+00  0.199698E+08
  0.630259E-04  0.199696E+08  0.199696E+08  0.261238E+08  0.261101E+08  0.199705E+08  0.198772E+08  0.525970E+00  0.199696E+08
  0.696620E-04  0.199693E+08  0.199693E+08  0.260133E+08  0.259966E+08  0.199698E+08  0.198769E+08  0.525969E+00  0.199693E+08
  0.769968E-04  0.199690E+08  0.199690E+08  0.258789E+08  0.258586E+08  0.199691E+08  0.198766E+08  0.525968E+00  0.199690E+08
  0.851039E-04  0.199686E+08  0.199686E+08  0.257156E+08  0.256909E+08  0.199681E+08  0.198762E+08  0.525966E+00  0.199686E+08
  0.940645E-04  0.199682E+08  0.199681E+08  0.255173E+08  0.254873E+08  0.199670E+08  0.198757E+08  0.525965E+00  0.199681E+08
  0.103969E-03  0.199676E+08  0.199675E+08  0.252770E+08  0.252407E+08  0.199656E+08  0.198751E+08  0.525962E+00  0.199675E+08
  0.114916E-03  0.199669E+08  0.199668E+08  0.249863E+08  0.249423E+08  0.199639E+08  0.198744E+08  0.525960E+00  0.199668E+08
  0.127015E-03  0.199660E+08  0.199659E+08  0.246354E+08  0.245822E+08  0.199618E+08  0.198736E+08  0.525956E+00  0.199659E+08
  0.140389E-03  0.199649E+08  0.199648E+08  0.242128E+08  0.241488E+08  0.199592E+08  0.198725E+08  0.525952E+00  0.199649E+08
  0.155171E-03  0.199637E+08  0.199635E+08  0.237057E+08  0.236288E+08  0.199561E+08  0.198712E+08  0.525947E+00  0.199636E+08
  0.171509E-03  0.199621E+08  0.199619E+08  0.230996E+08  0.230074E+08  0.199523E+08  0.198696E+08  0.525941E+00  0.199620E+08
  0.189567E-03  0.199602E+08  0.199600E+08  0.223785E+08  0.222688E+08  0.199477E+08  0.198677E+08  0.525934E+00  0.199600E+08
  0.209527E-03  0.199579E+08  0.199576E+08  0.215261E+08  0.213961E+08  0.199420E+08  0.198654E+08  0.525926E+00  0.199577E+08
  0.231588E-03  0.199550E+08  0.199547E+08  0.205257E+08  0.203727E+08  0.199351E+08  0.198625E+08  0.525916E+00  0.199548E+08
  0.255972E-03  0.199516E+08  0.199512E+08  0.193623E+08  0.191840E+08  0.199267E+08  0.198591E+08  0.525904E+00  0.199513E+08
  0.282924E-03  0.199474E+08  0.199470E+08  0.180249E+08  0.178190E+08  0.199165E+08  0.198549E+08  0.525890E+00  0.199471E+08
  0.312713E-03  0.199423E+08  0.199418E+08  0.165088E+08  0.162743E+08  0.199041E+08  0.198498E+08  0.525874E+00  0.199419E+08
  0.345639E-03  0.199362E+08  0.199356E+08  0.148200E+08  0.145572E+08  0.198890E+08  0.198436E+08  0.525855E+00  0.199357E+08
  0.382032E-03  0.199287E+08  0.199280E+08  0.129798E+08  0.126912E+08  0.198707E+08  0.198362E+08  0.525834E+00  0.199281E+08
  0.422256E-03  0.199197E+08  0.199189E+08  0.110292E+08  0.107203E+08  0.198484E+08  0.198271E+08  0.525811E+00  0.199190E+08
  0.466716E-03  0.199089E+08  0.199079E+08  0.903312E+07  0.871278E+07  0.198215E+08  0.198163E+08  0.525785E+00  0.199080E+08
  0.515857E-03  0.198959E+08  0.198947E+08  0.708019E+07  0.676132E+07  0.197890E+08  0.198032E+08  0.525757E+00  0.198948E+08
  0.570173E-03  0.198803E+08  0.198789E+08  0.527796E+07  0.497677E+07  0.197498E+08  0.197876E+08  0.525728E+00  0.198790E+08
  0.630207E-03  0.198616E+08  0.198600E+08  0.373818E+07  0.347255E+07  0.197026E+08  0.197688E+08  0.525698E+00  0.198600E+08
  0.696562E-03  0.198394E+08  0.198375E+08  0.255203E+07  0.233826E+07  0.196459E+08  0.197465E+08  0.525670E+00  0.198375E+08
  0.769904E-03  0.198130E+08  0.198108E+08  0.175819E+07  0.160643E+07  0.195781E+08  0.197199E+08  0.525643E+00  0.198107E+08
  0.850968E-03  0.197817E+08  0.197792E+08  0.131528E+07  0.122490E+07  0.194972E+08  0.196885E+08  0.525619E+00  0.197789E+08
  0.940567E-03  0.197447E+08  0.197420E+08  0.109933E+07  0.105668E+07  0.194010E+08  0.196513E+08  0.525597E+00  0.197415E+08
  0.103960E-02  0.197011E+08  0.196982E+08  0.946758E+06  0.928157E+06  0.192872E+08  0.196075E+08  0.525577E+00  0.196973E+08
  0.114906E-02  0.196499E+08  0.196468E+08  0.740475E+06  0.721362E+06  0.191531E+08  0.195560E+08  0.525559E+00  0.196454E+08
  0.127005E-02  0.195899E+08  0.195865E+08  0.486807E+06  0.453052E+06  0.189959E+08  0.194955E+08  0.525541E+00  0.195846E+08
  0.140377E-02  0.195195E+08  0.195160E+08  0.294465E+06  0.247253E+06  0.188134E+08  0.194246E+08  0.525523E+00  0.195134E+08
  0.155158E-02  0.194373E+08  0.194337E+08  0.230613E+06  0.179719E+06  0.186031E+08  0.193417E+08  0.525504E+00  0.194303E+08
  0.171494E-02  0.193414E+08  0.193377E+08  0.211088E+06  0.000000E+00  0.183628E+08  0.192448E+08  0.525485E+00  0.193333E+08
  0.189551E-02  0.192296E+08  0.192259E+08  0.130475E+06  0.000000E+00  0.180905E+08  0.191317E+08  0.525465E+00  0.192203E+08
  0.209509E-02  0.190996E+08  0.190958E+08  0.562631E+05  0.000000E+00  0.177845E+08  0.189998E+08  0.525443E+00  0.190890E+08
  0.231569E-02  0.189485E+08  0.189446E+08  0.606089E+05  0.000000E+00  0.174434E+08  0.188462E+08  0.525419E+00  0.189364E+08
  0.255951E-02  0.187730E+08  0.187690E+08  0.411799E+05  0.000000E+00  0.170661E+08  0.186673E+08  0.525394E+00  0.187595E+08
  0.282900E-02  0.185694E+08  0.185651E+08  0.178170E+05  0.000000E+00  0.166507E+08  0.184588E+08  0.525366E+00  0.185542E+08
  0.312687E-02  0.183331E+08  0.183285E+08  0.199011E+05  0.000000E+00  0.161944E+08  0.182158E+08  0.525336E+00  0.183163E+08
  0.345610E-02  0.180588E+08  0.180538E+08  0.924286E+03  0.000000E+00  0.156943E+08  0.179319E+08  0.525301E+00  0.180402E+08
  0.382000E-02  0.177398E+08  0.177344E+08  0.940359E+03  0.000000E+00  0.151452E+08  0.175996E+08  0.525259E+00  0.177194E+08
  0.422221E-02  0.173681E+08  0.173623E+08 -0.146939E+04  0.000000E+00  0.145416E+08  0.172091E+08  0.525210E+00  0.173460E+08
  0.466677E-02  0.169339E+08  0.169274E+08 -0.371216E+04  0.000000E+00  0.138780E+08  0.167487E+08  0.525147E+00  0.169099E+08
  0.515814E-02  0.164252E+08  0.164179E+08  0.373283E+03  0.000000E+00  0.131478E+08  0.162037E+08  0.525066E+00  0.163993E+08
  0.570125E-02  0.158288E+08  0.158207E+08  0.104090E+04  0.000000E+00  0.123212E+08  0.155575E+08  0.524955E+00  0.158011E+08
  0.630154E-02  0.151272E+08  0.151181E+08 -0.375573E+03  0.000000E+00  0.114241E+08  0.147889E+08  0.524807E+00  0.150978E+08
  0.696504E-02  0.143055E+08  0.142951E+08 -0.110865E+04  0.000000E+00  0.104401E+08  0.138790E+08  0.524601E+00  0.142745E+08
  0.769840E-02  0.133512E+08  0.133392E+08 -0.134761E+04  0.000000E+00  0.938312E+07  0.128125E+08  0.524313E+00  0.133190E+08
  0.850897E-02  0.122613E+08  0.122476E+08 -0.423366E+03  0.000000E+00  0.826896E+07  0.115871E+08  0.523910E+00  0.122285E+08
  0.940489E-02  0.110514E+08  0.110355E+08 -0.245495E+04  0.000000E+00  0.711735E+07  0.102237E+08  0.523343E+00  0.110184E+08
  0.103951E-01  0.976442E+07  0.974606E+07 -0.725290E+03  0.000000E+00  0.596830E+07  0.877868E+07  0.522545E+00  0.973179E+07
  0.114897E-01  0.847483E+07  0.845358E+07 -0.928788E+03  0.000000E+00  0.488704E+07  0.734465E+07  0.521430E+00  0.844294E+07
  0.126994E-01  0.727561E+07  0.725101E+07 -0.813128E+03  0.000000E+00  0.393808E+07  0.602883E+07  0.519874E+00  0.724464E+07
  0.140366E-01  0.623992E+07  0.621150E+07 -0.744474E+03  0.000000E+00  0.315331E+07  0.490065E+07  0.517705E+00  0.620975E+07
  0.155145E-01  0.537405E+07  0.534135E+07 -0.978957E+02  0.000000E+00  0.251689E+07  0.394560E+07  0.514725E+00  0.534440E+07
  0.171480E-01  0.461910E+07  0.458177E+07 -0.355140E+03  0.000000E+00  0.198839E+07  0.310405E+07  0.510812E+00  0.458985E+07
  0.189535E-01  0.395131E+07  0.390913E+07 -0.205359E+03  0.000000E+00  0.155102E+07  0.238782E+07  0.505804E+00  0.392243E+07
  0.209492E-01  0.336871E+07  0.332168E+07  0.306338E+01  0.000000E+00  0.120060E+07  0.180483E+07  0.499241E+00  0.334021E+07
  0.231550E-01  0.286063E+07  0.280910E+07 -0.786550E+02  0.000000E+00  0.917251E+06  0.131789E+07  0.491427E+00  0.283256E+07
  0.255930E-01  0.242280E+07  0.236753E+07 -0.365383E+02  0.000000E+00  0.696660E+06  0.946438E+06  0.481947E+00  0.239530E+07
  0.282877E-01  0.205144E+07  0.199376E+07  0.650051E+01  0.000000E+00  0.525427E+06  0.658301E+06  0.471568E+00  0.202475E+07
  0.312661E-01  0.173399E+07  0.167582E+07 -0.537616E+02  0.000000E+00  0.394720E+06  0.447504E+06  0.459894E+00  0.170852E+07
  0.345582E-01  0.146926E+07  0.141309E+07 -0.505097E+02  0.000000E+00  0.296398E+06  0.298721E+06  0.447773E+00  0.144555E+07
  0.381968E-01  0.126008E+07  0.120873E+07 -0.792425E+01  0.000000E+00  0.224799E+06  0.197233E+06  0.435951E+00  0.123867E+07
  0.420165E-01  0.110908E+07  0.106486E+07 -0.130838E+02  0.000000E+00  0.175792E+06  0.133050E+06  0.425471E+00  0.109034E+07
  0.458362E-01  0.100724E+07  0.971157E+06  0.000000E+00  0.000000E+00  0.143251E+06  0.939770E+05  0.416415E+00  0.991201E+06
  0.496559E-01  0.938398E+06  0.910355E+06  0.000000E+00  0.000000E+00  0.131578E+06  0.684260E+05  0.408493E+00  0.924948E+06
  0.534756E-01  0.886821E+06  0.865767E+06  0.000000E+00  0.000000E+00  0.113905E+06  0.507020E+05  0.402797E+00  0.875504E+06
  0.572953E-01  0.841899E+06  0.826145E+06  0.000000E+00  0.000000E+00  0.995279E+05  0.387223E+05  0.397654E+00  0.832235E+06
  0.611149E-01  0.796456E+06  0.784029E+06  0.000000E+00  0.000000E+00  0.870235E+05  0.291424E+05  0.393475E+00  0.787931E+06
  0.649346E-01  0.746593E+06  0.735581E+06  0.000000E+00  0.000000E+00  0.756406E+05  0.224131E+05  0.390136E+00  0.738730E+06
  0.687543E-01  0.691552E+06  0.680382E+06  0.000000E+00  0.000000E+00  0.651547E+05  0.167483E+05  0.387587E+00  0.683971E+06
  0.725740E-01  0.632923E+06  0.620548E+06  0.000000E+00  0.000000E+00  0.556035E+05  0.127295E+05  0.384691E+00  0.625375E+06
  0.763937E-01  0.576412E+06  0.562369E+06  0.000000E+00  0.000000E+00  0.473265E+05  0.966523E+04  0.383406E+00  0.568765E+06
  0.802134E-01  0.521471E+06  0.505867E+06  0.000000E+00  0.000000E+00  0.401134E+05  0.719336E+04  0.381926E+00  0.513751E+06
  0.859360E-01  0.451805E+06  0.434940E+06  0.000000E+00  0.000000E+00  0.316642E+05  0.483747E+04  0.379255E+00  0.444190E+06
  0.916586E-01  0.401986E+06  0.385700E+06  0.000000E+00  0.000000E+00  0.258173E+05  0.343453E+04  0.378001E+00  0.394848E+06
  0.973813E-01  0.372510E+06  0.358443E+06  0.000000E+00  0.000000E+00  0.220501E+05  0.253521E+04  0.377279E+00  0.366158E+06
  0.103104E+00  0.357626E+06  0.346604E+06  0.000000E+00  0.000000E+00  0.196069E+05  0.195684E+04  0.376520E+00  0.352187E+06
  0.108827E+00  0.347865E+06  0.339719E+06  0.000000E+00  0.000000E+00  0.177259E+05  0.155569E+04  0.375730E+00  0.343260E+06
  0.114549E+00  0.335759E+06  0.329559E+06  0.000000E+00  0.000000E+00  0.159394E+05  0.124008E+04  0.374819E+00  0.331754E+06
  0.120272E+00  0.317911E+06  0.312434E+06  0.000000E+00  0.000000E+00  0.140861E+05  0.956257E+03  0.373936E+00  0.314218E+06
  0.125994E+00  0.294214E+06  0.288423E+06  0.000000E+00  0.000000E+00  0.121857E+05  0.712307E+03  0.374024E+00  0.290595E+06
  0.131717E+00  0.267375E+06  0.260739E+06  0.000000E+00  0.000000E+00  0.103690E+05  0.567316E+03  0.374251E+00  0.263711E+06
  0.137440E+00  0.241694E+06  0.234259E+06  0.000000E+00  0.000000E+00  0.879369E+04  0.427781E+03  0.372937E+00  0.237990E+06
  0.143162E+00  0.220889E+06  0.213132E+06  0.000000E+00  0.000000E+00  0.755846E+04  0.329858E+03  0.373907E+00  0.217240E+06
  0.148885E+00  0.206474E+06  0.199031E+06  0.000000E+00  0.000000E+00  0.666406E+04  0.263333E+03  0.372541E+00  0.203008E+06
  0.154608E+00  0.197746E+06  0.191142E+06  0.000000E+00  0.000000E+00  0.603642E+04  0.228054E+03  0.373347E+00  0.194566E+06
  0.160330E+00  0.192700E+06  0.187170E+06  0.000000E+00  0.000000E+00  0.557611E+04  0.176810E+03  0.373199E+00  0.189844E+06
  0.166053E+00  0.188755E+06  0.184210E+06  0.000000E+00  0.000000E+00  0.518560E+04  0.153766E+03  0.372240E+00  0.186190E+06
  0.171776E+00  0.183581E+06  0.179693E+06  0.000000E+00  0.000000E+00  0.479299E+04  0.139822E+03  0.372205E+00  0.181229E+06
  0.177498E+00  0.176010E+06  0.172368E+06  0.000000E+00  0.000000E+00  0.437052E+04  0.120703E+03  0.372581E+00  0.173776E+06
  0.183221E+00  0.166239E+06  0.162504E+06  0.000000E+00  0.000000E+00  0.392856E+04  0.100355E+03  0.372813E+00  0.164048E+06
  0.188944E+00  0.155451E+06  0.151455E+06  0.000000E+00  0.000000E+00  0.349926E+04  0.830959E+02  0.372832E+00  0.153265E+06
  0.194666E+00  0.145171E+06  0.140939E+06  0.000000E+00  0.000000E+00  0.311624E+04  0.697633E+02  0.372645E+00  0.142993E+06
  0.200389E+00  0.136578E+06  0.132274E+06  0.000000E+00  0.000000E+00  0.279969E+04  0.588395E+02  0.372209E+00  0.134441E+06
  0.206111E+00  0.130169E+06  0.126010E+06  0.000000E+00  0.000000E+00  0.255223E+04  0.476987E+02  0.371711E+00  0.128116E+06
  0.211834E+00  0.125760E+06  0.121924E+06  0.000000E+00  0.000000E+00  0.236207E+04  0.366299E+02  0.371883E+00  0.123825E+06
  0.217557E+00  0.122654E+06  0.119223E+06  0.000000E+00  0.000000E+00  0.220968E+04  0.323620E+02  0.372860E+00  0.120850E+06
  0.223279E+00  0.119931E+06  0.116878E+06  0.000000E+00  0.000000E+00  0.207431E+04  0.341842E+02  0.372572E+00  0.118248E+06
  0.229002E+00  0.116801E+06  0.114019E+06  0.000000E+00  0.000000E+00  0.194068E+04  0.264600E+02  0.371560E+00  0.115213E+06
  0.234725E+00  0.112901E+06  0.110250E+06  0.000000E+00  0.000000E+00  0.180297E+04  0.223669E+02  0.372912E+00  0.111375E+06
  0.240447E+00  0.108308E+06  0.105669E+06  0.000000E+00  0.000000E+00  0.166319E+04  0.228484E+02  0.371717E+00  0.106818E+06
  0.246170E+00  0.103350E+06  0.100660E+06  0.000000E+00  0.000000E+00  0.152696E+04  0.158470E+02  0.372705E+00  0.101882E+06
  0.251893E+00  0.985052E+05  0.957660E+05  0.000000E+00  0.000000E+00  0.140128E+04  0.171765E+02  0.371594E+00  0.970581E+05
  0.257615E+00  0.942432E+05  0.915047E+05  0.000000E+00  0.000000E+00  0.129190E+04  0.132408E+02  0.372967E+00  0.928265E+05
  0.263338E+00  0.907830E+05  0.881166E+05  0.000000E+00  0.000000E+00  0.120035E+04  0.107880E+02  0.371531E+00  0.894103E+05
  0.269060E+00  0.880600E+05  0.855274E+05  0.000000E+00  0.000000E+00  0.112409E+04  0.127591E+02  0.372109E+00  0.867427E+05
  0.274783E+00  0.858403E+05  0.834731E+05  0.000000E+00  0.000000E+00  0.105871E+04  0.922426E+01  0.372955E+00  0.845834E+05
  0.280506E+00  0.838259E+05  0.816192E+05  0.000000E+00  0.000000E+00  0.999566E+03  0.683592E+01  0.372005E+00  0.826265E+05
  0.286228E+00  0.817533E+05  0.796732E+05  0.000000E+00  0.000000E+00  0.942953E+03  0.767133E+01  0.371336E+00  0.806028E+05
  0.291951E+00  0.794658E+05  0.774653E+05  0.000000E+00  0.000000E+00  0.886930E+03  0.834237E+01  0.371703E+00  0.783531E+05
  0.297674E+00  0.769567E+05  0.749932E+05  0.000000E+00  0.000000E+00  0.831473E+03  0.771597E+01  0.372343E+00  0.758719E+05
  0.303396E+00  0.743367E+05  0.723844E+05  0.000000E+00  0.000000E+00  0.777812E+03  0.655127E+01  0.372748E+00  0.732736E+05
  0.309119E+00  0.717639E+05  0.698185E+05  0.000000E+00  0.000000E+00  0.727555E+03  0.553511E+01  0.372905E+00  0.707210E+05
  0.314842E+00  0.693867E+05  0.674615E+05  0.000000E+00  0.000000E+00  0.681968E+03  0.488108E+01  0.372938E+00  0.683662E+05
  0.320564E+00  0.672899E+05  0.654072E+05  0.000000E+00  0.000000E+00  0.641532E+03  0.457335E+01  0.372896E+00  0.662959E+05
  0.326287E+00  0.654758E+05  0.636566E+05  0.000000E+00  0.000000E+00  0.605884E+03  0.450098E+01  0.372707E+00  0.645119E+05
  0.332009E+00  0.638872E+05  0.621438E+05  0.000000E+00  0.000000E+00  0.574086E+03  0.440507E+01  0.372242E+00  0.629551E+05
  0.337732E+00  0.624212E+05  0.607539E+05  0.000000E+00  0.000000E+00  0.544964E+03  0.385564E+01  0.371559E+00  0.615201E+05
  0.343455E+00  0.609723E+05  0.593711E+05  0.000000E+00  0.000000E+00  0.517371E+03  0.265596E+01  0.371217E+00  0.600995E+05
  0.349177E+00  0.594847E+05  0.579338E+05  0.000000E+00  0.000000E+00  0.490742E+03  0.162208E+01  0.371931E+00  0.586361E+05
  0.354900E+00  0.579492E+05  0.564333E+05  0.000000E+00  0.000000E+00  0.464971E+03  0.205113E+01  0.372967E+00  0.571210E+05
  0.360623E+00  0.563895E+05  0.548978E+05  0.000000E+00  0.000000E+00  0.440183E+03  0.293562E+01  0.372271E+00  0.555790E+05
  0.366345E+00  0.548524E+05  0.533811E+05  0.000000E+00  0.000000E+00  0.416730E+03  0.183465E+01  0.371175E+00  0.540585E+05
  0.372068E+00  0.533879E+05  0.519393E+05  0.000000E+00  0.000000E+00  0.394897E+03  0.114410E+01  0.372644E+00  0.526107E+05
  0.377791E+00  0.520318E+05  0.506121E+05  0.000000E+00  0.000000E+00  0.374858E+03  0.232112E+01  0.372297E+00  0.512720E+05
  0.383513E+00  0.507906E+05  0.494066E+05  0.000000E+00  0.000000E+00  0.356549E+03  0.104131E+01  0.371359E+00  0.500494E+05
  0.389236E+00  0.496464E+05  0.483024E+05  0.000000E+00  0.000000E+00  0.339714E+03  0.151414E+01  0.373014E+00  0.489242E+05
  0.394959E+00  0.485714E+05  0.472684E+05  0.000000E+00  0.000000E+00  0.324082E+03  0.128316E+01  0.371126E+00  0.478680E+05
  0.400681E+00  0.475322E+05  0.462673E+05  0.000000E+00  0.000000E+00  0.309344E+03  0.109178E+01  0.373043E+00  0.468466E+05
  0.406404E+00  0.465025E+05  0.452705E+05  0.000000E+00  0.000000E+00  0.295277E+03  0.107606E+01  0.371110E+00  0.458331E+05
  0.412126E+00  0.454727E+05  0.442680E+05  0.000000E+00  0.000000E+00  0.281793E+03  0.115186E+01  0.373017E+00  0.448181E+05
  0.417849E+00  0.444466E+05  0.432648E+05  0.000000E+00  0.000000E+00  0.268874E+03  0.545454E+00  0.371376E+00  0.438056E+05
  0.423572E+00  0.434388E+05  0.422773E+05  0.000000E+00  0.000000E+00  0.256600E+03  0.135294E+01  0.372212E+00  0.428105E+05
  0.429294E+00  0.424657E+05  0.413244E+05  0.000000E+00  0.000000E+00  0.245016E+03  0.411601E+00  0.372725E+00  0.418499E+05
  0.435017E+00  0.415373E+05  0.404175E+05  0.000000E+00  0.000000E+00  0.234152E+03  0.659395E+00  0.371081E+00  0.409340E+05
  0.440740E+00  0.406589E+05  0.395622E+05  0.000000E+00  0.000000E+00  0.224001E+03  0.111311E+01  0.372309E+00  0.400682E+05
  0.446462E+00  0.398281E+05  0.387559E+05  0.000000E+00  0.000000E+00  0.214501E+03  0.442084E+00  0.372996E+00  0.392499E+05
  0.452185E+00  0.390353E+05  0.379881E+05  0.000000E+00  0.000000E+00  0.205577E+03  0.216710E+00  0.371599E+00  0.384696E+05
  0.457908E+00  0.382701E+05  0.372471E+05  0.000000E+00  0.000000E+00  0.197130E+03  0.683854E+00  0.371105E+00  0.377165E+05
  0.463630E+00  0.375226E+05  0.365219E+05  0.000000E+00  0.000000E+00  0.189091E+03  0.891362E+00  0.372135E+00  0.369804E+05
  0.469353E+00  0.367877E+05  0.358073E+05  0.000000E+00  0.000000E+00  0.181408E+03  0.615699E+00  0.373034E+00  0.362563E+05
  0.475075E+00  0.360651E+05  0.351031E+05  0.000000E+00  0.000000E+00  0.174064E+03  0.253297E+00  0.372964E+00  0.355438E+05
  0.480798E+00  0.353562E+05  0.344114E+05  0.000000E+00  0.000000E+00  0.167056E+03  0.777196E-01  0.372305E+00  0.348447E+05
  0.486521E+00  0.346665E+05  0.337381E+05  0.000000E+00  0.000000E+00  0.160389E+03  0.827334E-01  0.371645E+00  0.341644E+05
  0.492243E+00  0.340007E+05  0.330887E+05  0.000000E+00  0.000000E+00  0.154071E+03  0.160434E+00  0.371239E+00  0.335078E+05
  0.497966E+00  0.333597E+05  0.324643E+05  0.000000E+00  0.000000E+00  0.148087E+03  0.230822E+00  0.371061E+00  0.328759E+05
  0.503689E+00  0.327435E+05  0.318650E+05  0.000000E+00  0.000000E+00  0.142420E+03  0.262412E+00  0.371005E+00  0.322687E+05
  0.509411E+00  0.321494E+05  0.312879E+05  0.000000E+00  0.000000E+00  0.137045E+03  0.250634E+00  0.370995E+00  0.316836E+05
  0.515134E+00  0.315740E+05  0.307291E+05  0.000000E+00  0.000000E+00  0.131933E+03  0.199648E+00  0.371020E+00  0.311168E+05
  0.520857E+00  0.310144E+05  0.301854E+05  0.000000E+00  0.000000E+00  0.127060E+03  0.118786E+00  0.371139E+00  0.305655E+05
  0.526579E+00  0.304674E+05  0.296534E+05  0.000000E+00  0.000000E+00  0.122402E+03  0.307491E-01  0.371456E+00  0.300265E+05
  0.532302E+00  0.299319E+05  0.291323E+05  0.000000E+00  0.000000E+00  0.117943E+03 -0.186478E-01  0.372041E+00  0.294988E+05
  0.538025E+00  0.294084E+05  0.286223E+05  0.000000E+00  0.000000E+00  0.113674E+03  0.308124E-01  0.372780E+00  0.289827E+05
  0.543747E+00  0.288975E+05  0.281245E+05  0.000000E+00  0.000000E+00  0.109596E+03  0.196408E+00  0.373188E+00  0.284790E+05
  0.549470E+00  0.284006E+05  0.276404E+05  0.000000E+00  0.000000E+00  0.105701E+03  0.376429E+00  0.372718E+00  0.279892E+05
  0.555192E+00  0.279184E+05  0.271708E+05  0.000000E+00  0.000000E+00  0.101984E+03  0.372463E+00  0.371513E+00  0.275138E+05
  0.560915E+00  0.274505E+05  0.267154E+05  0.000000E+00  0.000000E+00  0.984404E+02  0.129777E+00  0.370946E+00  0.270527E+05
  0.566638E+00  0.269967E+05  0.262740E+05  0.000000E+00  0.000000E+00  0.950538E+02 -0.439972E-01  0.372087E+00  0.266055E+05
  0.572360E+00  0.265553E+05  0.258448E+05  0.000000E+00  0.000000E+00  0.918194E+02  0.147109E+00  0.373216E+00  0.261706E+05
  0.578083E+00  0.261252E+05  0.254265E+05  0.000000E+00  0.000000E+00  0.887208E+02  0.335861E+00  0.371988E+00  0.257468E+05
  0.583806E+00  0.257057E+05  0.250185E+05  0.000000E+00  0.000000E+00  0.857525E+02  0.837092E-01  0.370947E+00  0.253334E+05
  0.589528E+00  0.252955E+05  0.246194E+05  0.000000E+00  0.000000E+00  0.829094E+02 -0.180084E-01  0.372753E+00  0.249292E+05
  0.595251E+00  0.248947E+05  0.242292E+05  0.000000E+00  0.000000E+00  0.801756E+02  0.278335E+00  0.372588E+00  0.245342E+05
  0.600974E+00  0.245032E+05  0.238480E+05  0.000000E+00  0.000000E+00  0.775582E+02  0.917499E-01  0.370894E+00  0.241483E+05
  0.606696E+00  0.241209E+05  0.234758E+05  0.000000E+00  0.000000E+00  0.750438E+02  0.114000E-02  0.372963E+00  0.237715E+05
  0.612419E+00  0.237482E+05  0.231130E+05  0.000000E+00  0.000000E+00  0.726324E+02  0.261961E+00  0.371892E+00  0.234042E+05
  0.618141E+00  0.233850E+05  0.227594E+05  0.000000E+00  0.000000E+00  0.703229E+02 -0.423049E-01  0.371536E+00  0.230462E+05
  0.623864E+00  0.230307E+05  0.224147E+05  0.000000E+00  0.000000E+00  0.681022E+02  0.182600E+00  0.373026E+00  0.226971E+05
  0.671093E+00  0.204037E+05  0.198582E+05  0.000000E+00  0.000000E+00  0.527986E+02 -0.448679E-01  0.372656E+00  0.201081E+05
  0.721897E+00  0.180670E+05  0.175841E+05  0.000000E+00  0.000000E+00  0.408751E+02  0.144654E-01  0.373299E+00  0.178052E+05
  0.776548E+00  0.159897E+05  0.155625E+05  0.000000E+00  0.000000E+00  0.316024E+02  0.144378E-01  0.373371E+00  0.157581E+05
  0.835335E+00  0.141448E+05  0.137669E+05  0.000000E+00  0.000000E+00  0.244039E+02  0.482938E-01  0.370893E+00  0.139399E+05
  0.898573E+00  0.125073E+05  0.121732E+05  0.000000E+00  0.000000E+00  0.188215E+02 -0.303187E-01  0.372744E+00  0.123261E+05
  0.966598E+00  0.110545E+05  0.107593E+05  0.000000E+00  0.000000E+00  0.145000E+02 -0.247086E-01  0.372826E+00  0.108944E+05
  0.103977E+01  0.976617E+04  0.950539E+04  0.000000E+00  0.000000E+00  0.111579E+02  0.194236E-01  0.373373E+00  0.962467E+04
  0.104118E+01  0.974388E+04  0.948370E+04  0.000000E+00  0.000000E+00  0.111041E+02 -0.115627E-01  0.373324E+00  0.960271E+04
  0.105164E+01  0.957950E+04  0.932371E+04  0.000000E+00  0.000000E+00  0.107116E+02 -0.375053E-03  0.370554E+00  0.944071E+04
  0.106221E+01  0.941782E+04  0.916636E+04  0.000000E+00  0.000000E+00  0.103327E+02  0.296326E-01  0.371474E+00  0.928137E+04
  0.107288E+01  0.925877E+04  0.901156E+04  0.000000E+00  0.000000E+00  0.996737E+01  0.304213E-01  0.371853E+00  0.912463E+04
  0.108367E+01  0.910238E+04  0.885935E+04  0.000000E+00  0.000000E+00  0.961416E+01  0.184255E-01  0.370780E+00  0.897050E+04
  0.109456E+01  0.894857E+04  0.870965E+04  0.000000E+00  0.000000E+00  0.927390E+01 -0.212636E-01  0.371680E+00  0.881892E+04
  0.110556E+01  0.879740E+04  0.856253E+04  0.000000E+00  0.000000E+00  0.894534E+01  0.258276E-01  0.372628E+00  0.866995E+04
  0.111667E+01  0.864863E+04  0.841773E+04  0.000000E+00  0.000000E+00  0.862819E+01 -0.159969E-01  0.373001E+00  0.852333E+04
  0.112789E+01  0.850233E+04  0.827534E+04  0.000000E+00  0.000000E+00  0.832222E+01 -0.189839E-01  0.371542E+00  0.837915E+04
  0.113923E+01  0.835838E+04  0.813524E+04  0.000000E+00  0.000000E+00  0.802668E+01 -0.195180E-01  0.371823E+00  0.823728E+04
  0.115068E+01  0.821683E+04  0.799746E+04  0.000000E+00  0.000000E+00  0.774151E+01 -0.557901E-02  0.373551E+00  0.809778E+04
  0.116224E+01  0.807778E+04  0.786214E+04  0.000000E+00  0.000000E+00  0.746686E+01  0.204721E-01  0.371264E+00  0.796075E+04
  0.117392E+01  0.794091E+04  0.772892E+04  0.000000E+00  0.000000E+00  0.720142E+01 -0.755756E-02  0.373475E+00  0.782586E+04
  0.118572E+01  0.780626E+04  0.759788E+04  0.000000E+00  0.000000E+00  0.694524E+01 -0.167222E-01  0.371553E+00  0.769317E+04
  0.119764E+01  0.767384E+04  0.746899E+04  0.000000E+00  0.000000E+00  0.669835E+01 -0.150290E-01  0.371289E+00  0.756266E+04
  0.120967E+01  0.754360E+04  0.734223E+04  0.000000E+00  0.000000E+00  0.645976E+01 -0.139828E-01  0.372943E+00  0.743431E+04
  0.122183E+01  0.741554E+04  0.721759E+04  0.000000E+00  0.000000E+00  0.622962E+01  0.190773E-01  0.372527E+00  0.730810E+04
  0.123411E+01  0.728958E+04  0.709500E+04  0.000000E+00  0.000000E+00  0.600770E+01 -0.159231E-01  0.372249E+00  0.718397E+04
  0.124651E+01  0.716581E+04  0.697454E+04  0.000000E+00  0.000000E+00  0.579352E+01 -0.143581E-02  0.370400E+00  0.706199E+04
  0.125904E+01  0.704399E+04  0.685597E+04  0.000000E+00  0.000000E+00  0.558715E+01  0.199242E-02  0.370363E+00  0.694194E+04
  0.127170E+01  0.692418E+04  0.673937E+04  0.000000E+00  0.000000E+00  0.538755E+01 -0.126365E-01  0.371217E+00  0.682387E+04
  0.128448E+01  0.680638E+04  0.662471E+04  0.000000E+00  0.000000E+00  0.519537E+01  0.601589E-02  0.373694E+00  0.670777E+04
  0.129739E+01  0.669052E+04  0.651194E+04  0.000000E+00  0.000000E+00  0.500984E+01 -0.105944E-01  0.370960E+00  0.659359E+04
  0.131042E+01  0.657660E+04  0.640107E+04  0.000000E+00  0.000000E+00  0.483071E+01  0.622988E-02  0.370414E+00  0.648132E+04
  0.132359E+01  0.646454E+04  0.629200E+04  0.000000E+00  0.000000E+00  0.465809E+01  0.437671E-02  0.370334E+00  0.637088E+04
  0.133690E+01  0.635437E+04  0.618477E+04  0.000000E+00  0.000000E+00  0.449152E+01 -0.122366E-01  0.371469E+00  0.626231E+04
  0.135033E+01  0.624605E+04  0.607934E+04  0.000000E+00  0.000000E+00  0.433082E+01  0.118860E-01  0.373115E+00  0.615555E+04
  0.136390E+01  0.613954E+04  0.597568E+04  0.000000E+00  0.000000E+00  0.417565E+01 -0.110449E-01  0.372858E+00  0.605059E+04
  0.137761E+01  0.603489E+04  0.587383E+04  0.000000E+00  0.000000E+00  0.402621E+01 -0.116939E-01  0.371668E+00  0.594746E+04
  0.139146E+01  0.593191E+04  0.577360E+04  0.000000E+00  0.000000E+00  0.388196E+01 -0.982357E-02  0.373030E+00  0.584597E+04
  0.140544E+01  0.583064E+04  0.567504E+04  0.000000E+00  0.000000E+00  0.374296E+01  0.119565E-01  0.372743E+00  0.574617E+04
  0.141957E+01  0.573111E+04  0.557816E+04  0.000000E+00  0.000000E+00  0.360872E+01 -0.110416E-01  0.372276E+00  0.564807E+04
  0.143383E+01  0.563319E+04  0.548285E+04  0.000000E+00  0.000000E+00  0.347936E+01 -0.501086E-02  0.370401E+00  0.555158E+04
  0.144824E+01  0.553689E+04  0.538913E+04  0.000000E+00  0.000000E+00  0.335447E+01 -0.765317E-02  0.370745E+00  0.545667E+04
  0.146280E+01  0.544225E+04  0.529702E+04  0.000000E+00  0.000000E+00  0.323404E+01 -0.504707E-02  0.373719E+00  0.536341E+04
  0.147750E+01  0.534911E+04  0.520637E+04  0.000000E+00  0.000000E+00  0.311786E+01  0.427924E-02  0.370210E+00  0.527162E+04
  0.149235E+01  0.525767E+04  0.511736E+04  0.000000E+00  0.000000E+00  0.300584E+01  0.103778E-01  0.372627E+00  0.518149E+04
