    0.999999974737875163555145263671875000000000E-04    0.445641937255859375000000000000000000000000E+03
    0.102020130725577473640441894531250000000000E-03    0.454325317382812500000000000000000000000000E+03
    0.104081082099582999944686889648437500000000E-03    0.463177642822265625000000000000000000000000E+03
    0.106183659227099269628524780273437500000000E-03    0.472202239990234375000000000000000000000000E+03
    0.108328706119209527969360351562500000000000E-03    0.481402404785156250000000000000000000000000E+03
    0.110517095890827476978302001953125000000000E-03    0.490781524658203125000000000000000000000000E+03
    0.112749679828993976116180419921875000000000E-03    0.500343109130859375000000000000000000000000E+03
    0.115027374704368412494659423828125000000000E-03    0.510090667724609375000000000000000000000000E+03
    0.117351090011652559041976928710937500000000E-03    0.520027770996093750000000000000000000000000E+03
    0.119721727969590574502944946289062500000000E-03    0.530158142089843750000000000000000000000000E+03
    0.122140278108417987823486328125000000000000E-03    0.540485473632812500000000000000000000000000E+03
    0.124607671750709414482116699218750000000000E-03    0.551013610839843750000000000000000000000000E+03
    0.127124920254573225975036621093750000000000E-03    0.561746398925781250000000000000000000000000E+03
    0.129692998598329722881317138671875000000000E-03    0.572687805175781250000000000000000000000000E+03
    0.132312969071790575981140136718750000000000E-03    0.583841857910156250000000000000000000000000E+03
    0.134985879412852227687835693359375000000000E-03    0.595212646484375000000000000000000000000000E+03
    0.137712777359411120414733886718750000000000E-03    0.606804382324218750000000000000000000000000E+03
    0.140494754305109381675720214843750000000000E-03    0.618621276855468750000000000000000000000000E+03
    0.143332930747419595718383789062500000000000E-03    0.630667663574218750000000000000000000000000E+03
    0.146228456287644803524017333984375000000000E-03    0.642948059082031250000000000000000000000000E+03
    0.149182465975172817707061767578125000000000E-03    0.655466857910156250000000000000000000000000E+03
    0.152196153067052364349365234375000000000000E-03    0.668228698730468750000000000000000000000000E+03
    0.155270710820332169532775878906250000000000E-03    0.681238281250000000000000000000000000000000E+03
    0.158407390699721872806549072265625000000000E-03    0.694500366210937500000000000000000000000000E+03
    0.161607444169931113719940185546875000000000E-03    0.708019836425781250000000000000000000000000E+03
    0.164872122695669531822204589843750000000000E-03    0.721801574707031250000000000000000000000000E+03
    0.168202750501222908496856689453125000000000E-03    0.735850585937500000000000000000000000000000E+03
    0.171600666362792253494262695312500000000000E-03    0.750172119140625000000000000000000000000000E+03
    0.175067238160409033298492431640625000000000E-03    0.764771240234375000000000000000000000000000E+03
    0.178603833774104714393615722656250000000000E-03    0.779653381347656250000000000000000000000000E+03
    0.182211864739656448364257812500000000000000E-03    0.794823974609375000000000000000000000000000E+03
    0.185892800800502300262451171875000000000000E-03    0.810288452148437500000000000000000000000000E+03
    0.189648068044334650039672851562500000000000E-03    0.826052490234375000000000000000000000000000E+03
    0.193479223526082932949066162109375000000000E-03    0.842121765136718750000000000000000000000000E+03
    0.197387780644930899143218994140625000000000E-03    0.858502136230468750000000000000000000000000E+03
    0.201375267351977527141571044921875000000000E-03    0.875199584960937500000000000000000000000000E+03
    0.205443298909813165664672851562500000000000E-03    0.892220031738281250000000000000000000000000E+03
    0.209593548788689076900482177734375000000000E-03    0.909569763183593750000000000000000000000000E+03
    0.213827603147365152835845947265625000000000E-03    0.927254943847656250000000000000000000000000E+03
    0.218147222767584025859832763671875000000000E-03    0.945281982421875000000000000000000000000000E+03
    0.222554081119596958160400390625000000000000E-03    0.963657348632812500000000000000000000000000E+03
    0.227049968088977038860321044921875000000000E-03    0.982387634277343750000000000000000000000000E+03
    0.231636688113212585449218750000000000000000E-03    0.100147961425781250000000000000000000000000E+04
    0.236316060181707143783569335937500000000000E-03    0.102094012451171875000000000000000000000000E+04
    0.241089961491525173187255859375000000000000E-03    0.104077600097656250000000000000000000000000E+04
    0.245960312895476818084716796875000000000000E-03    0.106099450683593750000000000000000000000000E+04
    0.250929006142541766166687011718750000000000E-03    0.108160278320312500000000000000000000000000E+04
    0.255998136708512902259826660156250000000000E-03    0.110260815429687500000000000000000000000000E+04
    0.261169654550030827522277832031250000000000E-03    0.112401806640625000000000000000000000000000E+04
    0.266445596935227513313293457031250000000000E-03    0.114584008789062500000000000000000000000000E+04
    0.271828175755217671394348144531250000000000E-03    0.116808203125000000000000000000000000000000E+04
    0.277319486485794186592102050781250000000000E-03    0.119075158691406250000000000000000000000000E+04
    0.282921682810410857200622558593750000000000E-03    0.121385705566406250000000000000000000000000E+04
    0.288637093035504221916198730468750000000000E-03    0.123740637207031250000000000000000000000000E+04
    0.294467929052188992500305175781250000000000E-03    0.126140771484375000000000000000000000000000E+04
    0.300416606478393077850341796875000000000000E-03    0.128586975097656250000000000000000000000000E+04
    0.306485395412892103195190429687500000000000E-03    0.131080078125000000000000000000000000000000E+04
    0.312676827888935804367065429687500000000000E-03    0.133620959472656250000000000000000000000000E+04
    0.318993290420621633529663085937500000000000E-03    0.136210498046875000000000000000000000000000E+04
    0.325437402352690696716308593750000000000000E-03    0.138849597167968750000000000000000000000000E+04
    0.332011666614562273025512695312500000000000E-03    0.141539160156250000000000000000000000000000E+04
    0.338718760758638381958007812500000000000000E-03    0.144280114746093750000000000000000000000000E+04
    0.345561362337321043014526367187500000000000E-03    0.147073413085937500000000000000000000000000E+04
    0.352542119799181818962097167968750000000000E-03    0.149919995117187500000000000000000000000000E+04
    0.359663943527266383171081542968750000000000E-03    0.152820849609375000000000000000000000000000E+04
    0.366929627489298582077026367187500000000000E-03    0.155776940917968750000000000000000000000000E+04
    0.374342111172154545783996582031250000000000E-03    0.158789294433593750000000000000000000000000E+04
    0.381904304958879947662353515625000000000000E-03    0.161858923339843750000000000000000000000000E+04
    0.389619322959333658218383789062500000000000E-03    0.164986853027343750000000000000000000000000E+04
    0.397490162868052721023559570312500000000000E-03    0.168174145507812500000000000000000000000000E+04
    0.405519997002556920051574707031250000000000E-03    0.171421850585937500000000000000000000000000E+04
    0.413712026784196496009826660156250000000000E-03    0.174731066894531250000000000000000000000000E+04
    0.422069540945813059806823730468750000000000E-03    0.178102868652343750000000000000000000000000E+04
    0.430595915531739592552185058593750000000000E-03    0.181538378906250000000000000000000000000000E+04
    0.439294555690139532089233398437500000000000E-03    0.185038720703125000000000000000000000000000E+04
    0.448168895673006772994995117187500000000000E-03    0.188605041503906250000000000000000000000000E+04
    0.457222486147657036781311035156250000000000E-03    0.192238513183593750000000000000000000000000E+04
    0.466458965092897415161132812500000000000000E-03    0.195940283203125000000000000000000000000000E+04
    0.475882086902856826782226562500000000000000E-03    0.199711560058593750000000000000000000000000E+04
    0.485495518660172820091247558593750000000000E-03    0.203553552246093750000000000000000000000000E+04
    0.495303189381957054138183593750000000000000E-03    0.207467480468750000000000000000000000000000E+04
    0.505309028085321187973022460937500000000000E-03    0.211454565429687500000000000000000000000000E+04
    0.515516963787376880645751953125000000000000E-03    0.215516064453125000000000000000000000000000E+04
    0.525931071024388074874877929687500000000000E-03    0.219653271484375000000000000000000000000000E+04
    0.536555540747940540313720703125000000000000E-03    0.223867456054687500000000000000000000000000E+04
    0.547394680324941873550415039062500000000000E-03    0.228159936523437500000000000000000000000000E+04
    0.558452797122299671173095703125000000000000E-03    0.232531982421875000000000000000000000000000E+04
    0.569734314922243356704711914062500000000000E-03    0.236984960937500000000000000000000000000000E+04
    0.581243715714663267135620117187500000000000E-03    0.241520214843750000000000000000000000000000E+04
    0.592985597904771566390991210937500000000000E-03    0.246139086914062500000000000000000000000000E+04
    0.604964734520763158798217773437500000000000E-03    0.250842968750000000000000000000000000000000E+04
    0.617185782175511121749877929687500000000000E-03    0.255633251953125000000000000000000000000000E+04
    0.629653746727854013442993164062500000000000E-03    0.260511303710937500000000000000000000000000E+04
    0.642373692244291305541992187500000000000000E-03    0.265478588867187500000000000000000000000000E+04
    0.655350449960678815841674804687500000000000E-03    0.270536474609375000000000000000000000000000E+04
    0.668589433189481496810913085937500000000000E-03    0.275686450195312500000000000000000000000000E+04
    0.682095822412520647048950195312500000000000E-03    0.280929907226562500000000000000000000000000E+04
    0.695875030942261219024658203125000000000000E-03    0.286268359375000000000000000000000000000000E+04
    0.709932646714150905609130859375000000000000E-03    0.291703247070312500000000000000000000000000E+04
    0.724274199455976486206054687500000000000000E-03    0.297236059570312500000000000000000000000000E+04
    0.738905626349151134490966796875000000000000E-03    0.302868310546875000000000000000000000000000E+04
    0.753832457121461629867553710937500000000000E-03    0.308601464843750000000000000000000000000000E+04
    0.769060861784964799880981445312500000000000E-03    0.314437036132812500000000000000000000000000E+04
    0.784596893936395645141601562500000000000000E-03    0.320376562500000000000000000000000000000000E+04
    0.800446781795471906661987304687500000000000E-03    0.326421557617187500000000000000000000000000E+04
    0.816616869997233152389526367187500000000000E-03    0.332573535156250000000000000000000000000000E+04
    0.833113677799701690673828125000000000000000E-03    0.338834008789062500000000000000000000000000E+04
    0.849943608045578002929687500000000000000000E-03    0.345204516601562500000000000000000000000000E+04
    0.867113587446510791778564453125000000000000E-03    0.351686621093750000000000000000000000000000E+04
    0.884630659129470586776733398437500000000000E-03    0.358281811523437500000000000000000000000000E+04
    0.902501342352479696273803710937500000000000E-03    0.364991601562500000000000000000000000000000E+04
    0.920733029488474130630493164062500000000000E-03    0.371817553710937500000000000000000000000000E+04
    0.939333112910389900207519531250000000000000E-03    0.378761181640625000000000000000000000000000E+04
    0.958308868575841188430786132812500000000000E-03    0.385823999023437500000000000000000000000000E+04
    0.977667979896068572998046875000000000000000E-03    0.393007495117187500000000000000000000000000E+04
    0.997418188489973545074462890625000000000000E-03    0.400313159179687500000000000000000000000000E+04
    0.101756735239177942276000976562500000000000E-02    0.407742480468750000000000000000000000000000E+04
    0.103812362067401409149169921875000000000000E-02    0.415296923828125000000000000000000000000000E+04
    0.105909502599388360977172851562500000000000E-02    0.422977978515625000000000000000000000000000E+04
    0.108049006666988134384155273437500000000000E-02    0.430787011718750000000000000000000000000000E+04
    0.110231747385114431381225585937500000000000E-02    0.438725439453125000000000000000000000000000E+04
    0.112458574585616588592529296875000000000000E-02    0.446794628906250000000000000000000000000000E+04
    0.114730407949537038803100585937500000000000E-02    0.454995947265625000000000000000000000000000E+04
    0.117048120591789484024047851562500000000000E-02    0.463330712890625000000000000000000000000000E+04
    0.119412643834948539733886718750000000000000E-02    0.471800244140625000000000000000000000000000E+04
    0.121824943926185369491577148437500000000000E-02    0.480405712890625000000000000000000000000000E+04
    0.124285963829606771469116210937500000000000E-02    0.489148388671875000000000000000000000000000E+04
    0.126796704716980457305908203125000000000000E-02    0.498029394531250000000000000000000000000000E+04
    0.129358167760074138641357421875000000000000E-02    0.507049853515625000000000000000000000000000E+04
    0.131971365772187709808349609375000000000000E-02    0.516210888671875000000000000000000000000000E+04
    0.134637358132749795913696289062500000000000E-02    0.525513378906250000000000000000000000000000E+04
    0.137357215862721204757690429687500000000000E-02    0.534958300781250000000000000000000000000000E+04
    0.140132009983062744140625000000000000000000E-02    0.544546533203125000000000000000000000000000E+04
    0.142962858080863952636718750000000000000000E-02    0.554278955078125000000000000000000000000000E+04
    0.145850901026278734207153320312500000000000E-02    0.564156152343750000000000000000000000000000E+04
    0.148797314614057540893554687500000000000000E-02    0.574178857421875000000000000000000000000000E+04
    0.151803228072822093963623046875000000000000E-02    0.584347509765625000000000000000000000000000E+04
    0.154869852121919393539428710937500000000000E-02    0.594662695312500000000000000000000000000000E+04
    0.157998420763760805130004882812500000000000E-02    0.605124755859375000000000000000000000000000E+04
    0.161190202925354242324829101562500000000000E-02    0.615733886718750000000000000000000000000000E+04
    0.164446467533707618713378906250000000000000E-02    0.626490185546875000000000000000000000000000E+04
    0.167768495157361030578613281250000000000000E-02    0.637393701171875000000000000000000000000000E+04
    0.171157636214047670364379882812500000000000E-02    0.648444287109375000000000000000000000000000E+04
    0.174615241121500730514526367187500000000000E-02    0.659641748046875000000000000000000000000000E+04
    0.178142718505114316940307617187500000000000E-02    0.670985595703125000000000000000000000000000E+04
    0.181741418782621622085571289062500000000000E-02    0.682475195312500000000000000000000000000000E+04
    0.185412843711674213409423828125000000000000E-02    0.694109814453125000000000000000000000000000E+04
    0.189158413559198379516601562500000000000000E-02    0.705888574218750000000000000000000000000000E+04
    0.192979711573570966720581054687500000000000E-02    0.717810400390625000000000000000000000000000E+04
    0.196878169663250446319580078125000000000000E-02    0.729873974609375000000000000000000000000000E+04
    0.200855359435081481933593750000000000000000E-02    0.742077685546875000000000000000000000000000E+04
    0.204912899062037467956542968750000000000000E-02    0.754419775390625000000000000000000000000000E+04
    0.209052418358623981475830078125000000000000E-02    0.766898388671875000000000000000000000000000E+04
    0.213275570422410964965820312500000000000000E-02    0.779511376953125000000000000000000000000000E+04
    0.217583985067903995513916015625000000000000E-02    0.792256152343750000000000000000000000000000E+04
    0.221979478374123573303222656250000000000000E-02    0.805129833984375000000000000000000000000000E+04
    0.226463773287832736968994140625000000000000E-02    0.818129394531250000000000000000000000000000E+04
    0.231038639321923255920410156250000000000000E-02    0.831251464843750000000000000000000000000000E+04
    0.235705915838479995727539062500000000000000E-02    0.844492578125000000000000000000000000000000E+04
    0.240467488765716552734375000000000000000000E-02    0.857848535156250000000000000000000000000000E+04
    0.245325244031846523284912109375000000000000E-02    0.871314843750000000000000000000000000000000E+04
    0.250281183980405330657958984375000000000000E-02    0.884886621093750000000000000000000000000000E+04
    0.255337217822670936584472656250000000000000E-02    0.898558789062500000000000000000000000000000E+04
    0.260495371185243129730224609375000000000000E-02    0.912325976562500000000000000000000000000000E+04
    0.265757716260850429534912109375000000000000E-02    0.926182031250000000000000000000000000000000E+04
    0.271126371808350086212158203125000000000000E-02    0.940119921875000000000000000000000000000000E+04
    0.276603479869663715362548828125000000000000E-02    0.954132812500000000000000000000000000000000E+04
    0.282191229052841663360595703125000000000000E-02    0.968213085937500000000000000000000000000000E+04
    0.287891877815127372741699218750000000000000E-02    0.982352832031250000000000000000000000000000E+04
    0.293707661330699920654296875000000000000000E-02    0.996543066406250000000000000000000000000000E+04
    0.299640954472124576568603515625000000000000E-02    0.101077421875000000000000000000000000000000E+05
    0.305694085545837879180908203125000000000000E-02    0.102503623046875000000000000000000000000000E+05
    0.311869522556662559509277343750000000000000E-02    0.103931855468750000000000000000000000000000E+05
    0.318169780075550079345703125000000000000000E-02    0.105361015625000000000000000000000000000000E+05
    0.324597232975065708160400390625000000000000E-02    0.106789853515625000000000000000000000000000E+05
    0.331154512241482734680175781250000000000000E-02    0.108217001953125000000000000000000000000000E+05
    0.337844272144138813018798828125000000000000E-02    0.109641074218750000000000000000000000000000E+05
    0.344669190235435962677001953125000000000000E-02    0.111060625000000000000000000000000000000000E+05
    0.351631967350840568542480468750000000000000E-02    0.112474130859375000000000000000000000000000E+05
    0.358735374175012111663818359375000000000000E-02    0.113879853515625000000000000000000000000000E+05
    0.365982321090996265411376953125000000000000E-02    0.115275947265625000000000000000000000000000E+05
    0.373375625349581241607666015625000000000000E-02    0.116660507812500000000000000000000000000000E+05
    0.380918313749134540557861328125000000000000E-02    0.118031582031250000000000000000000000000000E+05
    0.388613343238830566406250000000000000000000E-02    0.119387119140625000000000000000000000000000E+05
    0.396463880315423011779785156250000000000000E-02    0.120724794921875000000000000000000000000000E+05
    0.404472928494215011596679687500000000000000E-02    0.122042167968750000000000000000000000000000E+05
    0.412643933668732643127441406250000000000000E-02    0.123336738281250000000000000000000000000000E+05
    0.420979922637343406677246093750000000000000E-02    0.124605917968750000000000000000000000000000E+05
    0.429484248161315917968750000000000000000000E-02    0.125847050781250000000000000000000000000000E+05
    0.438160402700304985046386718750000000000000E-02    0.127057011718750000000000000000000000000000E+05
    0.447011832147836685180664062500000000000000E-02    0.128232509765625000000000000000000000000000E+05
    0.456042028963565826416015625000000000000000E-02    0.129370166015625000000000000000000000000000E+05
    0.465254718437790870666503906250000000000000E-02    0.130466572265625000000000000000000000000000E+05
    0.474653439596295356750488281250000000000000E-02    0.131518242187500000000000000000000000000000E+05
    0.484242103993892669677734375000000000000000E-02    0.132521474609375000000000000000000000000000E+05
    0.494024436920881271362304687500000000000000E-02    0.133472490234375000000000000000000000000000E+05
    0.504004349932074546813964843750000000000000E-02    0.134367470703125000000000000000000000000000E+05
    0.514185894280672073364257812500000000000000E-02    0.135202607421875000000000000000000000000000E+05
    0.524573167786002159118652343750000000000000E-02    0.135973935546875000000000000000000000000000E+05
    0.535170361399650573730468750000000000000000E-02    0.136676445312500000000000000000000000000000E+05
    0.545981479808688163757324218750000000000000E-02    0.137304726562500000000000000000000000000000E+05
    0.557011039927601814270019531250000000000000E-02    0.137853388671875000000000000000000000000000E+05
    0.568263372406363487243652343750000000000000E-02    0.138317109375000000000000000000000000000000E+05
    0.579743087291717529296875000000000000000000E-02    0.138690664062500000000000000000000000000000E+05
    0.591454654932022094726562500000000000000000E-02    0.138968730468750000000000000000000000000000E+05
    0.603402825072407722473144531250000000000000E-02    0.139146123046875000000000000000000000000000E+05
    0.615592347458004951477050781250000000000000E-02    0.139217802734375000000000000000000000000000E+05
    0.628028111532330513000488281250000000000000E-02    0.139178974609375000000000000000000000000000E+05
    0.640715099871158599853515625000000000000000E-02    0.139024980468750000000000000000000000000000E+05
    0.653658434748649597167968750000000000000000E-02    0.138750517578125000000000000000000000000000E+05
    0.666863145306706428527832031250000000000000E-02    0.138350253906250000000000000000000000000000E+05
    0.680334679782390594482421875000000000000000E-02    0.137819287109375000000000000000000000000000E+05
    0.694078346714377403259277343750000000000000E-02    0.137153115234375000000000000000000000000000E+05
    0.708099640905857086181640625000000000000000E-02    0.136347744140625000000000000000000000000000E+05
    0.722404150292277336120605468750000000000000E-02    0.135399326171875000000000000000000000000000E+05
    0.736997742205858230590820312500000000000000E-02    0.134304501953125000000000000000000000000000E+05
    0.751886051148176193237304687500000000000000E-02    0.133060576171875000000000000000000000000000E+05
    0.767075084149837493896484375000000000000000E-02    0.131665566406250000000000000000000000000000E+05
    0.782571360468864440917968750000000000000000E-02    0.130118310546875000000000000000000000000000E+05
    0.798380374908447265625000000000000000000000E-02    0.128418623046875000000000000000000000000000E+05
    0.814508739858865737915039062500000000000000E-02    0.126567265625000000000000000000000000000000E+05
    0.830962881445884704589843750000000000000000E-02    0.124565859375000000000000000000000000000000E+05
    0.847749505192041397094726562500000000000000E-02    0.122416865234375000000000000000000000000000E+05
    0.864875130355358123779296875000000000000000E-02    0.120123867187500000000000000000000000000000E+05
    0.882346741855144500732421875000000000000000E-02    0.117692890625000000000000000000000000000000E+05
    0.900171231478452682495117187500000000000000E-02    0.115131337890625000000000000000000000000000E+05
    0.918355956673622131347656250000000000000000E-02    0.112447246093750000000000000000000000000000E+05
    0.936907902359962463378906250000000000000000E-02    0.109649248046875000000000000000000000000000E+05
    0.955834705382585525512695312500000000000000E-02    0.106746962890625000000000000000000000000000E+05
    0.975143909454345703125000000000000000000000E-02    0.103753828125000000000000000000000000000000E+05
    0.994843058288097381591796875000000000000000E-02    0.100684648437500000000000000000000000000000E+05
    0.101494016125798225402832031250000000000000E-01    0.975539355468750000000000000000000000000000E+04
    0.103544332087039947509765625000000000000000E-01    0.943757812500000000000000000000000000000000E+04
    0.105636063963174819946289062500000000000000E-01    0.911644726562500000000000000000000000000000E+04
    0.107770059257745742797851562500000000000000E-01    0.879384375000000000000000000000000000000000E+04
    0.109947146847844123840332031250000000000000E-01    0.847166992187500000000000000000000000000000E+04
    0.112168220803141593933105468750000000000000E-01    0.815165283203125000000000000000000000000000E+04
    0.114434175193309783935546875000000000000000E-01    0.783534179687500000000000000000000000000000E+04
    0.116745894774794578552246093750000000000000E-01    0.752415039062500000000000000000000000000000E+04
    0.119104310870170593261718750000000000000000E-01    0.721961230468750000000000000000000000000000E+04
    0.121510382741689682006835937500000000000000E-01    0.692316845703125000000000000000000000000000E+04
    0.123965051025152206420898437500000000000000E-01    0.663602978515625000000000000000000000000000E+04
    0.126469302922487258911132812500000000000000E-01    0.635919238281250000000000000000000000000000E+04
    0.129024153575301170349121093750000000000000E-01    0.609342480468750000000000000000000000000000E+04
    0.131630674004554748535156250000000000000000E-01    0.583910742187500000000000000000000000000000E+04
    0.134289795532822608947753906250000000000000E-01    0.559640771484375000000000000000000000000000E+04
    0.137002617120742797851562500000000000000000E-01    0.536540332031250000000000000000000000000000E+04
    0.139770256355404853820800781250000000000000E-01    0.514609570312500000000000000000000000000000E+04
    0.142593793570995330810546875000000000000000E-01    0.493830468750000000000000000000000000000000E+04
    0.145474374294281005859375000000000000000000E-01    0.474095507812500000000000000000000000000000E+04
    0.148413162678480148315429687500000000000000E-01    0.455269433593750000000000000000000000000000E+04
    0.151411294937133789062500000000000000000000E-01    0.437232617187500000000000000000000000000000E+04
    0.154470009729266166687011718750000000000000E-01    0.419879443359375000000000000000000000000000E+04
    0.157590489834547042846679687500000000000000E-01    0.403121435546875000000000000000000000000000E+04
    0.160774048417806625366210937500000000000000E-01    0.386912817382812500000000000000000000000000E+04
    0.164021886885166168212890625000000000000000E-01    0.371227221679687500000000000000000000000000E+04
    0.167335346341133117675781250000000000000000E-01    0.356040722656250000000000000000000000000000E+04
    0.170715730637311935424804687500000000000000E-01    0.341331420898437500000000000000000000000000E+04
    0.174164418131113052368164062500000000000000E-01    0.327081762695312500000000000000000000000000E+04
    0.177682787179946899414062500000000000000000E-01    0.313292822265625000000000000000000000000000E+04
    0.181272197514772415161132812500000000000000E-01    0.299972045898437500000000000000000000000000E+04
    0.184934139251708984375000000000000000000000E-01    0.287124072265625000000000000000000000000000E+04
    0.188670046627521514892578125000000000000000E-01    0.274750878906250000000000000000000000000000E+04
    0.192481447011232376098632812500000000000000E-01    0.262850390625000000000000000000000000000000E+04
    0.196369830518960952758789062500000000000000E-01    0.251405493164062500000000000000000000000000E+04
    0.200336743146181106567382812500000000000000E-01    0.240393554687500000000000000000000000000000E+04
    0.204383805394172668457031250000000000000000E-01    0.229793725585937500000000000000000000000000E+04
    0.208512637764215469360351562500000000000000E-01    0.219586743164062500000000000000000000000000E+04
    0.212724860757589340209960937500000000000000E-01    0.209755712890625000000000000000000000000000E+04
    0.217022281140089035034179687500000000000000E-01    0.200292102050781250000000000000000000000000E+04
    0.221406426280736923217773437500000000000000E-01    0.191190515136718750000000000000000000000000E+04
    0.225879121571779251098632812500000000000000E-01    0.182444824218750000000000000000000000000000E+04
    0.230442192405462265014648437500000000000000E-01    0.174048254394531250000000000000000000000000E+04
    0.235097426921129226684570312500000000000000E-01    0.165994006347656250000000000000000000000000E+04
    0.239846706390380859375000000000000000000000E-01    0.158279162597656250000000000000000000000000E+04
    0.244691912084817886352539062500000000000000E-01    0.150901611328125000000000000000000000000000E+04
    0.249635018408298492431640625000000000000000E-01    0.143857666015625000000000000000000000000000E+04
    0.254677981138229370117187500000000000000000E-01    0.137142272949218750000000000000000000000000E+04
    0.259822811931371688842773437500000000000000E-01    0.130747924804687500000000000000000000000000E+04
    0.265071578323841094970703125000000000000000E-01    0.124655725097656250000000000000000000000000E+04
    0.270426385104656219482421875000000000000000E-01    0.118843041992187500000000000000000000000000E+04
    0.275889337062835693359375000000000000000000E-01    0.113289416503906250000000000000000000000000E+04
    0.281462669372558593750000000000000000000000E-01    0.107976391601562500000000000000000000000000E+04
    0.287148579955101013183593750000000000000000E-01    0.102888439941406250000000000000000000000000E+04
    0.292949359863996505737304687500000000000000E-01    0.980202392578125000000000000000000000000000E+03
    0.298867337405681610107421875000000000000000E-01    0.933704223632812500000000000000000000000000E+03
    0.304904840886592864990234375000000000000000E-01    0.889365966796875000000000000000000000000000E+03
    0.311064328998327255249023437500000000000000E-01    0.847154296875000000000000000000000000000000E+03
    0.317348241806030273437500000000000000000000E-01    0.807034057617187500000000000000000000000000E+03
    0.323759093880653381347656250000000000000000E-01    0.769014526367187500000000000000000000000000E+03
    0.330299474298954010009765625000000000000000E-01    0.733114746093750000000000000000000000000000E+03
    0.336971953511238098144531250000000000000000E-01    0.699335571289062500000000000000000000000000E+03
    0.343779213726520538330078125000000000000000E-01    0.667662780761718750000000000000000000000000E+03
    0.350724011659622192382812500000000000000000E-01    0.638067199707031250000000000000000000000000E+03
    0.357809104025363922119140625000000000000000E-01    0.610489379882812500000000000000000000000000E+03
    0.365037508308887481689453125000000000000000E-01    0.584856140136718750000000000000000000000000E+03
    0.372411720454692840576171875000000000000000E-01    0.561094238281250000000000000000000000000000E+03
    0.379934944212436676025390625000000000000000E-01    0.539131896972656250000000000000000000000000E+03
    0.387610122561454772949218750000000000000000E-01    0.518898437500000000000000000000000000000000E+03
    0.395440347492694854736328125000000000000000E-01    0.500315155029296875000000000000000000000000E+03
    0.403428785502910614013671875000000000000000E-01    0.483303070068359375000000000000000000000000E+03
    0.411578565835952758789062500000000000000000E-01    0.467789703369140625000000000000000000000000E+03
    0.419893004000186920166015625000000000000000E-01    0.453709167480468750000000000000000000000000E+03
    0.428375415503978729248046875000000000000000E-01    0.441000701904296875000000000000000000000000E+03
    0.437029153108596801757812500000000000000000E-01    0.429603698730468750000000000000000000000000E+03
    0.445857718586921691894531250000000000000000E-01    0.419463226318359375000000000000000000000000E+03
    0.454864650964736938476562500000000000000000E-01    0.410532226562500000000000000000000000000000E+03
    0.464053489267826080322265625000000000000000E-01    0.402765167236328125000000000000000000000000E+03
    0.473427996039390563964843750000000000000000E-01    0.396043518066406250000000000000000000000000E+03
    0.482991859316825866699218750000000000000000E-01    0.390202423095703125000000000000000000000000E+03
    0.492748916149139404296875000000000000000000E-01    0.385089080810546875000000000000000000000000E+03
    0.502703115344047546386718750000000000000000E-01    0.380561370849609375000000000000000000000000E+03
    0.512858368456363677978515625000000000000000E-01    0.376485656738281250000000000000000000000000E+03
    0.523218810558319091796875000000000000000000E-01    0.372734954833984375000000000000000000000000E+03
    0.533788502216339111328125000000000000000000E-01    0.369187927246093750000000000000000000000000E+03
    0.544571764767169952392578125000000000000000E-01    0.365722320556640625000000000000000000000000E+03
    0.555572807788848876953125000000000000000000E-01    0.362190338134765625000000000000000000000000E+03
    0.566796138882637023925781250000000000000000E-01    0.358440155029296875000000000000000000000000E+03
    0.578246153891086578369140625000000000000000E-01    0.354326507568359375000000000000000000000000E+03
    0.589927472174167633056640625000000000000000E-01    0.349706146240234375000000000000000000000000E+03
    0.601844787597656250000000000000000000000000E-01    0.344439453125000000000000000000000000000000E+03
    0.614003166556358337402343750000000000000000E-01    0.338399414062500000000000000000000000000000E+03
    0.626406818628311157226562500000000000000000E-01    0.331492279052734375000000000000000000000000E+03
    0.639061108231544494628906250000000000000000E-01    0.323676239013671875000000000000000000000000E+03
    0.651970952749252319335937500000000000000000E-01    0.314929840087890625000000000000000000000000E+03
    0.665141642093658447265625000000000000000000E-01    0.305229400634765625000000000000000000000000E+03
    0.678578317165374755859375000000000000000000E-01    0.294530426025390625000000000000000000000000E+03
    0.692286565899848937988281250000000000000000E-01    0.282815795898437500000000000000000000000000E+03
    0.706271678209304809570312500000000000000000E-01    0.270283538818359375000000000000000000000000E+03
    0.720539242029190063476562500000000000000000E-01    0.257391326904296875000000000000000000000000E+03
    0.735095068812370300292968750000000000000000E-01    0.244529403686523437500000000000000000000000E+03
    0.749944970011711120605468750000000000000000E-01    0.231695312500000000000000000000000000000000E+03
    0.765094906091690063476562500000000000000000E-01    0.218680816650390625000000000000000000000000E+03
    0.780550837516784667968750000000000000000000E-01    0.205469009399414062500000000000000000000000E+03
    0.796318948268890380859375000000000000000000E-01    0.192472381591796875000000000000000000000000E+03
    0.812405645847320556640625000000000000000000E-01    0.180088882446289062500000000000000000000000E+03
    0.828817337751388549804687500000000000000000E-01    0.168542617797851562500000000000000000000000E+03
    0.845560505986213684082031250000000000000000E-01    0.157944244384765625000000000000000000000000E+03
    0.862641930580139160156250000000000000000000E-01    0.148365615844726562500000000000000000000000E+03
    0.880068466067314147949218750000000000000000E-01    0.139868209838867187500000000000000000000000E+03
    0.897847041487693786621093750000000000000000E-01    0.132529418945312500000000000000000000000000E+03
    0.915984734892845153808593750000000000000000E-01    0.126410240173339843750000000000000000000000E+03
    0.934488773345947265625000000000000000000000E-01    0.121536560058593750000000000000000000000000E+03
    0.953366756439208984375000000000000000000000E-01    0.117831535339355468750000000000000000000000E+03
    0.972625985741615295410156250000000000000000E-01    0.115215301513671875000000000000000000000000E+03
    0.992274358868598937988281250000000000000000E-01    0.113602966308593750000000000000000000000000E+03
    0.101232007145881652832031250000000000000000E+00    0.112778297424316406250000000000000000000000E+03
    0.103277020156383514404296875000000000000000E+00    0.112501892089843750000000000000000000000000E+03
    0.105363354086875915527343750000000000000000E+00    0.112538589477539062500000000000000000000000E+03
    0.107491828501224517822265625000000000000000E+00    0.112630561828613281250000000000000000000000E+03
    0.109663315117359161376953125000000000000000E+00    0.112515625000000000000000000000000000000000E+03
    0.111878655850887298583984375000000000000000E+00    0.111964958190917968750000000000000000000000E+03
    0.114138752222061157226562500000000000000000E+00    0.110800407409667968750000000000000000000000E+03
    0.116444505751132965087890625000000000000000E+00    0.108868690490722656250000000000000000000000E+03
    0.118796832859516143798828125000000000000000E+00    0.106081977844238281250000000000000000000000E+03
    0.121196687221527099609375000000000000000000E+00    0.102401290893554687500000000000000000000000E+03
    0.123645029962062835693359375000000000000000E+00    0.978725738525390625000000000000000000000000E+02
    0.126142814755439758300781250000000000000000E+00    0.926341934204101562500000000000000000000000E+02
    0.128691077232360839843750000000000000000000E+00    0.868745574951171875000000000000000000000000E+02
    0.131290808320045471191406250000000000000000E+00    0.808832778930664062500000000000000000000000E+02
    0.133943051099777221679687500000000000000000E+00    0.749372024536132812500000000000000000000000E+02
    0.136648878455162048339843750000000000000000E+00    0.693287506103515625000000000000000000000000E+02
    0.139409363269805908203125000000000000000000E+00    0.642977905273437500000000000000000000000000E+02
    0.142225623130798339843750000000000000000000E+00    0.600019149780273437500000000000000000000000E+02
    0.145098760724067687988281250000000000000000E+00    0.565388603210449218750000000000000000000000E+02
    0.148029953241348266601562500000000000000000E+00    0.539097328186035156250000000000000000000000E+02
    0.151020348072052001953125000000000000000000E+00    0.520708503723144531250000000000000000000000E+02
    0.154071167111396789550781250000000000000000E+00    0.509168205261230468750000000000000000000000E+02
    0.157183602452278137207031250000000000000000E+00    0.503127441406250000000000000000000000000000E+02
    0.160358920693397521972656250000000000000000E+00    0.500667686462402343750000000000000000000000E+02
    0.163598373532295227050781250000000000000000E+00    0.499583702087402343750000000000000000000000E+02
    0.166903272271156311035156250000000000000000E+00    0.497364501953125000000000000000000000000000E+02
    0.170275032520294189453125000000000000000000E+00    0.491701736450195312500000000000000000000000E+02
    0.173714801669120788574218750000000000000000E+00    0.480921821594238281250000000000000000000000E+02
    0.177224084734916687011718750000000000000000E+00    0.464330635070800781250000000000000000000000E+02
    0.180804237723350524902343750000000000000000E+00    0.442264366149902343750000000000000000000000E+02
    0.184456720948219299316406250000000000000000E+00    0.416156425476074218750000000000000000000000E+02
    0.188182994723320007324218750000000000000000E+00    0.388076286315917968750000000000000000000000E+02
    0.191984534263610839843750000000000000000000E+00    0.360408325195312500000000000000000000000000E+02
    0.195862874388694763183593750000000000000000E+00    0.335244178771972656250000000000000000000000E+02
    0.199819564819335937500000000000000000000000E+00    0.314059257507324218750000000000000000000000E+02
    0.203856185078620910644531250000000000000000E+00    0.297614440917968750000000000000000000000000E+02
    0.207974359393119812011718750000000000000000E+00    0.285898075103759765625000000000000000000000E+02
    0.212175697088241577148437500000000000000000E+00    0.278243274688720703125000000000000000000000E+02
    0.216461926698684692382812500000000000000000E+00    0.273398551940917968750000000000000000000000E+02
    0.220834761857986450195312500000000000000000E+00    0.269669075012207031250000000000000000000000E+02
    0.225295916199684143066406250000000000000000E+00    0.265266075134277343750000000000000000000000E+02
    0.229847192764282226562500000000000000000000E+00    0.258767986297607421875000000000000000000000E+02
    0.234490394592285156250000000000000000000000E+00    0.249520664215087890625000000000000000000000E+02
    0.239227414131164550781250000000000000000000E+00    0.237734127044677734375000000000000000000000E+02
    0.244060128927230834960937500000000000000000E+00    0.224204845428466796875000000000000000000000E+02
    0.248990446329116821289062500000000000000000E+00    0.210188159942626953125000000000000000000000E+02
    0.254020392894744873046875000000000000000000E+00    0.197151069641113281250000000000000000000000E+02
    0.259151935577392578125000000000000000000000E+00    0.186234893798828125000000000000000000000000E+02
    0.264387160539627075195312500000000000000000E+00    0.177834835052490234375000000000000000000000E+02
    0.269728124141693115234375000000000000000000E+00    0.171640205383300781250000000000000000000000E+02
    0.275177001953125000000000000000000000000000E+00    0.166888256072998046875000000000000000000000E+02
    0.280736058950424194335937500000000000000000E+00    0.162581024169921875000000000000000000000000E+02
    0.286407291889190673828125000000000000000000E+00    0.157771253585815429687500000000000000000000E+02
    0.292193114757537841796875000000000000000000E+00    0.151853685379028320312500000000000000000000E+02
    0.298095792531967163085937500000000000000000E+00    0.144812507629394531250000000000000000000000E+02
    0.304117560386657714843750000000000000000000E+00    0.137152538299560546875000000000000000000000E+02
    0.310261309146881103515625000000000000000000E+00    0.129613513946533203125000000000000000000000E+02
    0.316528826951980590820312500000000000000000E+00    0.122877063751220703125000000000000000000000E+02
    0.322923272848129272460937500000000000000000E+00    0.117278032302856445312500000000000000000000E+02
    0.329446613788604736328125000000000000000000E+00    0.112739868164062500000000000000000000000000E+02
    0.336102008819580078125000000000000000000000E+00    0.108853807449340820312500000000000000000000E+02
    0.342891573905944824218750000000000000000000E+00    0.105026540756225585937500000000000000000000E+02
    0.349818587303161621093750000000000000000000E+00    0.100867891311645507812500000000000000000000E+02
    0.356885224580764770507812500000000000000000E+00    0.963218975067138671875000000000000000000000E+01
    0.364094972610473632812500000000000000000000E+00    0.915937614440917968750000000000000000000000E+01
    0.371450334787368774414062500000000000000000E+00    0.870382213592529296875000000000000000000000E+01
    0.378953933715820312500000000000000000000000E+00    0.829540824890136718750000000000000000000000E+01
    0.386609494686126708984375000000000000000000E+00    0.794004440307617187500000000000000000000000E+01
    0.394419312477111816406250000000000000000000E+00    0.762223148345947265625000000000000000000000E+01
    0.402387291193008422851562500000000000000000E+00    0.731718444824218750000000000000000000000000E+01
    0.410515844821929931640625000000000000000000E+00    0.700527143478393554687500000000000000000000E+01
    0.418809026479721069335937500000000000000000E+00    0.668486022949218750000000000000000000000000E+01
    0.427269339561462402343750000000000000000000E+00    0.636923742294311523437500000000000000000000E+01
    0.435900926589965820312500000000000000000000E+00    0.607310771942138671875000000000000000000000E+01
    0.444706469774246215820312500000000000000000E+00    0.580305528640747070312500000000000000000000E+01
    0.453690379858016967773437500000000000000000E+00    0.555429410934448242187500000000000000000000E+01
    0.462855309247970581054687500000000000000000E+00    0.531589984893798828125000000000000000000000E+01
    0.472205787897109985351562500000000000000000E+00    0.508018159866333007812500000000000000000000E+01
    0.481744766235351562500000000000000000000000E+00    0.484744405746459960937500000000000000000000E+01
    0.491476893424987792968750000000000000000000E+00    0.462386035919189453125000000000000000000000E+01
    0.501405119895935058593750000000000000000000E+00    0.441411352157592773437500000000000000000000E+01
    0.511534392833709716796875000000000000000000E+00    0.421768665313720703125000000000000000000000E+01
    0.521867811679840087890625000000000000000000E+00    0.403049564361572265625000000000000000000000E+01
    0.532410502433776855468750000000000000000000E+00    0.384886932373046875000000000000000000000000E+01
    0.543165624141693115234375000000000000000000E+00    0.367277216911315917968750000000000000000000E+01
    0.554138541221618652343750000000000000000000E+00    0.350443482398986816406250000000000000000000E+01
    0.565332591533660888671875000000000000000000E+00    0.334506034851074218750000000000000000000000E+01
    0.576753377914428710937500000000000000000000E+00    0.319368624687194824218750000000000000000000E+01
    0.588404297828674316406250000000000000000000E+00    0.304861807823181152343750000000000000000000E+01
    0.600291073322296142578125000000000000000000E+00    0.290900588035583496093750000000000000000000E+01
    0.612418055534362792968750000000000000000000E+00    0.277530717849731445312500000000000000000000E+01
    0.624789416790008544921875000000000000000000E+00    0.264797902107238769531250000000000000000000E+01
    0.637411296367645263671875000000000000000000E+00    0.252643561363220214843750000000000000000000E+01
    0.650287508964538574218750000000000000000000E+00    0.241030383110046386718750000000000000000000E+01
    0.663424491882324218750000000000000000000000E+00    0.229934096336364746093750000000000000000000E+01
    0.676826238632202148437500000000000000000000E+00    0.219331574440002441406250000000000000000000E+01
    0.690499365329742431640625000000000000000000E+00    0.209201264381408691406250000000000000000000E+01
    0.704448044300079345703125000000000000000000E+00    0.199522995948791503906250000000000000000000E+01
    0.718679130077362060546875000000000000000000E+00    0.190277481079101562500000000000000000000000E+01
    0.733197033405303955078125000000000000000000E+00    0.181446242332458496093750000000000000000000E+01
    0.748008966445922851562500000000000000000000E+00    0.173011779785156250000000000000000000000000E+01
    0.763119339942932128906250000000000000000000E+00    0.164957380294799804687500000000000000000000E+01
    0.778535783290863037109375000000000000000000E+00    0.157266962528228759765625000000000000000000E+01
    0.794262826442718505859375000000000000000000E+00    0.149924910068511962890625000000000000000000E+01
    0.810308396816253662109375000000000000000000E+00    0.142915940284729003906250000000000000000000E+01
    0.826677322387695312500000000000000000000000E+00    0.136225306987762451171875000000000000000000E+01
    0.843377590179443359375000000000000000000000E+00    0.129838955402374267578125000000000000000000E+01
    0.860414624214172363281250000000000000000000E+00    0.123743808269500732421875000000000000000000E+01
    0.877796530723571777343750000000000000000000E+00    0.117927670478820800781250000000000000000000E+01
    0.895528674125671386718750000000000000000000E+00    0.112378776073455810546875000000000000000000E+01
    0.913619995117187500000000000000000000000000E+00    0.107085478305816650390625000000000000000000E+01
    0.932075977325439453125000000000000000000000E+00    0.102034711837768554687500000000000000000000E+01
    0.950905561447143554687500000000000000000000E+00    0.972134530544281005859375000000000000000000E+00
    0.970114648342132568359375000000000000000000E+00    0.926095962524414062500000000000000000000000E+00
    0.989712655544281005859375000000000000000000E+00    0.882143437862396240234375000000000000000000E+00
    0.100970673561096191406250000000000000000000E+01    0.840248465538024902343750000000000000000000E+00
    0.103010356426239013671875000000000000000000E+01    0.800382137298583984375000000000000000000000E+00
    0.105091357231140136718750000000000000000000E+01    0.762397587299346923828125000000000000000000E+00
    0.107214283943176269531250000000000000000000E+01    0.726086139678955078125000000000000000000000E+00
    0.109380209445953369140625000000000000000000E+01    0.691473722457885742187500000000000000000000E+00
    0.111589777469635009765625000000000000000000E+01    0.658491730690002441406250000000000000000000E+00
    0.113844096660614013671875000000000000000000E+01    0.627029299736022949218750000000000000000000E+00
    0.116143846511840820312500000000000000000000E+01    0.597053706645965576171875000000000000000000E+00
    0.118490147590637207031250000000000000000000E+01    0.568465232849121093750000000000000000000000E+00
    0.120883750915527343750000000000000000000000E+01    0.541204035282135009765625000000000000000000E+00
    0.123325824737548828125000000000000000000000E+01    0.515224397182464599609375000000000000000000E+00
    0.125817120075225830078125000000000000000000E+01    0.490473538637161254882812500000000000000000E+00
    0.128358840942382812500000000000000000000000E+01    0.466872125864028930664062500000000000000000E+00
    0.130951797962188720703125000000000000000000E+01    0.444380789995193481445312500000000000000000E+00
    0.133597266674041748046875000000000000000000E+01    0.422946214675903320312500000000000000000000E+00
    0.136296045780181884765625000000000000000000E+01    0.402529656887054443359375000000000000000000E+00
    0.139049470424652099609375000000000000000000E+01    0.383091688156127929687500000000000000000000E+00
    0.141858386993408203125000000000000000000000E+01    0.364567667245864868164062500000000000000000E+00
    0.144724178314208984375000000000000000000000E+01    0.346912413835525512695312500000000000000000E+00
    0.147647726535797119140625000000000000000000E+01    0.330095410346984863281250000000000000000000E+00
