    0.999999974737875163555145263671875000000000E-04    0.674682678222656250000000000000000000000000E+03
    0.102020130725577473640441894531250000000000E-03    0.687818115234375000000000000000000000000000E+03
    0.104081082099582999944686889648437500000000E-03    0.701208496093750000000000000000000000000000E+03
    0.106183659227099269628524780273437500000000E-03    0.714858764648437500000000000000000000000000E+03
    0.108328706119209527969360351562500000000000E-03    0.728773742675781250000000000000000000000000E+03
    0.110517095890827476978302001953125000000000E-03    0.742958740234375000000000000000000000000000E+03
    0.112749679828993976116180419921875000000000E-03    0.757418762207031250000000000000000000000000E+03
    0.115027374704368412494659423828125000000000E-03    0.772159118652343750000000000000000000000000E+03
    0.117351090011652559041976928710937500000000E-03    0.787185241699218750000000000000000000000000E+03
    0.119721727969590574502944946289062500000000E-03    0.802502502441406250000000000000000000000000E+03
    0.122140278108417987823486328125000000000000E-03    0.818116577148437500000000000000000000000000E+03
    0.124607671750709414482116699218750000000000E-03    0.834033081054687500000000000000000000000000E+03
    0.127124920254573225975036621093750000000000E-03    0.850257812500000000000000000000000000000000E+03
    0.129692998598329722881317138671875000000000E-03    0.866796569824218750000000000000000000000000E+03
    0.132312969071790575981140136718750000000000E-03    0.883655456542968750000000000000000000000000E+03
    0.134985879412852227687835693359375000000000E-03    0.900840454101562500000000000000000000000000E+03
    0.137712777359411120414733886718750000000000E-03    0.918357849121093750000000000000000000000000E+03
    0.140494754305109381675720214843750000000000E-03    0.936213989257812500000000000000000000000000E+03
    0.143332930747419595718383789062500000000000E-03    0.954415222167968750000000000000000000000000E+03
    0.146228456287644803524017333984375000000000E-03    0.972968078613281250000000000000000000000000E+03
    0.149182465975172817707061767578125000000000E-03    0.991879272460937500000000000000000000000000E+03
    0.152196153067052364349365234375000000000000E-03    0.101115563964843750000000000000000000000000E+04
    0.155270710820332169532775878906250000000000E-03    0.103080395507812500000000000000000000000000E+04
    0.158407390699721872806549072265625000000000E-03    0.105083129882812500000000000000000000000000E+04
    0.161607444169931113719940185546875000000000E-03    0.107124475097656250000000000000000000000000E+04
    0.164872122695669531822204589843750000000000E-03    0.109205175781250000000000000000000000000000E+04
    0.168202750501222908496856689453125000000000E-03    0.111325939941406250000000000000000000000000E+04
    0.171600666362792253494262695312500000000000E-03    0.113487548828125000000000000000000000000000E+04
    0.175067238160409033298492431640625000000000E-03    0.115690759277343750000000000000000000000000E+04
    0.178603833774104714393615722656250000000000E-03    0.117936340332031250000000000000000000000000E+04
    0.182211864739656448364257812500000000000000E-03    0.120225085449218750000000000000000000000000E+04
    0.185892800800502300262451171875000000000000E-03    0.122557812500000000000000000000000000000000E+04
    0.189648068044334650039672851562500000000000E-03    0.124935314941406250000000000000000000000000E+04
    0.193479223526082932949066162109375000000000E-03    0.127358447265625000000000000000000000000000E+04
    0.197387780644930899143218994140625000000000E-03    0.129828051757812500000000000000000000000000E+04
    0.201375267351977527141571044921875000000000E-03    0.132344970703125000000000000000000000000000E+04
    0.205443298909813165664672851562500000000000E-03    0.134910095214843750000000000000000000000000E+04
    0.209593548788689076900482177734375000000000E-03    0.137524291992187500000000000000000000000000E+04
    0.213827603147365152835845947265625000000000E-03    0.140188476562500000000000000000000000000000E+04
    0.218147222767584025859832763671875000000000E-03    0.142903552246093750000000000000000000000000E+04
    0.222554081119596958160400390625000000000000E-03    0.145670471191406250000000000000000000000000E+04
    0.227049968088977038860321044921875000000000E-03    0.148490148925781250000000000000000000000000E+04
    0.231636688113212585449218750000000000000000E-03    0.151363549804687500000000000000000000000000E+04
    0.236316060181707143783569335937500000000000E-03    0.154291662597656250000000000000000000000000E+04
    0.241089961491525173187255859375000000000000E-03    0.157275451660156250000000000000000000000000E+04
    0.245960312895476818084716796875000000000000E-03    0.160315930175781250000000000000000000000000E+04
    0.250929006142541766166687011718750000000000E-03    0.163414111328125000000000000000000000000000E+04
    0.255998136708512902259826660156250000000000E-03    0.166571020507812500000000000000000000000000E+04
    0.261169654550030827522277832031250000000000E-03    0.169787707519531250000000000000000000000000E+04
    0.266445596935227513313293457031250000000000E-03    0.173065222167968750000000000000000000000000E+04
    0.271828175755217671394348144531250000000000E-03    0.176404638671875000000000000000000000000000E+04
    0.277319486485794186592102050781250000000000E-03    0.179807043457031250000000000000000000000000E+04
    0.282921682810410857200622558593750000000000E-03    0.183273535156250000000000000000000000000000E+04
    0.288637093035504221916198730468750000000000E-03    0.186805224609375000000000000000000000000000E+04
    0.294467929052188992500305175781250000000000E-03    0.190403259277343750000000000000000000000000E+04
    0.300416606478393077850341796875000000000000E-03    0.194068774414062500000000000000000000000000E+04
    0.306485395412892103195190429687500000000000E-03    0.197802917480468750000000000000000000000000E+04
    0.312676827888935804367065429687500000000000E-03    0.201606860351562500000000000000000000000000E+04
    0.318993290420621633529663085937500000000000E-03    0.205481762695312500000000000000000000000000E+04
    0.325437402352690696716308593750000000000000E-03    0.209428857421875000000000000000000000000000E+04
    0.332011666614562273025512695312500000000000E-03    0.213449291992187500000000000000000000000000E+04
    0.338718760758638381958007812500000000000000E-03    0.217544335937500000000000000000000000000000E+04
    0.345561362337321043014526367187500000000000E-03    0.221715185546875000000000000000000000000000E+04
    0.352542119799181818962097167968750000000000E-03    0.225963061523437500000000000000000000000000E+04
    0.359663943527266383171081542968750000000000E-03    0.230289257812500000000000000000000000000000E+04
    0.366929627489298582077026367187500000000000E-03    0.234694995117187500000000000000000000000000E+04
    0.374342111172154545783996582031250000000000E-03    0.239181542968750000000000000000000000000000E+04
    0.381904304958879947662353515625000000000000E-03    0.243750195312500000000000000000000000000000E+04
    0.389619322959333658218383789062500000000000E-03    0.248402197265625000000000000000000000000000E+04
    0.397490162868052721023559570312500000000000E-03    0.253138842773437500000000000000000000000000E+04
    0.405519997002556920051574707031250000000000E-03    0.257961450195312500000000000000000000000000E+04
    0.413712026784196496009826660156250000000000E-03    0.262871289062500000000000000000000000000000E+04
    0.422069540945813059806823730468750000000000E-03    0.267869677734375000000000000000000000000000E+04
    0.430595915531739592552185058593750000000000E-03    0.272957861328125000000000000000000000000000E+04
    0.439294555690139532089233398437500000000000E-03    0.278137207031250000000000000000000000000000E+04
    0.448168895673006772994995117187500000000000E-03    0.283408984375000000000000000000000000000000E+04
    0.457222486147657036781311035156250000000000E-03    0.288774511718750000000000000000000000000000E+04
    0.466458965092897415161132812500000000000000E-03    0.294235034179687500000000000000000000000000E+04
    0.475882086902856826782226562500000000000000E-03    0.299791894531250000000000000000000000000000E+04
    0.485495518660172820091247558593750000000000E-03    0.305446337890625000000000000000000000000000E+04
    0.495303189381957054138183593750000000000000E-03    0.311199682617187500000000000000000000000000E+04
    0.505309028085321187973022460937500000000000E-03    0.317053149414062500000000000000000000000000E+04
    0.515516963787376880645751953125000000000000E-03    0.323008007812500000000000000000000000000000E+04
    0.525931071024388074874877929687500000000000E-03    0.329065478515625000000000000000000000000000E+04
    0.536555540747940540313720703125000000000000E-03    0.335226806640625000000000000000000000000000E+04
    0.547394680324941873550415039062500000000000E-03    0.341493188476562500000000000000000000000000E+04
    0.558452797122299671173095703125000000000000E-03    0.347865795898437500000000000000000000000000E+04
    0.569734314922243356704711914062500000000000E-03    0.354345776367187500000000000000000000000000E+04
    0.581243715714663267135620117187500000000000E-03    0.360934228515625000000000000000000000000000E+04
    0.592985597904771566390991210937500000000000E-03    0.367632324218750000000000000000000000000000E+04
    0.604964734520763158798217773437500000000000E-03    0.374441088867187500000000000000000000000000E+04
    0.617185782175511121749877929687500000000000E-03    0.381361572265625000000000000000000000000000E+04
    0.629653746727854013442993164062500000000000E-03    0.388394702148437500000000000000000000000000E+04
    0.642373692244291305541992187500000000000000E-03    0.395541479492187500000000000000000000000000E+04
    0.655350449960678815841674804687500000000000E-03    0.402802783203125000000000000000000000000000E+04
    0.668589433189481496810913085937500000000000E-03    0.410179492187500000000000000000000000000000E+04
    0.682095822412520647048950195312500000000000E-03    0.417672412109375000000000000000000000000000E+04
    0.695875030942261219024658203125000000000000E-03    0.425282226562500000000000000000000000000000E+04
    0.709932646714150905609130859375000000000000E-03    0.433009619140625000000000000000000000000000E+04
    0.724274199455976486206054687500000000000000E-03    0.440855273437500000000000000000000000000000E+04
    0.738905626349151134490966796875000000000000E-03    0.448819726562500000000000000000000000000000E+04
    0.753832457121461629867553710937500000000000E-03    0.456903466796875000000000000000000000000000E+04
    0.769060861784964799880981445312500000000000E-03    0.465106884765625000000000000000000000000000E+04
    0.784596893936395645141601562500000000000000E-03    0.473430322265625000000000000000000000000000E+04
    0.800446781795471906661987304687500000000000E-03    0.481874023437500000000000000000000000000000E+04
    0.816616869997233152389526367187500000000000E-03    0.490438232421875000000000000000000000000000E+04
    0.833113677799701690673828125000000000000000E-03    0.499122900390625000000000000000000000000000E+04
    0.849943608045578002929687500000000000000000E-03    0.507928125000000000000000000000000000000000E+04
    0.867113587446510791778564453125000000000000E-03    0.516853662109375000000000000000000000000000E+04
    0.884630659129470586776733398437500000000000E-03    0.525899414062500000000000000000000000000000E+04
    0.902501342352479696273803710937500000000000E-03    0.535065087890625000000000000000000000000000E+04
    0.920733029488474130630493164062500000000000E-03    0.544350244140625000000000000000000000000000E+04
    0.939333112910389900207519531250000000000000E-03    0.553754345703125000000000000000000000000000E+04
    0.958308868575841188430786132812500000000000E-03    0.563276855468750000000000000000000000000000E+04
    0.977667979896068572998046875000000000000000E-03    0.572917041015625000000000000000000000000000E+04
    0.997418188489973545074462890625000000000000E-03    0.582674072265625000000000000000000000000000E+04
    0.101756735239177942276000976562500000000000E-02    0.592547070312500000000000000000000000000000E+04
    0.103812362067401409149169921875000000000000E-02    0.602535009765625000000000000000000000000000E+04
    0.105909502599388360977172851562500000000000E-02    0.612636718750000000000000000000000000000000E+04
    0.108049006666988134384155273437500000000000E-02    0.622850976562500000000000000000000000000000E+04
    0.110231747385114431381225585937500000000000E-02    0.633176464843750000000000000000000000000000E+04
    0.112458574585616588592529296875000000000000E-02    0.643611767578125000000000000000000000000000E+04
    0.114730407949537038803100585937500000000000E-02    0.654155468750000000000000000000000000000000E+04
    0.117048120591789484024047851562500000000000E-02    0.664805957031250000000000000000000000000000E+04
    0.119412643834948539733886718750000000000000E-02    0.675561523437500000000000000000000000000000E+04
    0.121824943926185369491577148437500000000000E-02    0.686420410156250000000000000000000000000000E+04
    0.124285963829606771469116210937500000000000E-02    0.697381005859375000000000000000000000000000E+04
    0.126796704716980457305908203125000000000000E-02    0.708441455078125000000000000000000000000000E+04
    0.129358167760074138641357421875000000000000E-02    0.719600000000000000000000000000000000000000E+04
    0.131971365772187709808349609375000000000000E-02    0.730854541015625000000000000000000000000000E+04
    0.134637358132749795913696289062500000000000E-02    0.742203271484375000000000000000000000000000E+04
    0.137357215862721204757690429687500000000000E-02    0.753644384765625000000000000000000000000000E+04
    0.140132009983062744140625000000000000000000E-02    0.765176171875000000000000000000000000000000E+04
    0.142962858080863952636718750000000000000000E-02    0.776796679687500000000000000000000000000000E+04
    0.145850901026278734207153320312500000000000E-02    0.788504052734375000000000000000000000000000E+04
    0.148797314614057540893554687500000000000000E-02    0.800296582031250000000000000000000000000000E+04
    0.151803228072822093963623046875000000000000E-02    0.812173095703125000000000000000000000000000E+04
    0.154869852121919393539428710937500000000000E-02    0.824132324218750000000000000000000000000000E+04
    0.157998420763760805130004882812500000000000E-02    0.836173242187500000000000000000000000000000E+04
    0.161190202925354242324829101562500000000000E-02    0.848294335937500000000000000000000000000000E+04
    0.164446467533707618713378906250000000000000E-02    0.860495214843750000000000000000000000000000E+04
    0.167768495157361030578613281250000000000000E-02    0.872776074218750000000000000000000000000000E+04
    0.171157636214047670364379882812500000000000E-02    0.885137304687500000000000000000000000000000E+04
    0.174615241121500730514526367187500000000000E-02    0.897579199218750000000000000000000000000000E+04
    0.178142718505114316940307617187500000000000E-02    0.910102246093750000000000000000000000000000E+04
    0.181741418782621622085571289062500000000000E-02    0.922708203125000000000000000000000000000000E+04
    0.185412843711674213409423828125000000000000E-02    0.935399707031250000000000000000000000000000E+04
    0.189158413559198379516601562500000000000000E-02    0.948179687500000000000000000000000000000000E+04
    0.192979711573570966720581054687500000000000E-02    0.961051269531250000000000000000000000000000E+04
    0.196878169663250446319580078125000000000000E-02    0.974017871093750000000000000000000000000000E+04
    0.200855359435081481933593750000000000000000E-02    0.987083984375000000000000000000000000000000E+04
    0.204912899062037467956542968750000000000000E-02    0.100025498046875000000000000000000000000000E+05
    0.209052418358623981475830078125000000000000E-02    0.101353652343750000000000000000000000000000E+05
    0.213275570422410964965820312500000000000000E-02    0.102693476562500000000000000000000000000000E+05
    0.217583985067903995513916015625000000000000E-02    0.104045595703125000000000000000000000000000E+05
    0.221979478374123573303222656250000000000000E-02    0.105410634765625000000000000000000000000000E+05
    0.226463773287832736968994140625000000000000E-02    0.106789189453125000000000000000000000000000E+05
    0.231038639321923255920410156250000000000000E-02    0.108181914062500000000000000000000000000000E+05
    0.235705915838479995727539062500000000000000E-02    0.109589462890625000000000000000000000000000E+05
    0.240467488765716552734375000000000000000000E-02    0.111012529296875000000000000000000000000000E+05
    0.245325244031846523284912109375000000000000E-02    0.112451474609375000000000000000000000000000E+05
    0.250281183980405330657958984375000000000000E-02    0.113906513671875000000000000000000000000000E+05
    0.255337217822670936584472656250000000000000E-02    0.115377822265625000000000000000000000000000E+05
    0.260495371185243129730224609375000000000000E-02    0.116865585937500000000000000000000000000000E+05
    0.265757716260850429534912109375000000000000E-02    0.118369960937500000000000000000000000000000E+05
    0.271126371808350086212158203125000000000000E-02    0.119890576171875000000000000000000000000000E+05
    0.276603479869663715362548828125000000000000E-02    0.121426718750000000000000000000000000000000E+05
    0.282191229052841663360595703125000000000000E-02    0.122977626953125000000000000000000000000000E+05
    0.287891877815127372741699218750000000000000E-02    0.124542500000000000000000000000000000000000E+05
    0.293707661330699920654296875000000000000000E-02    0.126120439453125000000000000000000000000000E+05
    0.299640954472124576568603515625000000000000E-02    0.127710234375000000000000000000000000000000E+05
    0.305694085545837879180908203125000000000000E-02    0.129310400390625000000000000000000000000000E+05
    0.311869522556662559509277343750000000000000E-02    0.130919394531250000000000000000000000000000E+05
    0.318169780075550079345703125000000000000000E-02    0.132535615234375000000000000000000000000000E+05
    0.324597232975065708160400390625000000000000E-02    0.134157392578125000000000000000000000000000E+05
    0.331154512241482734680175781250000000000000E-02    0.135783466796875000000000000000000000000000E+05
    0.337844272144138813018798828125000000000000E-02    0.137412705078125000000000000000000000000000E+05
    0.344669190235435962677001953125000000000000E-02    0.139043935546875000000000000000000000000000E+05
    0.351631967350840568542480468750000000000000E-02    0.140675957031250000000000000000000000000000E+05
    0.358735374175012111663818359375000000000000E-02    0.142307597656250000000000000000000000000000E+05
    0.365982321090996265411376953125000000000000E-02    0.143938359375000000000000000000000000000000E+05
    0.373375625349581241607666015625000000000000E-02    0.145568037109375000000000000000000000000000E+05
    0.380918313749134540557861328125000000000000E-02    0.147196416015625000000000000000000000000000E+05
    0.388613343238830566406250000000000000000000E-02    0.148823300781250000000000000000000000000000E+05
    0.396463880315423011779785156250000000000000E-02    0.150448515625000000000000000000000000000000E+05
    0.404472928494215011596679687500000000000000E-02    0.152071914062500000000000000000000000000000E+05
    0.412643933668732643127441406250000000000000E-02    0.153693378906250000000000000000000000000000E+05
    0.420979922637343406677246093750000000000000E-02    0.155312792968750000000000000000000000000000E+05
    0.429484248161315917968750000000000000000000E-02    0.156930058593750000000000000000000000000000E+05
    0.438160402700304985046386718750000000000000E-02    0.158544814453125000000000000000000000000000E+05
    0.447011832147836685180664062500000000000000E-02    0.160155224609375000000000000000000000000000E+05
    0.456042028963565826416015625000000000000000E-02    0.161758867187500000000000000000000000000000E+05
    0.465254718437790870666503906250000000000000E-02    0.163353261718750000000000000000000000000000E+05
    0.474653439596295356750488281250000000000000E-02    0.164935839843750000000000000000000000000000E+05
    0.484242103993892669677734375000000000000000E-02    0.166504179687500000000000000000000000000000E+05
    0.494024436920881271362304687500000000000000E-02    0.168056875000000000000000000000000000000000E+05
    0.504004349932074546813964843750000000000000E-02    0.169592812500000000000000000000000000000000E+05
    0.514185894280672073364257812500000000000000E-02    0.171110859375000000000000000000000000000000E+05
    0.524573167786002159118652343750000000000000E-02    0.172609902343750000000000000000000000000000E+05
    0.535170361399650573730468750000000000000000E-02    0.174088867187500000000000000000000000000000E+05
    0.545981479808688163757324218750000000000000E-02    0.175546933593750000000000000000000000000000E+05
    0.557011039927601814270019531250000000000000E-02    0.176983417968750000000000000000000000000000E+05
    0.568263372406363487243652343750000000000000E-02    0.178397597656250000000000000000000000000000E+05
    0.579743087291717529296875000000000000000000E-02    0.179788789062500000000000000000000000000000E+05
    0.591454654932022094726562500000000000000000E-02    0.181156015625000000000000000000000000000000E+05
    0.603402825072407722473144531250000000000000E-02    0.182497304687500000000000000000000000000000E+05
    0.615592347458004951477050781250000000000000E-02    0.183810351562500000000000000000000000000000E+05
    0.628028111532330513000488281250000000000000E-02    0.185092890625000000000000000000000000000000E+05
    0.640715099871158599853515625000000000000000E-02    0.186342539062500000000000000000000000000000E+05
    0.653658434748649597167968750000000000000000E-02    0.187557207031250000000000000000000000000000E+05
    0.666863145306706428527832031250000000000000E-02    0.188735468750000000000000000000000000000000E+05
    0.680334679782390594482421875000000000000000E-02    0.189876074218750000000000000000000000000000E+05
    0.694078346714377403259277343750000000000000E-02    0.190977753906250000000000000000000000000000E+05
    0.708099640905857086181640625000000000000000E-02    0.192039316406250000000000000000000000000000E+05
    0.722404150292277336120605468750000000000000E-02    0.193059335937500000000000000000000000000000E+05
    0.736997742205858230590820312500000000000000E-02    0.194035957031250000000000000000000000000000E+05
    0.751886051148176193237304687500000000000000E-02    0.194967167968750000000000000000000000000000E+05
    0.767075084149837493896484375000000000000000E-02    0.195850996093750000000000000000000000000000E+05
    0.782571360468864440917968750000000000000000E-02    0.196685507812500000000000000000000000000000E+05
    0.798380374908447265625000000000000000000000E-02    0.197468730468750000000000000000000000000000E+05
    0.814508739858865737915039062500000000000000E-02    0.198198769531250000000000000000000000000000E+05
    0.830962881445884704589843750000000000000000E-02    0.198873750000000000000000000000000000000000E+05
    0.847749505192041397094726562500000000000000E-02    0.199491796875000000000000000000000000000000E+05
    0.864875130355358123779296875000000000000000E-02    0.200051113281250000000000000000000000000000E+05
    0.882346741855144500732421875000000000000000E-02    0.200549785156250000000000000000000000000000E+05
    0.900171231478452682495117187500000000000000E-02    0.200985800781250000000000000000000000000000E+05
    0.918355956673622131347656250000000000000000E-02    0.201357167968750000000000000000000000000000E+05
    0.936907902359962463378906250000000000000000E-02    0.201661933593750000000000000000000000000000E+05
    0.955834705382585525512695312500000000000000E-02    0.201898144531250000000000000000000000000000E+05
    0.975143909454345703125000000000000000000000E-02    0.202063945312500000000000000000000000000000E+05
    0.994843058288097381591796875000000000000000E-02    0.202157343750000000000000000000000000000000E+05
    0.101494016125798225402832031250000000000000E-01    0.202176484375000000000000000000000000000000E+05
    0.103544332087039947509765625000000000000000E-01    0.202119511718750000000000000000000000000000E+05
    0.105636063963174819946289062500000000000000E-01    0.201984687500000000000000000000000000000000E+05
    0.107770059257745742797851562500000000000000E-01    0.201770292968750000000000000000000000000000E+05
    0.109947146847844123840332031250000000000000E-01    0.201474453125000000000000000000000000000000E+05
    0.112168220803141593933105468750000000000000E-01    0.201095410156250000000000000000000000000000E+05
    0.114434175193309783935546875000000000000000E-01    0.200631484375000000000000000000000000000000E+05
    0.116745894774794578552246093750000000000000E-01    0.200081171875000000000000000000000000000000E+05
    0.119104310870170593261718750000000000000000E-01    0.199442675781250000000000000000000000000000E+05
    0.121510382741689682006835937500000000000000E-01    0.198713808593750000000000000000000000000000E+05
    0.123965051025152206420898437500000000000000E-01    0.197892402343750000000000000000000000000000E+05
    0.126469302922487258911132812500000000000000E-01    0.196976523437500000000000000000000000000000E+05
    0.129024153575301170349121093750000000000000E-01    0.195964453125000000000000000000000000000000E+05
    0.131630674004554748535156250000000000000000E-01    0.194855625000000000000000000000000000000000E+05
    0.134289795532822608947753906250000000000000E-01    0.193650996093750000000000000000000000000000E+05
    0.137002617120742797851562500000000000000000E-01    0.192351796875000000000000000000000000000000E+05
    0.139770256355404853820800781250000000000000E-01    0.190959453125000000000000000000000000000000E+05
    0.142593793570995330810546875000000000000000E-01    0.189475371093750000000000000000000000000000E+05
    0.145474374294281005859375000000000000000000E-01    0.187896679687500000000000000000000000000000E+05
    0.148413162678480148315429687500000000000000E-01    0.186215097656250000000000000000000000000000E+05
    0.151411294937133789062500000000000000000000E-01    0.184422500000000000000000000000000000000000E+05
    0.154470009729266166687011718750000000000000E-01    0.182511445312500000000000000000000000000000E+05
    0.157590489834547042846679687500000000000000E-01    0.180475585937500000000000000000000000000000E+05
    0.160774048417806625366210937500000000000000E-01    0.178325605468750000000000000000000000000000E+05
    0.164021886885166168212890625000000000000000E-01    0.176090527343750000000000000000000000000000E+05
    0.167335346341133117675781250000000000000000E-01    0.173799355468750000000000000000000000000000E+05
    0.170715730637311935424804687500000000000000E-01    0.171479843750000000000000000000000000000000E+05
    0.174164418131113052368164062500000000000000E-01    0.169157128906250000000000000000000000000000E+05
    0.177682787179946899414062500000000000000000E-01    0.166825273437500000000000000000000000000000E+05
    0.181272197514772415161132812500000000000000E-01    0.164448144531250000000000000000000000000000E+05
    0.184934139251708984375000000000000000000000E-01    0.161990371093750000000000000000000000000000E+05
    0.188670046627521514892578125000000000000000E-01    0.159419023437500000000000000000000000000000E+05
    0.192481447011232376098632812500000000000000E-01    0.156704677734375000000000000000000000000000E+05
    0.196369830518960952758789062500000000000000E-01    0.153839794921875000000000000000000000000000E+05
    0.200336743146181106567382812500000000000000E-01    0.150835732421875000000000000000000000000000E+05
    0.204383805394172668457031250000000000000000E-01    0.147704775390625000000000000000000000000000E+05
    0.208512637764215469360351562500000000000000E-01    0.144459257812500000000000000000000000000000E+05
    0.212724860757589340209960937500000000000000E-01    0.141112050781250000000000000000000000000000E+05
    0.217022281140089035034179687500000000000000E-01    0.137683437500000000000000000000000000000000E+05
    0.221406426280736923217773437500000000000000E-01    0.134198916015625000000000000000000000000000E+05
    0.225879121571779251098632812500000000000000E-01    0.130682490234375000000000000000000000000000E+05
    0.230442192405462265014648437500000000000000E-01    0.127156425781250000000000000000000000000000E+05
    0.235097426921129226684570312500000000000000E-01    0.123640625000000000000000000000000000000000E+05
    0.239846706390380859375000000000000000000000E-01    0.120145429687500000000000000000000000000000E+05
    0.244691912084817886352539062500000000000000E-01    0.116674726562500000000000000000000000000000E+05
    0.249635018408298492431640625000000000000000E-01    0.113232060546875000000000000000000000000000E+05
    0.254677981138229370117187500000000000000000E-01    0.109820888671875000000000000000000000000000E+05
    0.259822811931371688842773437500000000000000E-01    0.106444199218750000000000000000000000000000E+05
    0.265071578323841094970703125000000000000000E-01    0.103101992187500000000000000000000000000000E+05
    0.270426385104656219482421875000000000000000E-01    0.997925585937500000000000000000000000000000E+04
    0.275889337062835693359375000000000000000000E-01    0.965146972656250000000000000000000000000000E+04
    0.281462669372558593750000000000000000000000E-01    0.932676171875000000000000000000000000000000E+04
    0.287148579955101013183593750000000000000000E-01    0.900517675781250000000000000000000000000000E+04
    0.292949359863996505737304687500000000000000E-01    0.868758691406250000000000000000000000000000E+04
    0.298867337405681610107421875000000000000000E-01    0.837523339843750000000000000000000000000000E+04
    0.304904840886592864990234375000000000000000E-01    0.806921093750000000000000000000000000000000E+04
    0.311064328998327255249023437500000000000000E-01    0.777046972656250000000000000000000000000000E+04
    0.317348241806030273437500000000000000000000E-01    0.747987500000000000000000000000000000000000E+04
    0.323759093880653381347656250000000000000000E-01    0.719864208984375000000000000000000000000000E+04
    0.330299474298954010009765625000000000000000E-01    0.692803320312500000000000000000000000000000E+04
    0.336971953511238098144531250000000000000000E-01    0.666909033203125000000000000000000000000000E+04
    0.343779213726520538330078125000000000000000E-01    0.642265478515625000000000000000000000000000E+04
    0.350724011659622192382812500000000000000000E-01    0.618934228515625000000000000000000000000000E+04
    0.357809104025363922119140625000000000000000E-01    0.596924511718750000000000000000000000000000E+04
    0.365037508308887481689453125000000000000000E-01    0.576221142578125000000000000000000000000000E+04
    0.372411720454692840576171875000000000000000E-01    0.556805712890625000000000000000000000000000E+04
    0.379934944212436676025390625000000000000000E-01    0.538657519531250000000000000000000000000000E+04
    0.387610122561454772949218750000000000000000E-01    0.521757421875000000000000000000000000000000E+04
    0.395440347492694854736328125000000000000000E-01    0.506104833984375000000000000000000000000000E+04
    0.403428785502910614013671875000000000000000E-01    0.491704980468750000000000000000000000000000E+04
    0.411578565835952758789062500000000000000000E-01    0.478560937500000000000000000000000000000000E+04
    0.419893004000186920166015625000000000000000E-01    0.466675244140625000000000000000000000000000E+04
    0.428375415503978729248046875000000000000000E-01    0.456028320312500000000000000000000000000000E+04
    0.437029153108596801757812500000000000000000E-01    0.446529687500000000000000000000000000000000E+04
    0.445857718586921691894531250000000000000000E-01    0.438083544921875000000000000000000000000000E+04
    0.454864650964736938476562500000000000000000E-01    0.430604052734375000000000000000000000000000E+04
    0.464053489267826080322265625000000000000000E-01    0.424013671875000000000000000000000000000000E+04
    0.473427996039390563964843750000000000000000E-01    0.418237402343750000000000000000000000000000E+04
    0.482991859316825866699218750000000000000000E-01    0.413204052734375000000000000000000000000000E+04
    0.492748916149139404296875000000000000000000E-01    0.408848486328125000000000000000000000000000E+04
    0.502703115344047546386718750000000000000000E-01    0.405104980468750000000000000000000000000000E+04
    0.512858368456363677978515625000000000000000E-01    0.401853247070312500000000000000000000000000E+04
    0.523218810558319091796875000000000000000000E-01    0.398944262695312500000000000000000000000000E+04
    0.533788502216339111328125000000000000000000E-01    0.396233764648437500000000000000000000000000E+04
    0.544571764767169952392578125000000000000000E-01    0.393570092773437500000000000000000000000000E+04
    0.555572807788848876953125000000000000000000E-01    0.390759423828125000000000000000000000000000E+04
    0.566796138882637023925781250000000000000000E-01    0.387601977539062500000000000000000000000000E+04
    0.578246153891086578369140625000000000000000E-01    0.383905932617187500000000000000000000000000E+04
    0.589927472174167633056640625000000000000000E-01    0.379499365234375000000000000000000000000000E+04
    0.601844787597656250000000000000000000000000E-01    0.374231567382812500000000000000000000000000E+04
    0.614003166556358337402343750000000000000000E-01    0.367967700195312500000000000000000000000000E+04
    0.626406818628311157226562500000000000000000E-01    0.360630810546875000000000000000000000000000E+04
    0.639061108231544494628906250000000000000000E-01    0.352224072265625000000000000000000000000000E+04
    0.651970952749252319335937500000000000000000E-01    0.342770727539062500000000000000000000000000E+04
    0.665141642093658447265625000000000000000000E-01    0.332266699218750000000000000000000000000000E+04
    0.678578317165374755859375000000000000000000E-01    0.320658032226562500000000000000000000000000E+04
    0.692286565899848937988281250000000000000000E-01    0.307925927734375000000000000000000000000000E+04
    0.706271678209304809570312500000000000000000E-01    0.294363232421875000000000000000000000000000E+04
    0.720539242029190063476562500000000000000000E-01    0.280559057617187500000000000000000000000000E+04
    0.735095068812370300292968750000000000000000E-01    0.266968432617187500000000000000000000000000E+04
    0.749944970011711120605468750000000000000000E-01    0.253384301757812500000000000000000000000000E+04
    0.765094906091690063476562500000000000000000E-01    0.239347119140625000000000000000000000000000E+04
    0.780550837516784667968750000000000000000000E-01    0.224791918945312500000000000000000000000000E+04
    0.796318948268890380859375000000000000000000E-01    0.210346264648437500000000000000000000000000E+04
    0.812405645847320556640625000000000000000000E-01    0.196588256835937500000000000000000000000000E+04
    0.828817337751388549804687500000000000000000E-01    0.183832495117187500000000000000000000000000E+04
    0.845560505986213684082031250000000000000000E-01    0.172242578125000000000000000000000000000000E+04
    0.862641930580139160156250000000000000000000E-01    0.161927917480468750000000000000000000000000E+04
    0.880068466067314147949218750000000000000000E-01    0.152947741699218750000000000000000000000000E+04
    0.897847041487693786621093750000000000000000E-01    0.145320251464843750000000000000000000000000E+04
    0.915984734892845153808593750000000000000000E-01    0.139055139160156250000000000000000000000000E+04
    0.934488773345947265625000000000000000000000E-01    0.134122680664062500000000000000000000000000E+04
    0.953366756439208984375000000000000000000000E-01    0.130380883789062500000000000000000000000000E+04
    0.972625985741615295410156250000000000000000E-01    0.127696862792968750000000000000000000000000E+04
    0.992274358868598937988281250000000000000000E-01    0.125943957519531250000000000000000000000000E+04
    0.101232007145881652832031250000000000000000E+00    0.124943750000000000000000000000000000000000E+04
    0.103277020156383514404296875000000000000000E+00    0.124521936035156250000000000000000000000000E+04
    0.105363354086875915527343750000000000000000E+00    0.124480664062500000000000000000000000000000E+04
    0.107491828501224517822265625000000000000000E+00    0.124553088378906250000000000000000000000000E+04
    0.109663315117359161376953125000000000000000E+00    0.124463562011718750000000000000000000000000E+04
    0.111878655850887298583984375000000000000000E+00    0.123931616210937500000000000000000000000000E+04
    0.114138752222061157226562500000000000000000E+00    0.122679309082031250000000000000000000000000E+04
    0.116444505751132965087890625000000000000000E+00    0.120477685546875000000000000000000000000000E+04
    0.118796832859516143798828125000000000000000E+00    0.117250183105468750000000000000000000000000E+04
    0.121196687221527099609375000000000000000000E+00    0.112992492675781250000000000000000000000000E+04
    0.123645029962062835693359375000000000000000E+00    0.107819335937500000000000000000000000000000E+04
    0.126142814755439758300781250000000000000000E+00    0.101935052490234375000000000000000000000000E+04
    0.128691077232360839843750000000000000000000E+00    0.955766174316406250000000000000000000000000E+03
    0.131290808320045471191406250000000000000000E+00    0.890214355468750000000000000000000000000000E+03
    0.133943051099777221679687500000000000000000E+00    0.825340942382812500000000000000000000000000E+03
    0.136648878455162048339843750000000000000000E+00    0.764100402832031250000000000000000000000000E+03
    0.139409363269805908203125000000000000000000E+00    0.708892089843750000000000000000000000000000E+03
    0.142225623130798339843750000000000000000000E+00    0.661661621093750000000000000000000000000000E+03
    0.145098760724067687988281250000000000000000E+00    0.623719177246093750000000000000000000000000E+03
    0.148029953241348266601562500000000000000000E+00    0.595226745605468750000000000000000000000000E+03
    0.151020348072052001953125000000000000000000E+00    0.575870971679687500000000000000000000000000E+03
    0.154071167111396789550781250000000000000000E+00    0.564264465332031250000000000000000000000000E+03
    0.157183602452278137207031250000000000000000E+00    0.558666564941406250000000000000000000000000E+03
    0.160358920693397521972656250000000000000000E+00    0.556551635742187500000000000000000000000000E+03
    0.163598373532295227050781250000000000000000E+00    0.555246215820312500000000000000000000000000E+03
    0.166903272271156311035156250000000000000000E+00    0.552047119140625000000000000000000000000000E+03
    0.170275032520294189453125000000000000000000E+00    0.544733154296875000000000000000000000000000E+03
    0.173714801669120788574218750000000000000000E+00    0.531804077148437500000000000000000000000000E+03
    0.177224084734916687011718750000000000000000E+00    0.512741088867187500000000000000000000000000E+03
    0.180804237723350524902343750000000000000000E+00    0.487963745117187500000000000000000000000000E+03
    0.184456720948219299316406250000000000000000E+00    0.458946746826171875000000000000000000000000E+03
    0.188182994723320007324218750000000000000000E+00    0.427938415527343750000000000000000000000000E+03
    0.191984534263610839843750000000000000000000E+00    0.397501129150390625000000000000000000000000E+03
    0.195862874388694763183593750000000000000000E+00    0.370019775390625000000000000000000000000000E+03
    0.199819564819335937500000000000000000000000E+00    0.347050476074218750000000000000000000000000E+03
    0.203856185078620910644531250000000000000000E+00    0.329292572021484375000000000000000000000000E+03
    0.207974359393119812011718750000000000000000E+00    0.316644409179687500000000000000000000000000E+03
    0.212175697088241577148437500000000000000000E+00    0.308425964355468750000000000000000000000000E+03
    0.216461926698684692382812500000000000000000E+00    0.303302215576171875000000000000000000000000E+03
    0.220834761857986450195312500000000000000000E+00    0.299242919921875000000000000000000000000000E+03
    0.225295916199684143066406250000000000000000E+00    0.294117218017578125000000000000000000000000E+03
    0.229847192764282226562500000000000000000000E+00    0.286522491455078125000000000000000000000000E+03
    0.234490394592285156250000000000000000000000E+00    0.275930358886718750000000000000000000000000E+03
    0.239227414131164550781250000000000000000000E+00    0.262577209472656250000000000000000000000000E+03
    0.244060128927230834960937500000000000000000E+00    0.247428375244140625000000000000000000000000E+03
    0.248990446329116821289062500000000000000000E+00    0.232039932250976562500000000000000000000000E+03
    0.254020392894744873046875000000000000000000E+00    0.217901229858398437500000000000000000000000E+03
    0.259151935577392578125000000000000000000000E+00    0.206054321289062500000000000000000000000000E+03
    0.264387160539627075195312500000000000000000E+00    0.196917388916015625000000000000000000000000E+03
    0.269728124141693115234375000000000000000000E+00    0.190175033569335937500000000000000000000000E+03
    0.275177001953125000000000000000000000000000E+00    0.184948730468750000000000000000000000000000E+03
    0.280736058950424194335937500000000000000000E+00    0.180152709960937500000000000000000000000000E+03
    0.286407291889190673828125000000000000000000E+00    0.174720581054687500000000000000000000000000E+03
    0.292193114757537841796875000000000000000000E+00    0.167991363525390625000000000000000000000000E+03
    0.298095792531967163085937500000000000000000E+00    0.160059829711914062500000000000000000000000E+03
    0.304117560386657714843750000000000000000000E+00    0.151566467285156250000000000000000000000000E+03
    0.310261309146881103515625000000000000000000E+00    0.143293716430664062500000000000000000000000E+03
    0.316528826951980590820312500000000000000000E+00    0.135927047729492187500000000000000000000000E+03
    0.322923272848129272460937500000000000000000E+00    0.129839416503906250000000000000000000000000E+03
    0.329446613788604736328125000000000000000000E+00    0.124877456665039062500000000000000000000000E+03
    0.336102008819580078125000000000000000000000E+00    0.120541633605957031250000000000000000000000E+03
    0.342891573905944824218750000000000000000000E+00    0.116272201538085937500000000000000000000000E+03
    0.349818587303161621093750000000000000000000E+00    0.111622833251953125000000000000000000000000E+03
    0.356885224580764770507812500000000000000000E+00    0.106535545349121093750000000000000000000000E+03
    0.364094972610473632812500000000000000000000E+00    0.101288017272949218750000000000000000000000E+03
    0.371450334787368774414062500000000000000000E+00    0.962884979248046875000000000000000000000000E+02
    0.378953933715820312500000000000000000000000E+00    0.918049774169921875000000000000000000000000E+02
    0.386609494686126708984375000000000000000000E+00    0.878998947143554687500000000000000000000000E+02
    0.394419312477111816406250000000000000000000E+00    0.843880462646484375000000000000000000000000E+02
    0.402387291193008422851562500000000000000000E+00    0.809880905151367187500000000000000000000000E+02
    0.410515844821929931640625000000000000000000E+00    0.775149765014648437500000000000000000000000E+02
    0.418809026479721069335937500000000000000000E+00    0.739577102661132812500000000000000000000000E+02
    0.427269339561462402343750000000000000000000E+00    0.704671936035156250000000000000000000000000E+02
    0.435900926589965820312500000000000000000000E+00    0.672067108154296875000000000000000000000000E+02
    0.444706469774246215820312500000000000000000E+00    0.642291641235351562500000000000000000000000E+02
    0.453690379858016967773437500000000000000000E+00    0.614779357910156250000000000000000000000000E+02
    0.462855309247970581054687500000000000000000E+00    0.588330459594726562500000000000000000000000E+02
    0.472205787897109985351562500000000000000000E+00    0.562149200439453125000000000000000000000000E+02
    0.481744766235351562500000000000000000000000E+00    0.536379089355468750000000000000000000000000E+02
    0.491476893424987792968750000000000000000000E+00    0.511676597595214843750000000000000000000000E+02
    0.501405119895935058593750000000000000000000E+00    0.488509330749511718750000000000000000000000E+02
    0.511534392833709716796875000000000000000000E+00    0.466791648864746093750000000000000000000000E+02
    0.521867811679840087890625000000000000000000E+00    0.446053810119628906250000000000000000000000E+02
    0.532410502433776855468750000000000000000000E+00    0.425924148559570312500000000000000000000000E+02
    0.543165624141693115234375000000000000000000E+00    0.406436347961425781250000000000000000000000E+02
    0.554138541221618652343750000000000000000000E+00    0.387826156616210937500000000000000000000000E+02
    0.565332591533660888671875000000000000000000E+00    0.370177841186523437500000000000000000000000E+02
    0.576753377914428710937500000000000000000000E+00    0.353382606506347656250000000000000000000000E+02
    0.588404297828674316406250000000000000000000E+00    0.337341651916503906250000000000000000000000E+02
    0.600291073322296142578125000000000000000000E+00    0.321970405578613281250000000000000000000000E+02
    0.612418055534362792968750000000000000000000E+00    0.307231121063232421875000000000000000000000E+02
    0.624789416790008544921875000000000000000000E+00    0.293120021820068359375000000000000000000000E+02
    0.637411296367645263671875000000000000000000E+00    0.279631557464599609375000000000000000000000E+02
    0.650287508964538574218750000000000000000000E+00    0.266754817962646484375000000000000000000000E+02
    0.663424491882324218750000000000000000000000E+00    0.254462833404541015625000000000000000000000E+02
    0.676826238632202148437500000000000000000000E+00    0.242725028991699218750000000000000000000000E+02
    0.690499365329742431640625000000000000000000E+00    0.231512832641601562500000000000000000000000E+02
    0.704448044300079345703125000000000000000000E+00    0.220800952911376953125000000000000000000000E+02
    0.718679130077362060546875000000000000000000E+00    0.210568294525146484375000000000000000000000E+02
    0.733197033405303955078125000000000000000000E+00    0.200794906616210937500000000000000000000000E+02
    0.748008966445922851562500000000000000000000E+00    0.191461486816406250000000000000000000000000E+02
    0.763119339942932128906250000000000000000000E+00    0.182549285888671875000000000000000000000000E+02
    0.778535783290863037109375000000000000000000E+00    0.174040031433105468750000000000000000000000E+02
    0.794262826442718505859375000000000000000000E+00    0.165916271209716796875000000000000000000000E+02
    0.810308396816253662109375000000000000000000E+00    0.158161106109619140625000000000000000000000E+02
    0.826677322387695312500000000000000000000000E+00    0.150757837295532226562500000000000000000000E+02
    0.843377590179443359375000000000000000000000E+00    0.143690385818481445312500000000000000000000E+02
    0.860414624214172363281250000000000000000000E+00    0.136943502426147460937500000000000000000000E+02
    0.877796530723571777343750000000000000000000E+00    0.130503816604614257812500000000000000000000E+02
    0.895528674125671386718750000000000000000000E+00    0.124360418319702148437500000000000000000000E+02
    0.913619995117187500000000000000000000000000E+00    0.118502626419067382812500000000000000000000E+02
