  0.104494E-04  0.199321E+08  0.199321E+08  0.265623E+08  0.265619E+08  0.199346E+08  0.199192E+08  0.526034E+00  0.199321E+08
  0.115426E-04  0.199321E+08  0.199321E+08  0.265593E+08  0.265588E+08  0.199346E+08  0.199192E+08  0.526034E+00  0.199321E+08
  0.127502E-04  0.199321E+08  0.199321E+08  0.265555E+08  0.265550E+08  0.199345E+08  0.199192E+08  0.526034E+00  0.199321E+08
  0.140841E-04  0.199321E+08  0.199321E+08  0.265510E+08  0.265503E+08  0.199345E+08  0.199192E+08  0.526034E+00  0.199321E+08
  0.155575E-04  0.199321E+08  0.199321E+08  0.265454E+08  0.265446E+08  0.199345E+08  0.199191E+08  0.526034E+00  0.199321E+08
  0.171851E-04  0.199321E+08  0.199321E+08  0.265387E+08  0.265377E+08  0.199345E+08  0.199191E+08  0.526033E+00  0.199321E+08
  0.189830E-04  0.199320E+08  0.199320E+08  0.265304E+08  0.265292E+08  0.199344E+08  0.199191E+08  0.526033E+00  0.199321E+08
  0.209690E-04  0.199320E+08  0.199320E+08  0.265204E+08  0.265189E+08  0.199344E+08  0.199191E+08  0.526033E+00  0.199320E+08
  0.231627E-04  0.199320E+08  0.199320E+08  0.265081E+08  0.265063E+08  0.199343E+08  0.199191E+08  0.526033E+00  0.199320E+08
  0.255860E-04  0.199320E+08  0.199320E+08  0.264931E+08  0.264909E+08  0.199342E+08  0.199190E+08  0.526033E+00  0.199320E+08
  0.282628E-04  0.199319E+08  0.199319E+08  0.264749E+08  0.264721E+08  0.199341E+08  0.199190E+08  0.526033E+00  0.199320E+08
  0.312196E-04  0.199319E+08  0.199319E+08  0.264526E+08  0.264493E+08  0.199340E+08  0.199190E+08  0.526033E+00  0.199319E+08
  0.344857E-04  0.199318E+08  0.199318E+08  0.264255E+08  0.264214E+08  0.199339E+08  0.199189E+08  0.526032E+00  0.199319E+08
  0.380936E-04  0.199318E+08  0.199318E+08  0.263924E+08  0.263875E+08  0.199337E+08  0.199188E+08  0.526032E+00  0.199318E+08
  0.420789E-04  0.199317E+08  0.199317E+08  0.263521E+08  0.263461E+08  0.199335E+08  0.199188E+08  0.526032E+00  0.199317E+08
  0.464811E-04  0.199316E+08  0.199316E+08  0.263030E+08  0.262956E+08  0.199332E+08  0.199187E+08  0.526031E+00  0.199316E+08
  0.513439E-04  0.199315E+08  0.199315E+08  0.262432E+08  0.262342E+08  0.199329E+08  0.199186E+08  0.526031E+00  0.199315E+08
  0.567154E-04  0.199313E+08  0.199313E+08  0.261704E+08  0.261595E+08  0.199326E+08  0.199184E+08  0.526030E+00  0.199313E+08
  0.626489E-04  0.199312E+08  0.199311E+08  0.260818E+08  0.260686E+08  0.199321E+08  0.199182E+08  0.526029E+00  0.199312E+08
  0.692032E-04  0.199310E+08  0.199309E+08  0.259741E+08  0.259580E+08  0.199316E+08  0.199180E+08  0.526028E+00  0.199310E+08
  0.764431E-04  0.199307E+08  0.199307E+08  0.258432E+08  0.258236E+08  0.199309E+08  0.199178E+08  0.526027E+00  0.199307E+08
  0.844405E-04  0.199304E+08  0.199303E+08  0.256844E+08  0.256606E+08  0.199300E+08  0.199174E+08  0.526025E+00  0.199304E+08
  0.932745E-04  0.199300E+08  0.199300E+08  0.254918E+08  0.254629E+08  0.199290E+08  0.199171E+08  0.526024E+00  0.199300E+08
  0.103033E-03  0.199295E+08  0.199295E+08  0.252585E+08  0.252236E+08  0.199278E+08  0.199166E+08  0.526021E+00  0.199295E+08
  0.113812E-03  0.199290E+08  0.199289E+08  0.249766E+08  0.249343E+08  0.199263E+08  0.199160E+08  0.526019E+00  0.199289E+08
  0.125719E-03  0.199283E+08  0.199282E+08  0.246366E+08  0.245855E+08  0.199244E+08  0.199153E+08  0.526016E+00  0.199282E+08
  0.138871E-03  0.199274E+08  0.199273E+08  0.242274E+08  0.241659E+08  0.199222E+08  0.199145E+08  0.526012E+00  0.199273E+08
  0.153400E-03  0.199264E+08  0.199262E+08  0.237367E+08  0.236628E+08  0.199195E+08  0.199134E+08  0.526007E+00  0.199263E+08
  0.169448E-03  0.199251E+08  0.199250E+08  0.231503E+08  0.230620E+08  0.199161E+08  0.199122E+08  0.526001E+00  0.199250E+08
  0.187176E-03  0.199236E+08  0.199234E+08  0.224531E+08  0.223478E+08  0.199121E+08  0.199106E+08  0.525995E+00  0.199234E+08
  0.206758E-03  0.199217E+08  0.199215E+08  0.216286E+08  0.215038E+08  0.199071E+08  0.199088E+08  0.525987E+00  0.199215E+08
  0.228389E-03  0.199194E+08  0.199192E+08  0.206607E+08  0.205138E+08  0.199011E+08  0.199065E+08  0.525977E+00  0.199192E+08
  0.252282E-03  0.199167E+08  0.199164E+08  0.195342E+08  0.193626E+08  0.198938E+08  0.199038E+08  0.525966E+00  0.199164E+08
  0.278676E-03  0.199134E+08  0.199130E+08  0.182374E+08  0.180389E+08  0.198849E+08  0.199004E+08  0.525952E+00  0.199131E+08
  0.307830E-03  0.199093E+08  0.199089E+08  0.167642E+08  0.165375E+08  0.198741E+08  0.198964E+08  0.525937E+00  0.199089E+08
  0.340035E-03  0.199044E+08  0.199039E+08  0.151183E+08  0.148632E+08  0.198610E+08  0.198915E+08  0.525919E+00  0.199040E+08
  0.375609E-03  0.198986E+08  0.198979E+08  0.133173E+08  0.130356E+08  0.198451E+08  0.198856E+08  0.525898E+00  0.198980E+08
  0.414905E-03  0.198915E+08  0.198906E+08  0.113973E+08  0.110934E+08  0.198259E+08  0.198785E+08  0.525875E+00  0.198908E+08
  0.458312E-03  0.198829E+08  0.198820E+08  0.941708E+07  0.909883E+07  0.198026E+08  0.198700E+08  0.525850E+00  0.198821E+08
  0.506260E-03  0.198727E+08  0.198716E+08  0.745919E+07  0.713807E+07  0.197744E+08  0.198598E+08  0.525823E+00  0.198717E+08
  0.559224E-03  0.198605E+08  0.198592E+08  0.562636E+07  0.531741E+07  0.197406E+08  0.198476E+08  0.525795E+00  0.198593E+08
  0.617729E-03  0.198460E+08  0.198444E+08  0.402964E+07  0.375013E+07  0.196998E+08  0.198330E+08  0.525765E+00  0.198445E+08
  0.682355E-03  0.198287E+08  0.198269E+08  0.276638E+07  0.253315E+07  0.196510E+08  0.198158E+08  0.525737E+00  0.198270E+08
  0.753742E-03  0.198084E+08  0.198063E+08  0.189000E+07  0.171533E+07  0.195925E+08  0.197954E+08  0.525710E+00  0.198062E+08
  0.832598E-03  0.197844E+08  0.197820E+08  0.138029E+07  0.126733E+07  0.195229E+08  0.197714E+08  0.525685E+00  0.197818E+08
  0.919703E-03  0.197562E+08  0.197536E+08  0.113253E+07  0.107208E+07  0.194402E+08  0.197433E+08  0.525664E+00  0.197532E+08
  0.101592E-02  0.197233E+08  0.197204E+08  0.986850E+06  0.958516E+06  0.193423E+08  0.197103E+08  0.525644E+00  0.197197E+08
  0.112221E-02  0.196849E+08  0.196818E+08  0.804634E+06  0.783925E+06  0.192270E+08  0.196719E+08  0.525626E+00  0.196807E+08
  0.123961E-02  0.196402E+08  0.196370E+08  0.555467E+06  0.524729E+06  0.190919E+08  0.196273E+08  0.525609E+00  0.196354E+08
  0.136930E-02  0.195885E+08  0.195851E+08  0.331768E+06  0.287683E+06  0.189348E+08  0.195755E+08  0.525591E+00  0.195828E+08
  0.151255E-02  0.195286E+08  0.195251E+08  0.233390E+06  0.183829E+06  0.187539E+08  0.195156E+08  0.525573E+00  0.195220E+08
  0.167079E-02  0.194595E+08  0.194560E+08  0.220343E+06  0.000000E+00  0.185474E+08  0.194465E+08  0.525556E+00  0.194519E+08
  0.184559E-02  0.193801E+08  0.193765E+08  0.162603E+06  0.000000E+00  0.183133E+08  0.193670E+08  0.525537E+00  0.193714E+08
  0.203867E-02  0.192890E+08  0.192854E+08  0.690537E+05  0.000000E+00  0.180506E+08  0.192758E+08  0.525517E+00  0.192790E+08
  0.225195E-02  0.191847E+08  0.191811E+08  0.540411E+05  0.000000E+00  0.177587E+08  0.191716E+08  0.525496E+00  0.191733E+08
  0.248755E-02  0.190659E+08  0.190621E+08  0.554962E+05  0.000000E+00  0.174374E+08  0.190526E+08  0.525475E+00  0.190530E+08
  0.274779E-02  0.189308E+08  0.189269E+08  0.177527E+05  0.000000E+00  0.170864E+08  0.189174E+08  0.525452E+00  0.189163E+08
  0.303526E-02  0.187777E+08  0.187736E+08  0.229549E+05  0.000000E+00  0.167054E+08  0.187643E+08  0.525428E+00  0.187615E+08
  0.335281E-02  0.186049E+08  0.186005E+08  0.419506E+04  0.000000E+00  0.162936E+08  0.185913E+08  0.525404E+00  0.185869E+08
  0.370357E-02  0.184104E+08  0.184057E+08  0.422586E+04  0.000000E+00  0.158496E+08  0.183966E+08  0.525378E+00  0.183905E+08
  0.409103E-02  0.181922E+08  0.181872E+08 -0.616642E+04  0.000000E+00  0.153718E+08  0.181781E+08  0.525352E+00  0.181703E+08
  0.451903E-02  0.179480E+08  0.179425E+08  0.192728E+03  0.000000E+00  0.148588E+08  0.179334E+08  0.525324E+00  0.179240E+08
  0.499181E-02  0.176752E+08  0.176692E+08  0.150361E+04  0.000000E+00  0.143111E+08  0.176600E+08  0.525294E+00  0.176491E+08
  0.551404E-02  0.173712E+08  0.173645E+08 -0.316098E+04  0.000000E+00  0.137274E+08  0.173551E+08  0.525263E+00  0.173428E+08
  0.609092E-02  0.170332E+08  0.170258E+08 -0.324822E+04  0.000000E+00  0.130775E+08  0.170159E+08  0.525228E+00  0.170024E+08
  0.672814E-02  0.166566E+08  0.166482E+08 -0.426448E+04  0.000000E+00  0.124050E+08  0.166376E+08  0.525191E+00  0.166234E+08
  0.743203E-02  0.162374E+08  0.162280E+08 -0.324475E+04  0.000000E+00  0.116955E+08  0.162159E+08  0.525152E+00  0.162017E+08
  0.820956E-02  0.157703E+08  0.157596E+08 -0.189840E+04  0.000000E+00  0.109584E+08  0.157454E+08  0.525110E+00  0.157324E+08
  0.906843E-02  0.152491E+08  0.152368E+08 -0.108648E+04  0.000000E+00  0.101950E+08  0.152193E+08  0.525067E+00  0.152089E+08
  0.100172E-01  0.146659E+08  0.146518E+08 -0.209093E+04  0.000000E+00  0.940124E+07  0.146294E+08  0.525019E+00  0.146237E+08
  0.110651E-01  0.140113E+08  0.139950E+08 -0.566147E+03  0.000000E+00  0.857930E+07  0.139656E+08  0.524967E+00  0.139674E+08
  0.122228E-01  0.132742E+08  0.132554E+08 -0.137580E+04  0.000000E+00  0.773532E+07  0.132157E+08  0.524908E+00  0.132287E+08
  0.135015E-01  0.124420E+08  0.124204E+08 -0.833751E+03  0.000000E+00  0.687525E+07  0.123666E+08  0.524841E+00  0.123956E+08
  0.149140E-01  0.115027E+08  0.114779E+08 -0.765379E+03  0.000000E+00  0.600034E+07  0.114053E+08  0.524762E+00  0.114559E+08
  0.164743E-01  0.104476E+08  0.104192E+08 -0.538125E+03  0.000000E+00  0.512196E+07  0.103226E+08  0.524665E+00  0.104011E+08
  0.181978E-01  0.929702E+07  0.926486E+07 -0.417335E+03  0.000000E+00  0.426347E+07  0.913930E+07  0.524543E+00  0.925165E+07
  0.201016E-01  0.803278E+07  0.799662E+07 -0.425917E+03  0.000000E+00  0.342781E+07  0.783960E+07  0.524383E+00  0.798945E+07
  0.222046E-01  0.671778E+07  0.667761E+07 -0.218402E+03  0.000000E+00  0.265307E+07  0.649066E+07  0.524168E+00  0.667731E+07
  0.245276E-01  0.541862E+07  0.537469E+07 -0.131408E+03  0.000000E+00  0.196928E+07  0.516546E+07  0.523874E+00  0.538162E+07
  0.270937E-01  0.426330E+07  0.421622E+07 -0.710257E+02  0.000000E+00  0.141757E+07  0.399557E+07  0.523465E+00  0.422985E+07
  0.299282E-01  0.333247E+07  0.328327E+07 -0.843450E+02  0.000000E+00  0.100803E+07  0.305919E+07  0.522889E+00  0.330225E+07
  0.330592E-01  0.262376E+07  0.257402E+07 -0.246813E+02  0.000000E+00  0.717424E+06  0.234582E+07  0.522074E+00  0.259644E+07
  0.365178E-01  0.208291E+07  0.203468E+07 -0.323597E+02  0.000000E+00  0.510803E+06  0.179556E+07  0.520938E+00  0.205843E+07
  0.403383E-01  0.164942E+07  0.160511E+07 -0.635703E+01  0.000000E+00  0.360009E+06  0.135659E+07  0.519373E+00  0.162806E+07
  0.443721E-01  0.134386E+07  0.130557E+07 -0.308687E+01  0.000000E+00  0.260956E+06  0.104930E+07  0.517298E+00  0.132563E+07
  0.484060E-01  0.114916E+07  0.111790E+07  0.000000E+00  0.000000E+00  0.199298E+06  0.845171E+06  0.514801E+00  0.113380E+07
  0.524398E-01  0.101376E+07  0.989601E+06  0.000000E+00  0.000000E+00  0.157718E+06  0.698829E+06  0.511902E+00  0.100100E+07
  0.564736E-01  0.916764E+06  0.898912E+06  0.000000E+00  0.000000E+00  0.140681E+06  0.590446E+06  0.508556E+00  0.906288E+06
  0.605074E-01  0.838410E+06  0.825477E+06  0.000000E+00  0.000000E+00  0.116957E+06  0.501009E+06  0.504865E+00  0.829660E+06
  0.645413E-01  0.768309E+06  0.758591E+06  0.000000E+00  0.000000E+00  0.978293E+05  0.425264E+06  0.500762E+00  0.760799E+06
  0.685751E-01  0.700778E+06  0.692556E+06  0.000000E+00  0.000000E+00  0.815921E+05  0.357047E+06  0.496420E+00  0.694045E+06
  0.726089E-01  0.632980E+06  0.624776E+06  0.000000E+00  0.000000E+00  0.676339E+05  0.296562E+06  0.491770E+00  0.626645E+06
  0.766428E-01  0.567537E+06  0.558293E+06  0.000000E+00  0.000000E+00  0.557512E+05  0.243275E+06  0.487005E+00  0.561312E+06
  0.806766E-01  0.503808E+06  0.492991E+06  0.000000E+00  0.000000E+00  0.456473E+05  0.197545E+06  0.482018E+00  0.497549E+06
  0.847104E-01  0.445712E+06  0.433294E+06  0.000000E+00  0.000000E+00  0.373295E+05  0.159304E+06  0.477077E+00  0.439384E+06
  0.907355E-01  0.374044E+06  0.360057E+06  0.000000E+00  0.000000E+00  0.280146E+05  0.116299E+06  0.469578E+00  0.367746E+06
  0.967605E-01  0.323500E+06  0.309573E+06  0.000000E+00  0.000000E+00  0.218238E+05  0.875051E+05  0.462174E+00  0.317542E+06
  0.102786E+00  0.293522E+06  0.281266E+06  0.000000E+00  0.000000E+00  0.179727E+05  0.691869E+05  0.455006E+00  0.288206E+06
  0.108811E+00  0.278908E+06  0.269293E+06  0.000000E+00  0.000000E+00  0.156077E+05  0.574025E+05  0.448174E+00  0.274393E+06
  0.114836E+00  0.271144E+06  0.264239E+06  0.000000E+00  0.000000E+00  0.139400E+05  0.487924E+05  0.441748E+00  0.267406E+06
  0.120861E+00  0.262527E+06  0.257616E+06  0.000000E+00  0.000000E+00  0.124478E+05  0.413396E+05  0.435758E+00  0.259379E+06
  0.126886E+00  0.249125E+06  0.245095E+06  0.000000E+00  0.000000E+00  0.109256E+05  0.343561E+05  0.430210E+00  0.246301E+06
  0.132911E+00  0.230377E+06  0.226177E+06  0.000000E+00  0.000000E+00  0.936817E+04  0.278538E+05  0.425074E+00  0.227633E+06
  0.138936E+00  0.208127E+06  0.203110E+06  0.000000E+00  0.000000E+00  0.786574E+04  0.220844E+05  0.420317E+00  0.205313E+06
  0.144961E+00  0.185926E+06  0.179993E+06  0.000000E+00  0.000000E+00  0.654679E+04  0.173268E+05  0.415963E+00  0.183017E+06
  0.150986E+00  0.167408E+06  0.160932E+06  0.000000E+00  0.000000E+00  0.550858E+04  0.137237E+05  0.412108E+00  0.164480E+06
  0.157011E+00  0.154505E+06  0.148096E+06  0.000000E+00  0.000000E+00  0.476872E+04  0.111980E+05  0.408697E+00  0.151683E+06
  0.163036E+00  0.147096E+06  0.141330E+06  0.000000E+00  0.000000E+00  0.427498E+04  0.947976E+04  0.405438E+00  0.144498E+06
  0.169061E+00  0.143548E+06  0.138763E+06  0.000000E+00  0.000000E+00  0.394056E+04  0.822961E+04  0.402415E+00  0.141239E+06
  0.175086E+00  0.141549E+06  0.137759E+06  0.000000E+00  0.000000E+00  0.367793E+04  0.723481E+04  0.399943E+00  0.139521E+06
  0.181111E+00  0.138866E+06  0.135808E+06  0.000000E+00  0.000000E+00  0.342046E+04  0.636584E+04  0.397533E+00  0.137053E+06
  0.187136E+00  0.134045E+06  0.131317E+06  0.000000E+00  0.000000E+00  0.313249E+04  0.549351E+04  0.395283E+00  0.132354E+06
  0.193161E+00  0.126865E+06  0.124087E+06  0.000000E+00  0.000000E+00  0.281464E+04  0.466781E+04  0.393513E+00  0.125211E+06
  0.199186E+00  0.118221E+06  0.115158E+06  0.000000E+00  0.000000E+00  0.249253E+04  0.391125E+04  0.391548E+00  0.116550E+06
  0.205211E+00  0.109497E+06  0.106111E+06  0.000000E+00  0.000000E+00  0.219595E+04  0.325583E+04  0.390149E+00  0.107801E+06
  0.211236E+00  0.101993E+06  0.984157E+05  0.000000E+00  0.000000E+00  0.194910E+04  0.274304E+04  0.388499E+00  0.100298E+06
  0.217261E+00  0.964492E+05  0.929032E+05  0.000000E+00  0.000000E+00  0.175931E+04  0.234179E+04  0.387388E+00  0.948019E+05
  0.223286E+00  0.928878E+05  0.895884E+05  0.000000E+00  0.000000E+00  0.162074E+04  0.205014E+04  0.385967E+00  0.913320E+05
  0.229311E+00  0.907722E+05  0.878522E+05  0.000000E+00  0.000000E+00  0.151737E+04  0.182211E+04  0.385106E+00  0.893335E+05
  0.235336E+00  0.892797E+05  0.867555E+05  0.000000E+00  0.000000E+00  0.143166E+04  0.163061E+04  0.383918E+00  0.879580E+05
  0.241361E+00  0.875600E+05  0.853450E+05  0.000000E+00  0.000000E+00  0.134780E+04  0.146616E+04  0.383106E+00  0.863337E+05
  0.247386E+00  0.850732E+05  0.830238E+05  0.000000E+00  0.000000E+00  0.125765E+04  0.129619E+04  0.382347E+00  0.839091E+05
  0.253411E+00  0.817455E+05  0.797195E+05  0.000000E+00  0.000000E+00  0.116103E+04  0.114230E+04  0.381396E+00  0.806113E+05
  0.259436E+00  0.778561E+05  0.757586E+05  0.000000E+00  0.000000E+00  0.106282E+04  0.100004E+04  0.380861E+00  0.767302E+05
  0.265461E+00  0.738534E+05  0.716592E+05  0.000000E+00  0.000000E+00  0.969650E+03  0.866292E+03  0.380293E+00  0.727299E+05
  0.271486E+00  0.702131E+05  0.679611E+05  0.000000E+00  0.000000E+00  0.887413E+03  0.757165E+03  0.379517E+00  0.690999E+05
  0.277512E+00  0.672766E+05  0.650434E+05  0.000000E+00  0.000000E+00  0.819401E+03  0.671649E+03  0.378998E+00  0.661894E+05
  0.283537E+00  0.651220E+05  0.629874E+05  0.000000E+00  0.000000E+00  0.765210E+03  0.599560E+03  0.378690E+00  0.640767E+05
  0.289562E+00  0.635586E+05  0.615765E+05  0.000000E+00  0.000000E+00  0.721238E+03  0.538245E+03  0.378253E+00  0.625655E+05
  0.295587E+00  0.622806E+05  0.604647E+05  0.000000E+00  0.000000E+00  0.683057E+03  0.487602E+03  0.377695E+00  0.613414E+05
  0.301612E+00  0.609959E+05  0.593212E+05  0.000000E+00  0.000000E+00  0.646874E+03  0.444137E+03  0.377223E+00  0.601040E+05
  0.307637E+00  0.594931E+05  0.579101E+05  0.000000E+00  0.000000E+00  0.610327E+03  0.403507E+03  0.376912E+00  0.586366E+05
  0.313662E+00  0.576977E+05  0.561534E+05  0.000000E+00  0.000000E+00  0.572758E+03  0.363887E+03  0.376694E+00  0.568645E+05
  0.319687E+00  0.556846E+05  0.541396E+05  0.000000E+00  0.000000E+00  0.535044E+03  0.325999E+03  0.376484E+00  0.548656E+05
  0.325712E+00  0.536141E+05  0.520530E+05  0.000000E+00  0.000000E+00  0.498865E+03  0.291318E+03  0.376244E+00  0.528056E+05
  0.331737E+00  0.516581E+05  0.500892E+05  0.000000E+00  0.000000E+00  0.465723E+03  0.260876E+03  0.375980E+00  0.508614E+05
  0.337762E+00  0.499485E+05  0.483962E+05  0.000000E+00  0.000000E+00  0.436591E+03  0.234917E+03  0.375716E+00  0.491686E+05
  0.343787E+00  0.485291E+05  0.470218E+05  0.000000E+00  0.000000E+00  0.411542E+03  0.212995E+03  0.375467E+00  0.477715E+05
  0.349812E+00  0.473593E+05  0.459188E+05  0.000000E+00  0.000000E+00  0.389900E+03  0.194313E+03  0.375244E+00  0.466281E+05
  0.355837E+00  0.463479E+05  0.449824E+05  0.000000E+00  0.000000E+00  0.370634E+03  0.178019E+03  0.375050E+00  0.456442E+05
  0.361862E+00  0.453810E+05  0.440845E+05  0.000000E+00  0.000000E+00  0.352650E+03  0.163372E+03  0.374886E+00  0.447028E+05
  0.367887E+00  0.443644E+05  0.431208E+05  0.000000E+00  0.000000E+00  0.335126E+03  0.149885E+03  0.374747E+00  0.437078E+05
  0.373912E+00  0.432602E+05  0.420502E+05  0.000000E+00  0.000000E+00  0.317737E+03  0.137381E+03  0.374628E+00  0.426206E+05
  0.379937E+00  0.420846E+05  0.408920E+05  0.000000E+00  0.000000E+00  0.300645E+03  0.125886E+03  0.374515E+00  0.414582E+05
  0.385962E+00  0.408874E+05  0.397037E+05  0.000000E+00  0.000000E+00  0.284180E+03  0.115463E+03  0.374385E+00  0.402720E+05
  0.391987E+00  0.397273E+05  0.385526E+05  0.000000E+00  0.000000E+00  0.268741E+03  0.106045E+03  0.374212E+00  0.391226E+05
  0.398012E+00  0.386527E+05  0.374937E+05  0.000000E+00  0.000000E+00  0.254593E+03  0.974157E+02  0.373992E+00  0.380599E+05
  0.404037E+00  0.376919E+05  0.365581E+05  0.000000E+00  0.000000E+00  0.241844E+03  0.893253E+02  0.373772E+00  0.371129E+05
  0.410062E+00  0.368401E+05  0.357397E+05  0.000000E+00  0.000000E+00  0.230362E+03  0.817670E+02  0.373645E+00  0.362762E+05
  0.416087E+00  0.360651E+05  0.350023E+05  0.000000E+00  0.000000E+00  0.219863E+03  0.751130E+02  0.373666E+00  0.355170E+05
  0.422112E+00  0.353297E+05  0.343036E+05  0.000000E+00  0.000000E+00  0.210047E+03  0.697711E+02  0.373741E+00  0.347967E+05
  0.428137E+00  0.346007E+05  0.336065E+05  0.000000E+00  0.000000E+00  0.200676E+03  0.653795E+02  0.373658E+00  0.340816E+05
  0.434162E+00  0.338571E+05  0.328878E+05  0.000000E+00  0.000000E+00  0.191612E+03  0.607782E+02  0.373388E+00  0.333501E+05
  0.440187E+00  0.330950E+05  0.321443E+05  0.000000E+00  0.000000E+00  0.182803E+03  0.555886E+02  0.373231E+00  0.325985E+05
  0.446212E+00  0.323292E+05  0.313927E+05  0.000000E+00  0.000000E+00  0.174334E+03  0.510983E+02  0.373362E+00  0.318421E+05
  0.452237E+00  0.315777E+05  0.306540E+05  0.000000E+00  0.000000E+00  0.166290E+03  0.480246E+02  0.373400E+00  0.310994E+05
  0.458263E+00  0.308611E+05  0.299516E+05  0.000000E+00  0.000000E+00  0.158748E+03  0.447999E+02  0.373098E+00  0.303918E+05
  0.464288E+00  0.301900E+05  0.292974E+05  0.000000E+00  0.000000E+00  0.151746E+03  0.408479E+02  0.373031E+00  0.297301E+05
  0.470313E+00  0.295671E+05  0.286943E+05  0.000000E+00  0.000000E+00  0.145255E+03  0.382224E+02  0.373240E+00  0.291170E+05
  0.476338E+00  0.289822E+05  0.281309E+05  0.000000E+00  0.000000E+00  0.139208E+03  0.362176E+02  0.372996E+00  0.285422E+05
  0.482363E+00  0.284269E+05  0.275972E+05  0.000000E+00  0.000000E+00  0.133534E+03  0.330972E+02  0.372862E+00  0.279967E+05
  0.488388E+00  0.278841E+05  0.270746E+05  0.000000E+00  0.000000E+00  0.128130E+03  0.311301E+02  0.373107E+00  0.274633E+05
  0.494413E+00  0.273487E+05  0.265570E+05  0.000000E+00  0.000000E+00  0.122955E+03  0.294676E+02  0.372796E+00  0.269365E+05
  0.500438E+00  0.268140E+05  0.260375E+05  0.000000E+00  0.000000E+00  0.117977E+03  0.268496E+02  0.372844E+00  0.264098E+05
  0.506463E+00  0.262827E+05  0.255195E+05  0.000000E+00  0.000000E+00  0.113190E+03  0.257406E+02  0.372928E+00  0.258860E+05
  0.512488E+00  0.257618E+05  0.250109E+05  0.000000E+00  0.000000E+00  0.108621E+03  0.236943E+02  0.372623E+00  0.253721E+05
  0.518513E+00  0.252560E+05  0.245171E+05  0.000000E+00  0.000000E+00  0.104282E+03  0.222544E+02  0.372924E+00  0.248732E+05
  0.524538E+00  0.247703E+05  0.240441E+05  0.000000E+00  0.000000E+00  0.100177E+03  0.210133E+02  0.372557E+00  0.243945E+05
  0.530563E+00  0.243089E+05  0.235961E+05  0.000000E+00  0.000000E+00  0.963180E+02  0.193842E+02  0.372829E+00  0.239400E+05
  0.536588E+00  0.238682E+05  0.231694E+05  0.000000E+00  0.000000E+00  0.926749E+02  0.186190E+02  0.372541E+00  0.235063E+05
  0.542613E+00  0.234437E+05  0.227589E+05  0.000000E+00  0.000000E+00  0.892190E+02  0.170417E+02  0.372746E+00  0.230886E+05
  0.548638E+00  0.230316E+05  0.223605E+05  0.000000E+00  0.000000E+00  0.859248E+02  0.164680E+02  0.372491E+00  0.226832E+05
  0.554663E+00  0.226295E+05  0.219713E+05  0.000000E+00  0.000000E+00  0.827817E+02  0.150870E+02  0.372713E+00  0.222875E+05
  0.560688E+00  0.222333E+05  0.215869E+05  0.000000E+00  0.000000E+00  0.797614E+02  0.145385E+02  0.372410E+00  0.218973E+05
  0.566713E+00  0.218438E+05  0.212083E+05  0.000000E+00  0.000000E+00  0.768657E+02  0.134657E+02  0.372712E+00  0.215136E+05
  0.572738E+00  0.214612E+05  0.208360E+05  0.000000E+00  0.000000E+00  0.740908E+02  0.127510E+02  0.372337E+00  0.211366E+05
  0.578763E+00  0.210881E+05  0.204729E+05  0.000000E+00  0.000000E+00  0.714330E+02  0.121471E+02  0.372658E+00  0.207689E+05
  0.584788E+00  0.207259E+05  0.201205E+05  0.000000E+00  0.000000E+00  0.689030E+02  0.111406E+02  0.372393E+00  0.204119E+05
  0.590813E+00  0.203758E+05  0.197804E+05  0.000000E+00  0.000000E+00  0.664910E+02  0.109360E+02  0.372439E+00  0.200671E+05
  0.596838E+00  0.200384E+05  0.194530E+05  0.000000E+00  0.000000E+00  0.641949E+02  0.995984E+01  0.372580E+00  0.197348E+05
  0.602863E+00  0.197110E+05  0.191357E+05  0.000000E+00  0.000000E+00  0.620064E+02  0.955837E+01  0.372243E+00  0.194125E+05
  0.608888E+00  0.193927E+05  0.188273E+05  0.000000E+00  0.000000E+00  0.599117E+02  0.920111E+01  0.372531E+00  0.190992E+05
  0.614913E+00  0.190822E+05  0.185263E+05  0.000000E+00  0.000000E+00  0.579065E+02  0.836061E+01  0.372452E+00  0.187935E+05
  0.620938E+00  0.187779E+05  0.182311E+05  0.000000E+00  0.000000E+00  0.559800E+02  0.814642E+01  0.372201E+00  0.184939E+05
  0.626963E+00  0.184800E+05  0.179418E+05  0.000000E+00  0.000000E+00  0.541304E+02  0.781254E+01  0.372493E+00  0.182004E+05
  0.674427E+00  0.163683E+05  0.158913E+05  0.000000E+00  0.000000E+00  0.419492E+02  0.494450E+01  0.372200E+00  0.161205E+05
  0.725484E+00  0.144928E+05  0.140704E+05  0.000000E+00  0.000000E+00  0.324716E+02  0.324795E+01  0.372162E+00  0.142734E+05
  0.780405E+00  0.128268E+05  0.124531E+05  0.000000E+00  0.000000E+00  0.251043E+02  0.222903E+01  0.371961E+00  0.126326E+05
  0.839485E+00  0.113471E+05  0.110166E+05  0.000000E+00  0.000000E+00  0.193843E+02  0.152982E+01  0.372007E+00  0.111753E+05
  0.903037E+00  0.100338E+05  0.974163E+04  0.000000E+00  0.000000E+00  0.149500E+02  0.931858E+00  0.371939E+00  0.988189E+04
  0.971400E+00  0.886836E+04  0.861020E+04  0.000000E+00  0.000000E+00  0.115165E+02  0.598905E+00  0.371987E+00  0.873412E+04
  0.104494E+01  0.783494E+04  0.760691E+04  0.000000E+00  0.000000E+00  0.886179E+01  0.411530E+00  0.372302E+00  0.771635E+04
  0.105164E+01  0.775016E+04  0.752461E+04  0.000000E+00  0.000000E+00  0.866061E+01  0.372757E+00  0.372125E+00  0.763285E+04
  0.106221E+01  0.761948E+04  0.739773E+04  0.000000E+00  0.000000E+00  0.835417E+01  0.356721E+00  0.372210E+00  0.750415E+04
  0.107288E+01  0.749087E+04  0.727287E+04  0.000000E+00  0.000000E+00  0.805866E+01  0.364434E+00  0.372310E+00  0.737749E+04
  0.108367E+01  0.736436E+04  0.715004E+04  0.000000E+00  0.000000E+00  0.777323E+01  0.376083E+00  0.372061E+00  0.725289E+04
  0.109456E+01  0.723988E+04  0.702919E+04  0.000000E+00  0.000000E+00  0.749818E+01  0.307257E+00  0.371858E+00  0.713029E+04
  0.110556E+01  0.711757E+04  0.691045E+04  0.000000E+00  0.000000E+00  0.723236E+01  0.311037E+00  0.372307E+00  0.700984E+04
  0.111667E+01  0.699724E+04  0.679363E+04  0.000000E+00  0.000000E+00  0.697619E+01  0.280032E+00  0.371825E+00  0.689133E+04
  0.112789E+01  0.687888E+04  0.667872E+04  0.000000E+00  0.000000E+00  0.672849E+01  0.298911E+00  0.372170E+00  0.677476E+04
  0.113923E+01  0.676255E+04  0.656578E+04  0.000000E+00  0.000000E+00  0.648988E+01  0.241517E+00  0.372258E+00  0.666019E+04
  0.115068E+01  0.664806E+04  0.645462E+04  0.000000E+00  0.000000E+00  0.625954E+01  0.217721E+00  0.372009E+00  0.654743E+04
  0.116224E+01  0.653553E+04  0.634537E+04  0.000000E+00  0.000000E+00  0.603717E+01  0.210600E+00  0.371891E+00  0.643661E+04
  0.117392E+01  0.642469E+04  0.623776E+04  0.000000E+00  0.000000E+00  0.582245E+01  0.195696E+00  0.371927E+00  0.632744E+04
  0.118572E+01  0.631598E+04  0.613221E+04  0.000000E+00  0.000000E+00  0.561561E+01  0.181856E+00  0.372113E+00  0.622038E+04
  0.119764E+01  0.620886E+04  0.602822E+04  0.000000E+00  0.000000E+00  0.541573E+01  0.196936E+00  0.372305E+00  0.611489E+04
  0.120967E+01  0.610354E+04  0.592596E+04  0.000000E+00  0.000000E+00  0.522307E+01  0.201137E+00  0.371886E+00  0.601116E+04
  0.122183E+01  0.599987E+04  0.582532E+04  0.000000E+00  0.000000E+00  0.503691E+01  0.152524E+00  0.372145E+00  0.590906E+04
  0.123411E+01  0.589801E+04  0.572642E+04  0.000000E+00  0.000000E+00  0.485762E+01  0.179740E+00  0.371876E+00  0.580874E+04
  0.124651E+01  0.579782E+04  0.562915E+04  0.000000E+00  0.000000E+00  0.468443E+01  0.158375E+00  0.372306E+00  0.571006E+04
  0.125904E+01  0.569938E+04  0.553358E+04  0.000000E+00  0.000000E+00  0.451760E+01  0.127143E+00  0.372139E+00  0.561312E+04
  0.127170E+01  0.560240E+04  0.543942E+04  0.000000E+00  0.000000E+00  0.435628E+01  0.119031E+00  0.371971E+00  0.551760E+04
  0.128448E+01  0.550716E+04  0.534695E+04  0.000000E+00  0.000000E+00  0.420082E+01  0.111927E+00  0.371981E+00  0.542381E+04
  0.129739E+01  0.541339E+04  0.525592E+04  0.000000E+00  0.000000E+00  0.405067E+01  0.107607E+00  0.372191E+00  0.533146E+04
  0.131042E+01  0.532126E+04  0.516647E+04  0.000000E+00  0.000000E+00  0.390606E+01  0.125297E+00  0.372274E+00  0.524072E+04
  0.132359E+01  0.523070E+04  0.507854E+04  0.000000E+00  0.000000E+00  0.376634E+01  0.114623E+00  0.371784E+00  0.515153E+04
  0.133690E+01  0.514149E+04  0.499193E+04  0.000000E+00  0.000000E+00  0.363177E+01  0.981878E-01  0.372301E+00  0.506367E+04
  0.135033E+01  0.505390E+04  0.490689E+04  0.000000E+00  0.000000E+00  0.350187E+01  0.916726E-01  0.371788E+00  0.497740E+04
  0.136390E+01  0.496776E+04  0.482326E+04  0.000000E+00  0.000000E+00  0.337644E+01  0.107074E+00  0.371952E+00  0.489257E+04
  0.137761E+01  0.488302E+04  0.474099E+04  0.000000E+00  0.000000E+00  0.325563E+01  0.100501E+00  0.372170E+00  0.480912E+04
  0.139146E+01  0.479966E+04  0.466006E+04  0.000000E+00  0.000000E+00  0.313892E+01  0.953935E-01  0.372167E+00  0.472702E+04
  0.140544E+01  0.471780E+04  0.458058E+04  0.000000E+00  0.000000E+00  0.302655E+01  0.911502E-01  0.371948E+00  0.464639E+04
  0.141957E+01  0.463727E+04  0.450240E+04  0.000000E+00  0.000000E+00  0.291800E+01  0.680158E-01  0.371779E+00  0.456709E+04
  0.143383E+01  0.455805E+04  0.442548E+04  0.000000E+00  0.000000E+00  0.281341E+01  0.664383E-01  0.372315E+00  0.448906E+04
  0.144824E+01  0.448022E+04  0.434992E+04  0.000000E+00  0.000000E+00  0.271244E+01  0.655562E-01  0.371751E+00  0.441241E+04
  0.146280E+01  0.440361E+04  0.427554E+04  0.000000E+00  0.000000E+00  0.261511E+01  0.730614E-01  0.372165E+00  0.433697E+04
  0.147750E+01  0.432832E+04  0.420244E+04  0.000000E+00  0.000000E+00  0.252121E+01  0.578155E-01  0.372327E+00  0.426281E+04
  0.149235E+01  0.425427E+04  0.413054E+04  0.000000E+00  0.000000E+00  0.243058E+01  0.517168E-01  0.372316E+00  0.418988E+04
