    0.999999974737875163555145263671875000000000E-04    0.213995776367187500000000000000000000000000E+04
    0.102020130725577473640441894531250000000000E-03    0.218106616210937500000000000000000000000000E+04
    0.104081082099582999944686889648437500000000E-03    0.222293896484375000000000000000000000000000E+04
    0.106183659227099269628524780273437500000000E-03    0.226558911132812500000000000000000000000000E+04
    0.108328706119209527969360351562500000000000E-03    0.230902905273437500000000000000000000000000E+04
    0.110517095890827476978302001953125000000000E-03    0.235327172851562500000000000000000000000000E+04
    0.112749679828993976116180419921875000000000E-03    0.239833032226562500000000000000000000000000E+04
    0.115027374704368412494659423828125000000000E-03    0.244421777343750000000000000000000000000000E+04
    0.117351090011652559041976928710937500000000E-03    0.249094799804687500000000000000000000000000E+04
    0.119721727969590574502944946289062500000000E-03    0.253853320312500000000000000000000000000000E+04
    0.122140278108417987823486328125000000000000E-03    0.258698754882812500000000000000000000000000E+04
    0.124607671750709414482116699218750000000000E-03    0.263632421875000000000000000000000000000000E+04
    0.127124920254573225975036621093750000000000E-03    0.268655688476562500000000000000000000000000E+04
    0.129692998598329722881317138671875000000000E-03    0.273769921875000000000000000000000000000000E+04
    0.132312969071790575981140136718750000000000E-03    0.278976464843750000000000000000000000000000E+04
    0.134985879412852227687835693359375000000000E-03    0.284276708984375000000000000000000000000000E+04
    0.137712777359411120414733886718750000000000E-03    0.289671923828125000000000000000000000000000E+04
    0.140494754305109381675720214843750000000000E-03    0.295163598632812500000000000000000000000000E+04
    0.143332930747419595718383789062500000000000E-03    0.300753051757812500000000000000000000000000E+04
    0.146228456287644803524017333984375000000000E-03    0.306441699218750000000000000000000000000000E+04
    0.149182465975172817707061767578125000000000E-03    0.312230786132812500000000000000000000000000E+04
    0.152196153067052364349365234375000000000000E-03    0.318121777343750000000000000000000000000000E+04
    0.155270710820332169532775878906250000000000E-03    0.324115942382812500000000000000000000000000E+04
    0.158407390699721872806549072265625000000000E-03    0.330214672851562500000000000000000000000000E+04
    0.161607444169931113719940185546875000000000E-03    0.336419311523437500000000000000000000000000E+04
    0.164872122695669531822204589843750000000000E-03    0.342731079101562500000000000000000000000000E+04
    0.168202750501222908496856689453125000000000E-03    0.349151342773437500000000000000000000000000E+04
    0.171600666362792253494262695312500000000000E-03    0.355681396484375000000000000000000000000000E+04
    0.175067238160409033298492431640625000000000E-03    0.362322485351562500000000000000000000000000E+04
    0.178603833774104714393615722656250000000000E-03    0.369075805664062500000000000000000000000000E+04
    0.182211864739656448364257812500000000000000E-03    0.375942578125000000000000000000000000000000E+04
    0.185892800800502300262451171875000000000000E-03    0.382924047851562500000000000000000000000000E+04
    0.189648068044334650039672851562500000000000E-03    0.390021289062500000000000000000000000000000E+04
    0.193479223526082932949066162109375000000000E-03    0.397235473632812500000000000000000000000000E+04
    0.197387780644930899143218994140625000000000E-03    0.404567675781250000000000000000000000000000E+04
    0.201375267351977527141571044921875000000000E-03    0.412018896484375000000000000000000000000000E+04
    0.205443298909813165664672851562500000000000E-03    0.419590136718750000000000000000000000000000E+04
    0.209593548788689076900482177734375000000000E-03    0.427282226562500000000000000000000000000000E+04
    0.213827603147365152835845947265625000000000E-03    0.435096289062500000000000000000000000000000E+04
    0.218147222767584025859832763671875000000000E-03    0.443032958984375000000000000000000000000000E+04
    0.222554081119596958160400390625000000000000E-03    0.451093017578125000000000000000000000000000E+04
    0.227049968088977038860321044921875000000000E-03    0.459277246093750000000000000000000000000000E+04
    0.231636688113212585449218750000000000000000E-03    0.467586279296875000000000000000000000000000E+04
    0.236316060181707143783569335937500000000000E-03    0.476020605468750000000000000000000000000000E+04
    0.241089961491525173187255859375000000000000E-03    0.484580664062500000000000000000000000000000E+04
    0.245960312895476818084716796875000000000000E-03    0.493266992187500000000000000000000000000000E+04
    0.250929006142541766166687011718750000000000E-03    0.502079687500000000000000000000000000000000E+04
    0.255998136708512902259826660156250000000000E-03    0.511019140625000000000000000000000000000000E+04
    0.261169654550030827522277832031250000000000E-03    0.520085302734375000000000000000000000000000E+04
    0.266445596935227513313293457031250000000000E-03    0.529278320312500000000000000000000000000000E+04
    0.271828175755217671394348144531250000000000E-03    0.538597802734375000000000000000000000000000E+04
    0.277319486485794186592102050781250000000000E-03    0.548043847656250000000000000000000000000000E+04
    0.282921682810410857200622558593750000000000E-03    0.557615917968750000000000000000000000000000E+04
    0.288637093035504221916198730468750000000000E-03    0.567313623046875000000000000000000000000000E+04
    0.294467929052188992500305175781250000000000E-03    0.577136230468750000000000000000000000000000E+04
    0.300416606478393077850341796875000000000000E-03    0.587083007812500000000000000000000000000000E+04
    0.306485395412892103195190429687500000000000E-03    0.597153076171875000000000000000000000000000E+04
    0.312676827888935804367065429687500000000000E-03    0.607345263671875000000000000000000000000000E+04
    0.318993290420621633529663085937500000000000E-03    0.617658593750000000000000000000000000000000E+04
    0.325437402352690696716308593750000000000000E-03    0.628091552734375000000000000000000000000000E+04
    0.332011666614562273025512695312500000000000E-03    0.638642578125000000000000000000000000000000E+04
    0.338718760758638381958007812500000000000000E-03    0.649310058593750000000000000000000000000000E+04
    0.345561362337321043014526367187500000000000E-03    0.660091992187500000000000000000000000000000E+04
    0.352542119799181818962097167968750000000000E-03    0.670986425781250000000000000000000000000000E+04
    0.359663943527266383171081542968750000000000E-03    0.681991162109375000000000000000000000000000E+04
    0.366929627489298582077026367187500000000000E-03    0.693103613281250000000000000000000000000000E+04
    0.374342111172154545783996582031250000000000E-03    0.704321142578125000000000000000000000000000E+04
    0.381904304958879947662353515625000000000000E-03    0.715641259765625000000000000000000000000000E+04
    0.389619322959333658218383789062500000000000E-03    0.727060644531250000000000000000000000000000E+04
    0.397490162868052721023559570312500000000000E-03    0.738576171875000000000000000000000000000000E+04
    0.405519997002556920051574707031250000000000E-03    0.750184619140625000000000000000000000000000E+04
    0.413712026784196496009826660156250000000000E-03    0.761882275390625000000000000000000000000000E+04
    0.422069540945813059806823730468750000000000E-03    0.773665429687500000000000000000000000000000E+04
    0.430595915531739592552185058593750000000000E-03    0.785530175781250000000000000000000000000000E+04
    0.439294555690139532089233398437500000000000E-03    0.797472460937500000000000000000000000000000E+04
    0.448168895673006772994995117187500000000000E-03    0.809487695312500000000000000000000000000000E+04
    0.457222486147657036781311035156250000000000E-03    0.821571679687500000000000000000000000000000E+04
    0.466458965092897415161132812500000000000000E-03    0.833719824218750000000000000000000000000000E+04
    0.475882086902856826782226562500000000000000E-03    0.845927050781250000000000000000000000000000E+04
    0.485495518660172820091247558593750000000000E-03    0.858188671875000000000000000000000000000000E+04
    0.495303189381957054138183593750000000000000E-03    0.870499511718750000000000000000000000000000E+04
    0.505309028085321187973022460937500000000000E-03    0.882854199218750000000000000000000000000000E+04
    0.515516963787376880645751953125000000000000E-03    0.895247558593750000000000000000000000000000E+04
    0.525931071024388074874877929687500000000000E-03    0.907674316406250000000000000000000000000000E+04
    0.536555540747940540313720703125000000000000E-03    0.920128613281250000000000000000000000000000E+04
    0.547394680324941873550415039062500000000000E-03    0.932604882812500000000000000000000000000000E+04
    0.558452797122299671173095703125000000000000E-03    0.945097851562500000000000000000000000000000E+04
    0.569734314922243356704711914062500000000000E-03    0.957601464843750000000000000000000000000000E+04
    0.581243715714663267135620117187500000000000E-03    0.970110156250000000000000000000000000000000E+04
    0.592985597904771566390991210937500000000000E-03    0.982618066406250000000000000000000000000000E+04
    0.604964734520763158798217773437500000000000E-03    0.995119531250000000000000000000000000000000E+04
    0.617185782175511121749877929687500000000000E-03    0.100760878906250000000000000000000000000000E+05
    0.629653746727854013442993164062500000000000E-03    0.102008027343750000000000000000000000000000E+05
    0.642373692244291305541992187500000000000000E-03    0.103252841796875000000000000000000000000000E+05
    0.655350449960678815841674804687500000000000E-03    0.104494765625000000000000000000000000000000E+05
    0.668589433189481496810913085937500000000000E-03    0.105733261718750000000000000000000000000000E+05
    0.682095822412520647048950195312500000000000E-03    0.106967802734375000000000000000000000000000E+05
    0.695875030942261219024658203125000000000000E-03    0.108197841796875000000000000000000000000000E+05
    0.709932646714150905609130859375000000000000E-03    0.109422919921875000000000000000000000000000E+05
    0.724274199455976486206054687500000000000000E-03    0.110642509765625000000000000000000000000000E+05
    0.738905626349151134490966796875000000000000E-03    0.111856132812500000000000000000000000000000E+05
    0.753832457121461629867553710937500000000000E-03    0.113063349609375000000000000000000000000000E+05
    0.769060861784964799880981445312500000000000E-03    0.114263681640625000000000000000000000000000E+05
    0.784596893936395645141601562500000000000000E-03    0.115456738281250000000000000000000000000000E+05
    0.800446781795471906661987304687500000000000E-03    0.116642060546875000000000000000000000000000E+05
    0.816616869997233152389526367187500000000000E-03    0.117819257812500000000000000000000000000000E+05
    0.833113677799701690673828125000000000000000E-03    0.118987939453125000000000000000000000000000E+05
    0.849943608045578002929687500000000000000000E-03    0.120147744140625000000000000000000000000000E+05
    0.867113587446510791778564453125000000000000E-03    0.121298271484375000000000000000000000000000E+05
    0.884630659129470586776733398437500000000000E-03    0.122439150390625000000000000000000000000000E+05
    0.902501342352479696273803710937500000000000E-03    0.123570058593750000000000000000000000000000E+05
    0.920733029488474130630493164062500000000000E-03    0.124690634765625000000000000000000000000000E+05
    0.939333112910389900207519531250000000000000E-03    0.125800458984375000000000000000000000000000E+05
    0.958308868575841188430786132812500000000000E-03    0.126899228515625000000000000000000000000000E+05
    0.977667979896068572998046875000000000000000E-03    0.127986533203125000000000000000000000000000E+05
    0.997418188489973545074462890625000000000000E-03    0.129062021484375000000000000000000000000000E+05
    0.101756735239177942276000976562500000000000E-02    0.130125253906250000000000000000000000000000E+05
    0.103812362067401409149169921875000000000000E-02    0.131175917968750000000000000000000000000000E+05
    0.105909502599388360977172851562500000000000E-02    0.132213515625000000000000000000000000000000E+05
    0.108049006666988134384155273437500000000000E-02    0.133237587890625000000000000000000000000000E+05
    0.110231747385114431381225585937500000000000E-02    0.134247636718750000000000000000000000000000E+05
    0.112458574585616588592529296875000000000000E-02    0.135243105468750000000000000000000000000000E+05
    0.114730407949537038803100585937500000000000E-02    0.136223496093750000000000000000000000000000E+05
    0.117048120591789484024047851562500000000000E-02    0.137188173828125000000000000000000000000000E+05
    0.119412643834948539733886718750000000000000E-02    0.138136601562500000000000000000000000000000E+05
    0.121824943926185369491577148437500000000000E-02    0.139068076171875000000000000000000000000000E+05
    0.124285963829606771469116210937500000000000E-02    0.139981953125000000000000000000000000000000E+05
    0.126796704716980457305908203125000000000000E-02    0.140878232421875000000000000000000000000000E+05
    0.129358167760074138641357421875000000000000E-02    0.141756640625000000000000000000000000000000E+05
    0.131971365772187709808349609375000000000000E-02    0.142616064453125000000000000000000000000000E+05
    0.134637358132749795913696289062500000000000E-02    0.143454843750000000000000000000000000000000E+05
    0.137357215862721204757690429687500000000000E-02    0.144272529296875000000000000000000000000000E+05
    0.140132009983062744140625000000000000000000E-02    0.145067998046875000000000000000000000000000E+05
    0.142962858080863952636718750000000000000000E-02    0.145840830078125000000000000000000000000000E+05
    0.145850901026278734207153320312500000000000E-02    0.146590351562500000000000000000000000000000E+05
    0.148797314614057540893554687500000000000000E-02    0.147315166015625000000000000000000000000000E+05
    0.151803228072822093963623046875000000000000E-02    0.148015292968750000000000000000000000000000E+05
    0.154869852121919393539428710937500000000000E-02    0.148689355468750000000000000000000000000000E+05
    0.157998420763760805130004882812500000000000E-02    0.149337314453125000000000000000000000000000E+05
    0.161190202925354242324829101562500000000000E-02    0.149957851562500000000000000000000000000000E+05
    0.164446467533707618713378906250000000000000E-02    0.150550478515625000000000000000000000000000E+05
    0.167768495157361030578613281250000000000000E-02    0.151115869140625000000000000000000000000000E+05
    0.171157636214047670364379882812500000000000E-02    0.151652109375000000000000000000000000000000E+05
    0.174615241121500730514526367187500000000000E-02    0.152159833984375000000000000000000000000000E+05
    0.178142718505114316940307617187500000000000E-02    0.152638242187500000000000000000000000000000E+05
    0.181741418782621622085571289062500000000000E-02    0.153088242187500000000000000000000000000000E+05
    0.185412843711674213409423828125000000000000E-02    0.153508798828125000000000000000000000000000E+05
    0.189158413559198379516601562500000000000000E-02    0.153899492187500000000000000000000000000000E+05
    0.192979711573570966720581054687500000000000E-02    0.154262402343750000000000000000000000000000E+05
    0.196878169663250446319580078125000000000000E-02    0.154596484375000000000000000000000000000000E+05
    0.200855359435081481933593750000000000000000E-02    0.154902558593750000000000000000000000000000E+05
    0.204912899062037467956542968750000000000000E-02    0.155180761718750000000000000000000000000000E+05
    0.209052418358623981475830078125000000000000E-02    0.155432431640625000000000000000000000000000E+05
    0.213275570422410964965820312500000000000000E-02    0.155657441406250000000000000000000000000000E+05
    0.217583985067903995513916015625000000000000E-02    0.155856230468750000000000000000000000000000E+05
    0.221979478374123573303222656250000000000000E-02    0.156031181640625000000000000000000000000000E+05
    0.226463773287832736968994140625000000000000E-02    0.156180791015625000000000000000000000000000E+05
    0.231038639321923255920410156250000000000000E-02    0.156308085937500000000000000000000000000000E+05
    0.235705915838479995727539062500000000000000E-02    0.156410966796875000000000000000000000000000E+05
    0.240467488765716552734375000000000000000000E-02    0.156491738281250000000000000000000000000000E+05
    0.245325244031846523284912109375000000000000E-02    0.156548730468750000000000000000000000000000E+05
    0.250281183980405330657958984375000000000000E-02    0.156585058593750000000000000000000000000000E+05
    0.255337217822670936584472656250000000000000E-02    0.156598271484375000000000000000000000000000E+05
    0.260495371185243129730224609375000000000000E-02    0.156588388671875000000000000000000000000000E+05
    0.265757716260850429534912109375000000000000E-02    0.156556689453125000000000000000000000000000E+05
    0.271126371808350086212158203125000000000000E-02    0.156499687500000000000000000000000000000000E+05
    0.276603479869663715362548828125000000000000E-02    0.156417626953125000000000000000000000000000E+05
    0.282191229052841663360595703125000000000000E-02    0.156309091796875000000000000000000000000000E+05
    0.287891877815127372741699218750000000000000E-02    0.156172607421875000000000000000000000000000E+05
    0.293707661330699920654296875000000000000000E-02    0.156007167968750000000000000000000000000000E+05
    0.299640954472124576568603515625000000000000E-02    0.155807304687500000000000000000000000000000E+05
    0.305694085545837879180908203125000000000000E-02    0.155651884765625000000000000000000000000000E+05
    0.311869522556662559509277343750000000000000E-02    0.155386035156250000000000000000000000000000E+05
    0.318169780075550079345703125000000000000000E-02    0.155083535156250000000000000000000000000000E+05
    0.324597232975065708160400390625000000000000E-02    0.154742128906250000000000000000000000000000E+05
    0.331154512241482734680175781250000000000000E-02    0.154362060546875000000000000000000000000000E+05
    0.337844272144138813018798828125000000000000E-02    0.153939453125000000000000000000000000000000E+05
    0.344669190235435962677001953125000000000000E-02    0.153475820312500000000000000000000000000000E+05
    0.351631967350840568542480468750000000000000E-02    0.152968115234375000000000000000000000000000E+05
    0.358735374175012111663818359375000000000000E-02    0.152419208984375000000000000000000000000000E+05
    0.365982321090996265411376953125000000000000E-02    0.151827128906250000000000000000000000000000E+05
    0.373375625349581241607666015625000000000000E-02    0.151193242187500000000000000000000000000000E+05
    0.380918313749134540557861328125000000000000E-02    0.150517138671875000000000000000000000000000E+05
    0.388613343238830566406250000000000000000000E-02    0.149788173828125000000000000000000000000000E+05
    0.396463880315423011779785156250000000000000E-02    0.149030771484375000000000000000000000000000E+05
    0.404472928494215011596679687500000000000000E-02    0.148234091796875000000000000000000000000000E+05
    0.412643933668732643127441406250000000000000E-02    0.147399189453125000000000000000000000000000E+05
    0.420979922637343406677246093750000000000000E-02    0.146526542968750000000000000000000000000000E+05
    0.429484248161315917968750000000000000000000E-02    0.145614951171875000000000000000000000000000E+05
    0.438160402700304985046386718750000000000000E-02    0.144665273437500000000000000000000000000000E+05
    0.447011832147836685180664062500000000000000E-02    0.143677441406250000000000000000000000000000E+05
    0.456042028963565826416015625000000000000000E-02    0.142649472656250000000000000000000000000000E+05
    0.465254718437790870666503906250000000000000E-02    0.141580615234375000000000000000000000000000E+05
    0.474653439596295356750488281250000000000000E-02    0.140474013671875000000000000000000000000000E+05
    0.484242103993892669677734375000000000000000E-02    0.139321884765625000000000000000000000000000E+05
    0.494024436920881271362304687500000000000000E-02    0.138128105468750000000000000000000000000000E+05
    0.504004349932074546813964843750000000000000E-02    0.136890839843750000000000000000000000000000E+05
    0.514185894280672073364257812500000000000000E-02    0.135610654296875000000000000000000000000000E+05
    0.524573167786002159118652343750000000000000E-02    0.134287431640625000000000000000000000000000E+05
    0.535170361399650573730468750000000000000000E-02    0.132922402343750000000000000000000000000000E+05
    0.545981479808688163757324218750000000000000E-02    0.131515419921875000000000000000000000000000E+05
    0.557011039927601814270019531250000000000000E-02    0.130067851562500000000000000000000000000000E+05
    0.568263372406363487243652343750000000000000E-02    0.128579843750000000000000000000000000000000E+05
    0.579743087291717529296875000000000000000000E-02    0.127052500000000000000000000000000000000000E+05
    0.591454654932022094726562500000000000000000E-02    0.125486298828125000000000000000000000000000E+05
    0.603402825072407722473144531250000000000000E-02    0.123881435546875000000000000000000000000000E+05
    0.615592347458004951477050781250000000000000E-02    0.122237685546875000000000000000000000000000E+05
    0.628028111532330513000488281250000000000000E-02    0.120554433593750000000000000000000000000000E+05
    0.640715099871158599853515625000000000000000E-02    0.118831728515625000000000000000000000000000E+05
    0.653658434748649597167968750000000000000000E-02    0.117069414062500000000000000000000000000000E+05
    0.666863145306706428527832031250000000000000E-02    0.115267187500000000000000000000000000000000E+05
    0.680334679782390594482421875000000000000000E-02    0.113426123046875000000000000000000000000000E+05
    0.694078346714377403259277343750000000000000E-02    0.111546044921875000000000000000000000000000E+05
    0.708099640905857086181640625000000000000000E-02    0.109628193359375000000000000000000000000000E+05
    0.722404150292277336120605468750000000000000E-02    0.107672929687500000000000000000000000000000E+05
    0.736997742205858230590820312500000000000000E-02    0.105681738281250000000000000000000000000000E+05
    0.751886051148176193237304687500000000000000E-02    0.103654843750000000000000000000000000000000E+05
    0.767075084149837493896484375000000000000000E-02    0.101593359375000000000000000000000000000000E+05
    0.782571360468864440917968750000000000000000E-02    0.994977929687500000000000000000000000000000E+04
    0.798380374908447265625000000000000000000000E-02    0.973678808593750000000000000000000000000000E+04
    0.814508739858865737915039062500000000000000E-02    0.952048437500000000000000000000000000000000E+04
    0.830962881445884704589843750000000000000000E-02    0.930087792968750000000000000000000000000000E+04
    0.847749505192041397094726562500000000000000E-02    0.907814062500000000000000000000000000000000E+04
    0.864875130355358123779296875000000000000000E-02    0.885234179687500000000000000000000000000000E+04
    0.882346741855144500732421875000000000000000E-02    0.862361328125000000000000000000000000000000E+04
    0.900171231478452682495117187500000000000000E-02    0.839217871093750000000000000000000000000000E+04
    0.918355956673622131347656250000000000000000E-02    0.815808984375000000000000000000000000000000E+04
    0.936907902359962463378906250000000000000000E-02    0.792156054687500000000000000000000000000000E+04
    0.955834705382585525512695312500000000000000E-02    0.768271435546875000000000000000000000000000E+04
    0.975143909454345703125000000000000000000000E-02    0.744166455078125000000000000000000000000000E+04
    0.994843058288097381591796875000000000000000E-02    0.719859277343750000000000000000000000000000E+04
    0.101494016125798225402832031250000000000000E-01    0.695372851562500000000000000000000000000000E+04
    0.103544332087039947509765625000000000000000E-01    0.670738427734375000000000000000000000000000E+04
    0.105636063963174819946289062500000000000000E-01    0.645968847656250000000000000000000000000000E+04
    0.107770059257745742797851562500000000000000E-01    0.621095654296875000000000000000000000000000E+04
    0.109947146847844123840332031250000000000000E-01    0.596143505859375000000000000000000000000000E+04
    0.112168220803141593933105468750000000000000E-01    0.571140283203125000000000000000000000000000E+04
    0.114434175193309783935546875000000000000000E-01    0.546116455078125000000000000000000000000000E+04
    0.116745894774794578552246093750000000000000E-01    0.521105273437500000000000000000000000000000E+04
    0.119104310870170593261718750000000000000000E-01    0.496143017578125000000000000000000000000000E+04
    0.121510382741689682006835937500000000000000E-01    0.471267968750000000000000000000000000000000E+04
    0.123965051025152206420898437500000000000000E-01    0.446519042968750000000000000000000000000000E+04
    0.126469302922487258911132812500000000000000E-01    0.421936572265625000000000000000000000000000E+04
    0.129024153575301170349121093750000000000000E-01    0.397562353515625000000000000000000000000000E+04
    0.131630674004554748535156250000000000000000E-01    0.373441918945312500000000000000000000000000E+04
    0.134289795532822608947753906250000000000000E-01    0.349623950195312500000000000000000000000000E+04
    0.137002617120742797851562500000000000000000E-01    0.326159375000000000000000000000000000000000E+04
    0.139770256355404853820800781250000000000000E-01    0.303099169921875000000000000000000000000000E+04
    0.142593793570995330810546875000000000000000E-01    0.280494726562500000000000000000000000000000E+04
    0.145474374294281005859375000000000000000000E-01    0.258398706054687500000000000000000000000000E+04
    0.148413162678480148315429687500000000000000E-01    0.236866845703125000000000000000000000000000E+04
    0.151411294937133789062500000000000000000000E-01    0.215956542968750000000000000000000000000000E+04
    0.154470009729266166687011718750000000000000E-01    0.195724780273437500000000000000000000000000E+04
    0.157590489834547042846679687500000000000000E-01    0.176227404785156250000000000000000000000000E+04
    0.160774048417806625366210937500000000000000E-01    0.157519946289062500000000000000000000000000E+04
    0.164021886885166168212890625000000000000000E-01    0.139657531738281250000000000000000000000000E+04
    0.167335346341133117675781250000000000000000E-01    0.122694543457031250000000000000000000000000E+04
    0.170715730637311935424804687500000000000000E-01    0.106682800292968750000000000000000000000000E+04
    0.174164418131113052368164062500000000000000E-01    0.916715576171875000000000000000000000000000E+03
    0.177682787179946899414062500000000000000000E-01    0.777060241699218750000000000000000000000000E+03
    0.181272197514772415161132812500000000000000E-01    0.648274230957031250000000000000000000000000E+03
    0.184934139251708984375000000000000000000000E-01    0.530722534179687500000000000000000000000000E+03
    0.188670046627521514892578125000000000000000E-01    0.424716644287109375000000000000000000000000E+03
    0.192481447011232376098632812500000000000000E-01    0.330494018554687500000000000000000000000000E+03
    0.196369830518960952758789062500000000000000E-01    0.248216720581054687500000000000000000000000E+03
    0.200336743146181106567382812500000000000000E-01    0.177963897705078125000000000000000000000000E+03
    0.204383805394172668457031250000000000000000E-01    0.119719779968261718750000000000000000000000E+03
    0.208512637764215469360351562500000000000000E-01    0.733633804321289062500000000000000000000000E+02
    0.212724860757589340209960937500000000000000E-01    0.386681861877441406250000000000000000000000E+02
    0.217022281140089035034179687500000000000000E-01    0.153161220550537109375000000000000000000000E+02
    0.221406426280736923217773437500000000000000E-01    0.283772969245910644531250000000000000000000E+01
    0.225879121571779251098632812500000000000000E-01    0.347897052764892578125000000000000000000000E+00
    0.230442192405462265014648437500000000000000E-01    0.726375961303710937500000000000000000000000E+01
    0.235097426921129226684570312500000000000000E-01    0.224795970916748046875000000000000000000000E+02
    0.239846706390380859375000000000000000000000E-01    0.450087089538574218750000000000000000000000E+02
    0.244691912084817886352539062500000000000000E-01    0.736786193847656250000000000000000000000000E+02
    0.249635018408298492431640625000000000000000E-01    0.107273048400878906250000000000000000000000E+03
    0.254677981138229370117187500000000000000000E-01    0.144549179077148437500000000000000000000000E+03
    0.259822811931371688842773437500000000000000E-01    0.184252288818359375000000000000000000000000E+03
    0.265071578323841094970703125000000000000000E-01    0.225139892578125000000000000000000000000000E+03
    0.270426385104656219482421875000000000000000E-01    0.266003356933593750000000000000000000000000E+03
    0.275889337062835693359375000000000000000000E-01    0.305677093505859375000000000000000000000000E+03
    0.281462669372558593750000000000000000000000E-01    0.343075958251953125000000000000000000000000E+03
    0.287148579955101013183593750000000000000000E-01    0.377117919921875000000000000000000000000000E+03
    0.292949359863996505737304687500000000000000E-01    0.407620971679687500000000000000000000000000E+03
    0.298867337405681610107421875000000000000000E-01    0.432302612304687500000000000000000000000000E+03
    0.304904840886592864990234375000000000000000E-01    0.451019012451171875000000000000000000000000E+03
    0.311064328998327255249023437500000000000000E-01    0.463049407958984375000000000000000000000000E+03
    0.317348241806030273437500000000000000000000E-01    0.467794860839843750000000000000000000000000E+03
    0.323759093880653381347656250000000000000000E-01    0.464817993164062500000000000000000000000000E+03
    0.330299474298954010009765625000000000000000E-01    0.453904693603515625000000000000000000000000E+03
    0.336971953511238098144531250000000000000000E-01    0.435217407226562500000000000000000000000000E+03
    0.343779213726520538330078125000000000000000E-01    0.410716827392578125000000000000000000000000E+03
    0.350724011659622192382812500000000000000000E-01    0.328878448486328125000000000000000000000000E+03
    0.357809104025363922119140625000000000000000E-01    0.294191131591796875000000000000000000000000E+03
    0.365037508308887481689453125000000000000000E-01    0.255021896362304687500000000000000000000000E+03
    0.372411720454692840576171875000000000000000E-01    0.213373184204101562500000000000000000000000E+03
    0.379934944212436676025390625000000000000000E-01    0.171072921752929687500000000000000000000000E+03
    0.387610122561454772949218750000000000000000E-01    0.130061508178710937500000000000000000000000E+03
    0.395440347492694854736328125000000000000000E-01    0.922723159790039062500000000000000000000000E+02
    0.403428785502910614013671875000000000000000E-01    0.594748611450195312500000000000000000000000E+02
    0.411578565835952758789062500000000000000000E-01    0.331125984191894531250000000000000000000000E+02
    0.419893004000186920166015625000000000000000E-01    0.141796655654907226562500000000000000000000E+02
    0.428375415503978729248046875000000000000000E-01    0.315117812156677246093750000000000000000000E+01
    0.437029153108596801757812500000000000000000E-01    0.533066615462303161621093750000000000000000E-01
    0.445857718586921691894531250000000000000000E-01    0.162559223175048828125000000000000000000000E+01
    0.454864650964736938476562500000000000000000E-01    0.923857307434082031250000000000000000000000E+01
    0.464053489267826080322265625000000000000000E-01    0.224430427551269531250000000000000000000000E+02
    0.473427996039390563964843750000000000000000E-01    0.397417030334472656250000000000000000000000E+02
    0.482991859316825866699218750000000000000000E-01    0.593474922180175781250000000000000000000000E+02
    0.492748916149139404296875000000000000000000E-01    0.793699035644531250000000000000000000000000E+02
    0.502703115344047546386718750000000000000000E-01    0.979358444213867187500000000000000000000000E+02
    0.512858368456363677978515625000000000000000E-01    0.113345046997070312500000000000000000000000E+03
    0.523218810558319091796875000000000000000000E-01    0.124216552734375000000000000000000000000000E+03
    0.533788502216339111328125000000000000000000E-01    0.129678390502929687500000000000000000000000E+03
    0.544571764767169952392578125000000000000000E-01    0.140630111694335937500000000000000000000000E+03
    0.555572807788848876953125000000000000000000E-01    0.133704574584960937500000000000000000000000E+03
    0.566796138882637023925781250000000000000000E-01    0.120412765502929687500000000000000000000000E+03
    0.578246153891086578369140625000000000000000E-01    0.102479972839355468750000000000000000000000E+03
    0.589927472174167633056640625000000000000000E-01    0.816231918334960937500000000000000000000000E+02
    0.601844787597656250000000000000000000000000E-01    0.598342590332031250000000000000000000000000E+02
    0.614003166556358337402343750000000000000000E-01    0.392030982971191406250000000000000000000000E+02
    0.626406818628311157226562500000000000000000E-01    0.217077655792236328125000000000000000000000E+02
    0.639061108231544494628906250000000000000000E-01    0.907283020019531250000000000000000000000000E+01
    0.651970952749252319335937500000000000000000E-01    0.100548315048217773437500000000000000000000E+01
    0.665141642093658447265625000000000000000000E-01    0.453529119491577148437500000000000000000000E+00
    0.678578317165374755859375000000000000000000E-01    0.559170293807983398437500000000000000000000E+01
    0.692286565899848937988281250000000000000000E-01    0.148341741561889648437500000000000000000000E+02
    0.706271678209304809570312500000000000000000E-01    0.263474521636962890625000000000000000000000E+02
    0.720539242029190063476562500000000000000000E-01    0.382097930908203125000000000000000000000000E+02
    0.735095068812370300292968750000000000000000E-01    0.483824729919433593750000000000000000000000E+02
    0.749944970011711120605468750000000000000000E-01    0.529324874877929687500000000000000000000000E+02
    0.765094906091690063476562500000000000000000E-01    0.545822906494140625000000000000000000000000E+02
    0.780550837516784667968750000000000000000000E-01    0.511278686523437500000000000000000000000000E+02
    0.796318948268890380859375000000000000000000E-01    0.433441619873046875000000000000000000000000E+02
    0.812405645847320556640625000000000000000000E-01    0.328179779052734375000000000000000000000000E+02
    0.828817337751388549804687500000000000000000E-01    0.215371036529541015625000000000000000000000E+02
    0.845560505986213684082031250000000000000000E-01    0.114373464584350585937500000000000000000000E+02
    0.862641930580139160156250000000000000000000E-01    0.406927871704101562500000000000000000000000E+01
    0.880068466067314147949218750000000000000000E-01    0.377548694610595703125000000000000000000000E+00
    0.897847041487693786621093750000000000000000E-01    0.542693197727203369140625000000000000000000E+00
    0.915984734892845153808593750000000000000000E-01    0.423714590072631835937500000000000000000000E+01
    0.934488773345947265625000000000000000000000E-01    0.100299568176269531250000000000000000000000E+02
    0.953366756439208984375000000000000000000000E-01    0.160629673004150390625000000000000000000000E+02
    0.972625985741615295410156250000000000000000E-01    0.205307807922363281250000000000000000000000E+02
    0.992274358868598937988281250000000000000000E-01    0.221968402862548828125000000000000000000000E+02
    0.101232007145881652832031250000000000000000E+00    0.207168312072753906250000000000000000000000E+02
    0.103277020156383514404296875000000000000000E+00    0.166009483337402343750000000000000000000000E+02
    0.105363354086875915527343750000000000000000E+00    0.110020542144775390625000000000000000000000E+02
    0.107491828501224517822265625000000000000000E+00    0.544440126419067382812500000000000000000000E+01
    0.109663315117359161376953125000000000000000E+00    0.141646397113800048828125000000000000000000E+01
    0.111878655850887298583984375000000000000000E+00    0.165367114823311567306518554687500000000000E-02
    0.114138752222061157226562500000000000000000E+00    0.102756071090698242187500000000000000000000E+01
    0.116444505751132965087890625000000000000000E+00    0.352092814445495605468750000000000000000000E+01
    0.118796832859516143798828125000000000000000E+00    0.635349273681640625000000000000000000000000E+01
    0.121196687221527099609375000000000000000000E+00    0.831322288513183593750000000000000000000000E+01
    0.123645029962062835693359375000000000000000E+00    0.861952877044677734375000000000000000000000E+01
    0.126142814755439758300781250000000000000000E+00    0.717362928390502929687500000000000000000000E+01
    0.128691077232360839843750000000000000000000E+00    0.459722471237182617187500000000000000000000E+01
    0.131290808320045471191406250000000000000000E+00    0.197992348670959472656250000000000000000000E+01
    0.133943051099777221679687500000000000000000E+00    0.341368734836578369140625000000000000000000E+00
    0.136648878455162048339843750000000000000000E+00    0.754957124590873718261718750000000000000000E-01
    0.139409363269805908203125000000000000000000E+00    0.100234699249267578125000000000000000000000E+01
    0.142225623130798339843750000000000000000000E+00    0.234598278999328613281250000000000000000000E+01
    0.145098760724067687988281250000000000000000E+00    0.324877882003784179687500000000000000000000E+01
    0.148029953241348266601562500000000000000000E+00    0.321102118492126464843750000000000000000000E+01
    0.151020348072052001953125000000000000000000E+00    0.232137656211853027343750000000000000000000E+01
    0.154071167111396789550781250000000000000000E+00    0.112344241142272949218750000000000000000000E+01
    0.157183602452278137207031250000000000000000E+00    0.236610844731330871582031250000000000000000E+00
    0.160358920693397521972656250000000000000000E+00    0.187914930284023284912109375000000000000000E-01
    0.163598373532295227050781250000000000000000E+00    0.421702504158020019531250000000000000000000E+00
    0.166903272271156311035156250000000000000000E+00    0.983087658882141113281250000000000000000000E+00
    0.170275032520294189453125000000000000000000E+00    0.123790550231933593750000000000000000000000E+01
    0.173714801669120788574218750000000000000000E+00    0.102831089496612548828125000000000000000000E+01
    0.177224084734916687011718750000000000000000E+00    0.535428285598754882812500000000000000000000E+00
    0.180804237723350524902343750000000000000000E+00    0.114940069615840911865234375000000000000000E+00
    0.184456720948219299316406250000000000000000E+00    0.800769496709108352661132812500000000000000E-02
    0.188182994723320007324218750000000000000000E+00    0.181798011064529418945312500000000000000000E+00
    0.191984534263610839843750000000000000000000E+00    0.399019479751586914062500000000000000000000E+00
    0.195862874388694763183593750000000000000000E+00    0.440651774406433105468750000000000000000000E+00
    0.199819564819335937500000000000000000000000E+00    0.276592880487442016601562500000000000000000E+00
    0.203856185078620910644531250000000000000000E+00    0.746163949370384216308593750000000000000000E-01
    0.207974359393119812011718750000000000000000E+00    0.138618968776427209377288818359375000000000E-03
    0.212175697088241577148437500000000000000000E+00    0.620577596127986907958984375000000000000000E-01
    0.216461926698684692382812500000000000000000E+00    0.143847972154617309570312500000000000000000E+00
    0.220834761857986450195312500000000000000000E+00    0.148524448275566101074218750000000000000000E+00
    0.225295916199684143066406250000000000000000E+00    0.772303268313407897949218750000000000000000E-01
    0.229847192764282226562500000000000000000000E+00    0.115436101332306861877441406250000000000000E-01
    0.234490394592285156250000000000000000000000E+00    0.526350224390625953674316406250000000000000E-02
    0.239227414131164550781250000000000000000000E+00    0.405437238514423370361328125000000000000000E-01
    0.244060128927230834960937500000000000000000E+00    0.553966984152793884277343750000000000000000E-01
    0.248990446329116821289062500000000000000000E+00    0.327146463096141815185546875000000000000000E-01
    0.254020392894744873046875000000000000000000E+00    0.633459538221359252929687500000000000000000E-02
    0.259151935577392578125000000000000000000000E+00    0.161314127035439014434814453125000000000000E-02
    0.264387160539627075195312500000000000000000E+00    0.151763120666146278381347656250000000000000E-01
    0.269728124141693115234375000000000000000000E+00    0.175773184746503829956054687500000000000000E-01
    0.275177001953125000000000000000000000000000E+00    0.691558886319398880004882812500000000000000E-02
    0.280736058950424194335937500000000000000000E+00    0.343077772413380444049835205078125000000000E-04
    0.286407291889190673828125000000000000000000E+00    0.329133565537631511688232421875000000000000E-02
    0.292193114757537841796875000000000000000000E+00    0.655602244660258293151855468750000000000000E-02
    0.298095792531967163085937500000000000000000E+00    0.372788077220320701599121093750000000000000E-02
    0.304117560386657714843750000000000000000000E+00    0.240001245401799678802490234375000000000000E-03
    0.310261309146881103515625000000000000000000E+00    0.697117589879781007766723632812500000000000E-03
    0.316528826951980590820312500000000000000000E+00    0.211683358065783977508544921875000000000000E-02
    0.322923272848129272460937500000000000000000E+00    0.117198901716619729995727539062500000000000E-02
    0.329446613788604736328125000000000000000000E+00    0.310004907078109681606292724609375000000000E-04
    0.336102008819580078125000000000000000000000E+00    0.344988948199898004531860351562500000000000E-03
    0.342891573905944824218750000000000000000000E+00    0.710502441506832838058471679687500000000000E-03
    0.349818587303161621093750000000000000000000E+00    0.248267228016629815101623535156250000000000E-03
    0.356885224580764770507812500000000000000000E+00    0.672413398206117562949657440185546875000000E-05
    0.364094972610473632812500000000000000000000E+00    0.186339966603554785251617431640625000000000E-03
    0.371450334787368774414062500000000000000000E+00    0.150991210830397903919219970703125000000000E-03
    0.378953933715820312500000000000000000000000E+00    0.449535582447424530982971191406250000000000E-05
    0.386609494686126708984375000000000000000000E+00    0.424348509113769978284835815429687500000000E-04
    0.394419312477111816406250000000000000000000E+00    0.690781162120401859283447265625000000000000E-04
    0.402387291193008422851562500000000000000000E+00    0.125712595036020502448081970214843750000000E-04
    0.410515844821929931640625000000000000000000E+00    0.541653389518614858388900756835937500000000E-05
    0.418809026479721069335937500000000000000000E+00    0.172443033079616725444793701171875000000000E-04
    0.427269339561462402343750000000000000000000E+00    0.251890560321044176816940307617187500000000E-05
    0.435900926589965820312500000000000000000000E+00    0.291548917630279902368783950805664062500000E-05
    0.444706469774246215820312500000000000000000E+00    0.630541808277484960854053497314453125000000E-05
