    0.999999974737875163555145263671875000000000E-04    0.443860931396484375000000000000000000000000E+03
    0.102020130725577473640441894531250000000000E-03    0.452510772705078125000000000000000000000000E+03
    0.104081082099582999944686889648437500000000E-03    0.461329040527343750000000000000000000000000E+03
    0.106183659227099269628524780273437500000000E-03    0.470318939208984375000000000000000000000000E+03
    0.108328706119209527969360351562500000000000E-03    0.479483856201171875000000000000000000000000E+03
    0.110517095890827476978302001953125000000000E-03    0.488827117919921875000000000000000000000000E+03
    0.112749679828993976116180419921875000000000E-03    0.498352233886718750000000000000000000000000E+03
    0.115027374704368412494659423828125000000000E-03    0.508062683105468750000000000000000000000000E+03
    0.117351090011652559041976928710937500000000E-03    0.517962097167968750000000000000000000000000E+03
    0.119721727969590574502944946289062500000000E-03    0.528054138183593750000000000000000000000000E+03
    0.122140278108417987823486328125000000000000E-03    0.538342529296875000000000000000000000000000E+03
    0.124607671750709414482116699218750000000000E-03    0.548830993652343750000000000000000000000000E+03
    0.127124920254573225975036621093750000000000E-03    0.559523559570312500000000000000000000000000E+03
    0.129692998598329722881317138671875000000000E-03    0.570424011230468750000000000000000000000000E+03
    0.132312969071790575981140136718750000000000E-03    0.581536499023437500000000000000000000000000E+03
    0.134985879412852227687835693359375000000000E-03    0.592865112304687500000000000000000000000000E+03
    0.137712777359411120414733886718750000000000E-03    0.604414001464843750000000000000000000000000E+03
    0.140494754305109381675720214843750000000000E-03    0.616187377929687500000000000000000000000000E+03
    0.143332930747419595718383789062500000000000E-03    0.628189697265625000000000000000000000000000E+03
    0.146228456287644803524017333984375000000000E-03    0.640425292968750000000000000000000000000000E+03
    0.149182465975172817707061767578125000000000E-03    0.652898620605468750000000000000000000000000E+03
    0.152196153067052364349365234375000000000000E-03    0.665614379882812500000000000000000000000000E+03
    0.155270710820332169532775878906250000000000E-03    0.678577209472656250000000000000000000000000E+03
    0.158407390699721872806549072265625000000000E-03    0.691791870117187500000000000000000000000000E+03
    0.161607444169931113719940185546875000000000E-03    0.705263183593750000000000000000000000000000E+03
    0.164872122695669531822204589843750000000000E-03    0.718996154785156250000000000000000000000000E+03
    0.168202750501222908496856689453125000000000E-03    0.732995788574218750000000000000000000000000E+03
    0.171600666362792253494262695312500000000000E-03    0.747267272949218750000000000000000000000000E+03
    0.175067238160409033298492431640625000000000E-03    0.761815795898437500000000000000000000000000E+03
    0.178603833774104714393615722656250000000000E-03    0.776646667480468750000000000000000000000000E+03
    0.182211864739656448364257812500000000000000E-03    0.791765319824218750000000000000000000000000E+03
    0.185892800800502300262451171875000000000000E-03    0.807177307128906250000000000000000000000000E+03
    0.189648068044334650039672851562500000000000E-03    0.822888244628906250000000000000000000000000E+03
    0.193479223526082932949066162109375000000000E-03    0.838903930664062500000000000000000000000000E+03
    0.197387780644930899143218994140625000000000E-03    0.855230041503906250000000000000000000000000E+03
    0.201375267351977527141571044921875000000000E-03    0.871872680664062500000000000000000000000000E+03
    0.205443298909813165664672851562500000000000E-03    0.888837890625000000000000000000000000000000E+03
    0.209593548788689076900482177734375000000000E-03    0.906131774902343750000000000000000000000000E+03
    0.213827603147365152835845947265625000000000E-03    0.923760681152343750000000000000000000000000E+03
    0.218147222767584025859832763671875000000000E-03    0.941730957031250000000000000000000000000000E+03
    0.222554081119596958160400390625000000000000E-03    0.960049194335937500000000000000000000000000E+03
    0.227049968088977038860321044921875000000000E-03    0.978721984863281250000000000000000000000000E+03
    0.231636688113212585449218750000000000000000E-03    0.997756103515625000000000000000000000000000E+03
    0.236316060181707143783569335937500000000000E-03    0.101715844726562500000000000000000000000000E+04
    0.241089961491525173187255859375000000000000E-03    0.103693591308593750000000000000000000000000E+04
    0.245960312895476818084716796875000000000000E-03    0.105709582519531250000000000000000000000000E+04
    0.250929006142541766166687011718750000000000E-03    0.107764538574218750000000000000000000000000E+04
    0.255998136708512902259826660156250000000000E-03    0.109859191894531250000000000000000000000000E+04
    0.261169654550030827522277832031250000000000E-03    0.111994287109375000000000000000000000000000E+04
    0.266445596935227513313293457031250000000000E-03    0.114170617675781250000000000000000000000000E+04
    0.271828175755217671394348144531250000000000E-03    0.116388940429687500000000000000000000000000E+04
    0.277319486485794186592102050781250000000000E-03    0.118650061035156250000000000000000000000000E+04
    0.282921682810410857200622558593750000000000E-03    0.120954772949218750000000000000000000000000E+04
    0.288637093035504221916198730468750000000000E-03    0.123303918457031250000000000000000000000000E+04
    0.294467929052188992500305175781250000000000E-03    0.125698315429687500000000000000000000000000E+04
    0.300416606478393077850341796875000000000000E-03    0.128138818359375000000000000000000000000000E+04
    0.306485395412892103195190429687500000000000E-03    0.130626293945312500000000000000000000000000E+04
    0.312676827888935804367065429687500000000000E-03    0.133161621093750000000000000000000000000000E+04
    0.318993290420621633529663085937500000000000E-03    0.135745703125000000000000000000000000000000E+04
    0.325437402352690696716308593750000000000000E-03    0.138379443359375000000000000000000000000000E+04
    0.332011666614562273025512695312500000000000E-03    0.141063769531250000000000000000000000000000E+04
    0.338718760758638381958007812500000000000000E-03    0.143799621582031250000000000000000000000000E+04
    0.345561362337321043014526367187500000000000E-03    0.146587976074218750000000000000000000000000E+04
    0.352542119799181818962097167968750000000000E-03    0.149429797363281250000000000000000000000000E+04
    0.359663943527266383171081542968750000000000E-03    0.152326062011718750000000000000000000000000E+04
    0.366929627489298582077026367187500000000000E-03    0.155277795410156250000000000000000000000000E+04
    0.374342111172154545783996582031250000000000E-03    0.158286010742187500000000000000000000000000E+04
    0.381904304958879947662353515625000000000000E-03    0.161351770019531250000000000000000000000000E+04
    0.389619322959333658218383789062500000000000E-03    0.164476098632812500000000000000000000000000E+04
    0.397490162868052721023559570312500000000000E-03    0.167660095214843750000000000000000000000000E+04
    0.405519997002556920051574707031250000000000E-03    0.170904858398437500000000000000000000000000E+04
    0.413712026784196496009826660156250000000000E-03    0.174211486816406250000000000000000000000000E+04
    0.422069540945813059806823730468750000000000E-03    0.177581103515625000000000000000000000000000E+04
    0.430595915531739592552185058593750000000000E-03    0.181014868164062500000000000000000000000000E+04
    0.439294555690139532089233398437500000000000E-03    0.184513940429687500000000000000000000000000E+04
    0.448168895673006772994995117187500000000000E-03    0.188079504394531250000000000000000000000000E+04
    0.457222486147657036781311035156250000000000E-03    0.191712744140625000000000000000000000000000E+04
    0.466458965092897415161132812500000000000000E-03    0.195414904785156250000000000000000000000000E+04
    0.475882086902856826782226562500000000000000E-03    0.199187207031250000000000000000000000000000E+04
    0.485495518660172820091247558593750000000000E-03    0.203030908203125000000000000000000000000000E+04
    0.495303189381957054138183593750000000000000E-03    0.206947290039062500000000000000000000000000E+04
    0.505309028085321187973022460937500000000000E-03    0.210937646484375000000000000000000000000000E+04
    0.515516963787376880645751953125000000000000E-03    0.215003295898437500000000000000000000000000E+04
    0.525931071024388074874877929687500000000000E-03    0.219145581054687500000000000000000000000000E+04
    0.536555540747940540313720703125000000000000E-03    0.223365820312500000000000000000000000000000E+04
    0.547394680324941873550415039062500000000000E-03    0.227665429687500000000000000000000000000000E+04
    0.558452797122299671173095703125000000000000E-03    0.232045776367187500000000000000000000000000E+04
    0.569734314922243356704711914062500000000000E-03    0.236508276367187500000000000000000000000000E+04
    0.581243715714663267135620117187500000000000E-03    0.241054345703125000000000000000000000000000E+04
    0.592985597904771566390991210937500000000000E-03    0.245685473632812500000000000000000000000000E+04
    0.604964734520763158798217773437500000000000E-03    0.250403100585937500000000000000000000000000E+04
    0.617185782175511121749877929687500000000000E-03    0.255208715820312500000000000000000000000000E+04
    0.629653746727854013442993164062500000000000E-03    0.260103857421875000000000000000000000000000E+04
    0.642373692244291305541992187500000000000000E-03    0.265090014648437500000000000000000000000000E+04
    0.655350449960678815841674804687500000000000E-03    0.270168774414062500000000000000000000000000E+04
    0.668589433189481496810913085937500000000000E-03    0.275341674804687500000000000000000000000000E+04
    0.682095822412520647048950195312500000000000E-03    0.280610327148437500000000000000000000000000E+04
    0.695875030942261219024658203125000000000000E-03    0.285976318359375000000000000000000000000000E+04
    0.709932646714150905609130859375000000000000E-03    0.291441284179687500000000000000000000000000E+04
    0.724274199455976486206054687500000000000000E-03    0.297006884765625000000000000000000000000000E+04
    0.738905626349151134490966796875000000000000E-03    0.302674780273437500000000000000000000000000E+04
    0.753832457121461629867553710937500000000000E-03    0.308446655273437500000000000000000000000000E+04
    0.769060861784964799880981445312500000000000E-03    0.314324218750000000000000000000000000000000E+04
    0.784596893936395645141601562500000000000000E-03    0.320309179687500000000000000000000000000000E+04
    0.800446781795471906661987304687500000000000E-03    0.326403295898437500000000000000000000000000E+04
    0.816616869997233152389526367187500000000000E-03    0.332608300781250000000000000000000000000000E+04
    0.833113677799701690673828125000000000000000E-03    0.338925976562500000000000000000000000000000E+04
    0.849943608045578002929687500000000000000000E-03    0.345358105468750000000000000000000000000000E+04
    0.867113587446510791778564453125000000000000E-03    0.351906494140625000000000000000000000000000E+04
    0.884630659129470586776733398437500000000000E-03    0.358572973632812500000000000000000000000000E+04
    0.902501342352479696273803710937500000000000E-03    0.365359375000000000000000000000000000000000E+04
    0.920733029488474130630493164062500000000000E-03    0.372267578125000000000000000000000000000000E+04
    0.939333112910389900207519531250000000000000E-03    0.379299414062500000000000000000000000000000E+04
    0.958308868575841188430786132812500000000000E-03    0.386456787109375000000000000000000000000000E+04
    0.977667979896068572998046875000000000000000E-03    0.393741577148437500000000000000000000000000E+04
    0.997418188489973545074462890625000000000000E-03    0.401155712890625000000000000000000000000000E+04
    0.101756735239177942276000976562500000000000E-02    0.408701098632812500000000000000000000000000E+04
    0.103812362067401409149169921875000000000000E-02    0.416379638671875000000000000000000000000000E+04
    0.105909502599388360977172851562500000000000E-02    0.424193310546875000000000000000000000000000E+04
    0.108049006666988134384155273437500000000000E-02    0.432143994140625000000000000000000000000000E+04
    0.110231747385114431381225585937500000000000E-02    0.440233642578125000000000000000000000000000E+04
    0.112458574585616588592529296875000000000000E-02    0.448464257812500000000000000000000000000000E+04
    0.114730407949537038803100585937500000000000E-02    0.456837744140625000000000000000000000000000E+04
    0.117048120591789484024047851562500000000000E-02    0.465356103515625000000000000000000000000000E+04
    0.119412643834948539733886718750000000000000E-02    0.474021240234375000000000000000000000000000E+04
    0.121824943926185369491577148437500000000000E-02    0.482835205078125000000000000000000000000000E+04
    0.124285963829606771469116210937500000000000E-02    0.491799951171875000000000000000000000000000E+04
    0.126796704716980457305908203125000000000000E-02    0.500917382812500000000000000000000000000000E+04
    0.129358167760074138641357421875000000000000E-02    0.510189453125000000000000000000000000000000E+04
    0.131971365772187709808349609375000000000000E-02    0.519618164062500000000000000000000000000000E+04
    0.134637358132749795913696289062500000000000E-02    0.529205468750000000000000000000000000000000E+04
    0.137357215862721204757690429687500000000000E-02    0.538953222656250000000000000000000000000000E+04
    0.140132009983062744140625000000000000000000E-02    0.548863427734375000000000000000000000000000E+04
    0.142962858080863952636718750000000000000000E-02    0.558937939453125000000000000000000000000000E+04
    0.145850901026278734207153320312500000000000E-02    0.569178662109375000000000000000000000000000E+04
    0.148797314614057540893554687500000000000000E-02    0.579587548828125000000000000000000000000000E+04
    0.151803228072822093963623046875000000000000E-02    0.590166406250000000000000000000000000000000E+04
    0.154869852121919393539428710937500000000000E-02    0.600917041015625000000000000000000000000000E+04
    0.157998420763760805130004882812500000000000E-02    0.611841357421875000000000000000000000000000E+04
    0.161190202925354242324829101562500000000000E-02    0.622941064453125000000000000000000000000000E+04
    0.164446467533707618713378906250000000000000E-02    0.634218017578125000000000000000000000000000E+04
    0.167768495157361030578613281250000000000000E-02    0.645673828125000000000000000000000000000000E+04
    0.171157636214047670364379882812500000000000E-02    0.657310302734375000000000000000000000000000E+04
    0.174615241121500730514526367187500000000000E-02    0.669129003906250000000000000000000000000000E+04
    0.178142718505114316940307617187500000000000E-02    0.681131591796875000000000000000000000000000E+04
    0.181741418782621622085571289062500000000000E-02    0.693319677734375000000000000000000000000000E+04
    0.185412843711674213409423828125000000000000E-02    0.705694726562500000000000000000000000000000E+04
    0.189158413559198379516601562500000000000000E-02    0.718258300781250000000000000000000000000000E+04
    0.192979711573570966720581054687500000000000E-02    0.731011718750000000000000000000000000000000E+04
    0.196878169663250446319580078125000000000000E-02    0.743956445312500000000000000000000000000000E+04
    0.200855359435081481933593750000000000000000E-02    0.757093750000000000000000000000000000000000E+04
    0.204912899062037467956542968750000000000000E-02    0.770424902343750000000000000000000000000000E+04
    0.209052418358623981475830078125000000000000E-02    0.783951074218750000000000000000000000000000E+04
    0.213275570422410964965820312500000000000000E-02    0.797673339843750000000000000000000000000000E+04
    0.217583985067903995513916015625000000000000E-02    0.811592822265625000000000000000000000000000E+04
    0.221979478374123573303222656250000000000000E-02    0.825710449218750000000000000000000000000000E+04
    0.226463773287832736968994140625000000000000E-02    0.840027148437500000000000000000000000000000E+04
    0.231038639321923255920410156250000000000000E-02    0.854543652343750000000000000000000000000000E+04
    0.235705915838479995727539062500000000000000E-02    0.869260742187500000000000000000000000000000E+04
    0.240467488765716552734375000000000000000000E-02    0.884179003906250000000000000000000000000000E+04
    0.245325244031846523284912109375000000000000E-02    0.899299023437500000000000000000000000000000E+04
    0.250281183980405330657958984375000000000000E-02    0.914621289062500000000000000000000000000000E+04
    0.255337217822670936584472656250000000000000E-02    0.930145898437500000000000000000000000000000E+04
    0.260495371185243129730224609375000000000000E-02    0.945873242187500000000000000000000000000000E+04
    0.265757716260850429534912109375000000000000E-02    0.961803320312500000000000000000000000000000E+04
    0.271126371808350086212158203125000000000000E-02    0.977936132812500000000000000000000000000000E+04
    0.276603479869663715362548828125000000000000E-02    0.994271582031250000000000000000000000000000E+04
    0.282191229052841663360595703125000000000000E-02    0.101080927734375000000000000000000000000000E+05
    0.287891877815127372741699218750000000000000E-02    0.102754902343750000000000000000000000000000E+05
    0.293707661330699920654296875000000000000000E-02    0.104449003906250000000000000000000000000000E+05
    0.299640954472124576568603515625000000000000E-02    0.106163183593750000000000000000000000000000E+05
    0.305694085545837879180908203125000000000000E-02    0.107897353515625000000000000000000000000000E+05
    0.311869522556662559509277343750000000000000E-02    0.109651406250000000000000000000000000000000E+05
    0.318169780075550079345703125000000000000000E-02    0.111425234375000000000000000000000000000000E+05
    0.324597232975065708160400390625000000000000E-02    0.113218691406250000000000000000000000000000E+05
    0.331154512241482734680175781250000000000000E-02    0.115031640625000000000000000000000000000000E+05
    0.337844272144138813018798828125000000000000E-02    0.116863906250000000000000000000000000000000E+05
    0.344669190235435962677001953125000000000000E-02    0.118715302734375000000000000000000000000000E+05
    0.351631967350840568542480468750000000000000E-02    0.120585615234375000000000000000000000000000E+05
    0.358735374175012111663818359375000000000000E-02    0.122474638671875000000000000000000000000000E+05
    0.365982321090996265411376953125000000000000E-02    0.124382109375000000000000000000000000000000E+05
    0.373375625349581241607666015625000000000000E-02    0.126307763671875000000000000000000000000000E+05
    0.380918313749134540557861328125000000000000E-02    0.128251308593750000000000000000000000000000E+05
    0.388613343238830566406250000000000000000000E-02    0.130212421875000000000000000000000000000000E+05
    0.396463880315423011779785156250000000000000E-02    0.132190751953125000000000000000000000000000E+05
    0.404472928494215011596679687500000000000000E-02    0.134185937500000000000000000000000000000000E+05
    0.412643933668732643127441406250000000000000E-02    0.136197607421875000000000000000000000000000E+05
    0.420979922637343406677246093750000000000000E-02    0.138225332031250000000000000000000000000000E+05
    0.429484248161315917968750000000000000000000E-02    0.140268691406250000000000000000000000000000E+05
    0.438160402700304985046386718750000000000000E-02    0.142327226562500000000000000000000000000000E+05
    0.447011832147836685180664062500000000000000E-02    0.144400449218750000000000000000000000000000E+05
    0.456042028963565826416015625000000000000000E-02    0.146487832031250000000000000000000000000000E+05
    0.465254718437790870666503906250000000000000E-02    0.148588769531250000000000000000000000000000E+05
    0.474653439596295356750488281250000000000000E-02    0.150702626953125000000000000000000000000000E+05
    0.484242103993892669677734375000000000000000E-02    0.152828769531250000000000000000000000000000E+05
    0.494024436920881271362304687500000000000000E-02    0.154966503906250000000000000000000000000000E+05
    0.504004349932074546813964843750000000000000E-02    0.157115214843750000000000000000000000000000E+05
    0.514185894280672073364257812500000000000000E-02    0.159274306640625000000000000000000000000000E+05
    0.524573167786002159118652343750000000000000E-02    0.161443183593750000000000000000000000000000E+05
    0.535170361399650573730468750000000000000000E-02    0.163621201171875000000000000000000000000000E+05
    0.545981479808688163757324218750000000000000E-02    0.165807714843750000000000000000000000000000E+05
    0.557011039927601814270019531250000000000000E-02    0.168001757812500000000000000000000000000000E+05
    0.568263372406363487243652343750000000000000E-02    0.170202187500000000000000000000000000000000E+05
    0.579743087291717529296875000000000000000000E-02    0.172407812500000000000000000000000000000000E+05
    0.591454654932022094726562500000000000000000E-02    0.174617343750000000000000000000000000000000E+05
    0.603402825072407722473144531250000000000000E-02    0.176829550781250000000000000000000000000000E+05
    0.615592347458004951477050781250000000000000E-02    0.179043339843750000000000000000000000000000E+05
    0.628028111532330513000488281250000000000000E-02    0.181257714843750000000000000000000000000000E+05
    0.640715099871158599853515625000000000000000E-02    0.183471660156250000000000000000000000000000E+05
    0.653658434748649597167968750000000000000000E-02    0.185684160156250000000000000000000000000000E+05
    0.666863145306706428527832031250000000000000E-02    0.187894140625000000000000000000000000000000E+05
    0.680334679782390594482421875000000000000000E-02    0.190100332031250000000000000000000000000000E+05
    0.694078346714377403259277343750000000000000E-02    0.192301386718750000000000000000000000000000E+05
    0.708099640905857086181640625000000000000000E-02    0.194495898437500000000000000000000000000000E+05
    0.722404150292277336120605468750000000000000E-02    0.196682421875000000000000000000000000000000E+05
    0.736997742205858230590820312500000000000000E-02    0.198859492187500000000000000000000000000000E+05
    0.751886051148176193237304687500000000000000E-02    0.201025566406250000000000000000000000000000E+05
    0.767075084149837493896484375000000000000000E-02    0.203179042968750000000000000000000000000000E+05
    0.782571360468864440917968750000000000000000E-02    0.205318261718750000000000000000000000000000E+05
    0.798380374908447265625000000000000000000000E-02    0.207441562500000000000000000000000000000000E+05
    0.814508739858865737915039062500000000000000E-02    0.209547226562500000000000000000000000000000E+05
    0.830962881445884704589843750000000000000000E-02    0.211633496093750000000000000000000000000000E+05
    0.847749505192041397094726562500000000000000E-02    0.213698515625000000000000000000000000000000E+05
    0.864875130355358123779296875000000000000000E-02    0.215740410156250000000000000000000000000000E+05
    0.882346741855144500732421875000000000000000E-02    0.217757304687500000000000000000000000000000E+05
    0.900171231478452682495117187500000000000000E-02    0.219747265625000000000000000000000000000000E+05
    0.918355956673622131347656250000000000000000E-02    0.221708242187500000000000000000000000000000E+05
    0.936907902359962463378906250000000000000000E-02    0.223638144531250000000000000000000000000000E+05
    0.955834705382585525512695312500000000000000E-02    0.225534843750000000000000000000000000000000E+05
    0.975143909454345703125000000000000000000000E-02    0.227396210937500000000000000000000000000000E+05
    0.994843058288097381591796875000000000000000E-02    0.229220039062500000000000000000000000000000E+05
    0.101494016125798225402832031250000000000000E-01    0.231004042968750000000000000000000000000000E+05
    0.103544332087039947509765625000000000000000E-01    0.232745859375000000000000000000000000000000E+05
    0.105636063963174819946289062500000000000000E-01    0.234443085937500000000000000000000000000000E+05
    0.107770059257745742797851562500000000000000E-01    0.236093339843750000000000000000000000000000E+05
    0.109947146847844123840332031250000000000000E-01    0.237694179687500000000000000000000000000000E+05
    0.112168220803141593933105468750000000000000E-01    0.239242851562500000000000000000000000000000E+05
    0.114434175193309783935546875000000000000000E-01    0.240736582031250000000000000000000000000000E+05
    0.116745894774794578552246093750000000000000E-01    0.242172558593750000000000000000000000000000E+05
    0.119104310870170593261718750000000000000000E-01    0.243547949218750000000000000000000000000000E+05
    0.121510382741689682006835937500000000000000E-01    0.244860097656250000000000000000000000000000E+05
    0.123965051025152206420898437500000000000000E-01    0.246106914062500000000000000000000000000000E+05
    0.126469302922487258911132812500000000000000E-01    0.247286406250000000000000000000000000000000E+05
    0.129024153575301170349121093750000000000000E-01    0.248396699218750000000000000000000000000000E+05
    0.131630674004554748535156250000000000000000E-01    0.249435917968750000000000000000000000000000E+05
    0.134289795532822608947753906250000000000000E-01    0.250401425781250000000000000000000000000000E+05
    0.137002617120742797851562500000000000000000E-01    0.251287753906250000000000000000000000000000E+05
    0.139770256355404853820800781250000000000000E-01    0.252088886718750000000000000000000000000000E+05
    0.142593793570995330810546875000000000000000E-01    0.252798769531250000000000000000000000000000E+05
    0.145474374294281005859375000000000000000000E-01    0.253411464843750000000000000000000000000000E+05
    0.148413162678480148315429687500000000000000E-01    0.253924316406250000000000000000000000000000E+05
    0.151411294937133789062500000000000000000000E-01    0.254344765625000000000000000000000000000000E+05
    0.154470009729266166687011718750000000000000E-01    0.254682226562500000000000000000000000000000E+05
    0.157590489834547042846679687500000000000000E-01    0.254946289062500000000000000000000000000000E+05
    0.160774048417806625366210937500000000000000E-01    0.255146640625000000000000000000000000000000E+05
    0.164021886885166168212890625000000000000000E-01    0.255285585937500000000000000000000000000000E+05
    0.167335346341133117675781250000000000000000E-01    0.255345742187500000000000000000000000000000E+05
    0.170715730637311935424804687500000000000000E-01    0.255306582031250000000000000000000000000000E+05
    0.174164418131113052368164062500000000000000E-01    0.255147675781250000000000000000000000000000E+05
    0.177682787179946899414062500000000000000000E-01    0.254848828125000000000000000000000000000000E+05
    0.181272197514772415161132812500000000000000E-01    0.254398593750000000000000000000000000000000E+05
    0.184934139251708984375000000000000000000000E-01    0.253805507812500000000000000000000000000000E+05
    0.188670046627521514892578125000000000000000E-01    0.253081054687500000000000000000000000000000E+05
    0.192481447011232376098632812500000000000000E-01    0.252236835937500000000000000000000000000000E+05
    0.196369830518960952758789062500000000000000E-01    0.251284414062500000000000000000000000000000E+05
    0.200336743146181106567382812500000000000000E-01    0.250227851562500000000000000000000000000000E+05
    0.204383805394172668457031250000000000000000E-01    0.249055781250000000000000000000000000000000E+05
    0.208512637764215469360351562500000000000000E-01    0.247755390625000000000000000000000000000000E+05
    0.212724860757589340209960937500000000000000E-01    0.246314316406250000000000000000000000000000E+05
    0.217022281140089035034179687500000000000000E-01    0.244720839843750000000000000000000000000000E+05
    0.221406426280736923217773437500000000000000E-01    0.242972500000000000000000000000000000000000E+05
    0.225879121571779251098632812500000000000000E-01    0.241082734375000000000000000000000000000000E+05
    0.230442192405462265014648437500000000000000E-01    0.239066660156250000000000000000000000000000E+05
    0.235097426921129226684570312500000000000000E-01    0.236939121093750000000000000000000000000000E+05
    0.239846706390380859375000000000000000000000E-01    0.234714726562500000000000000000000000000000E+05
    0.244691912084817886352539062500000000000000E-01    0.232402832031250000000000000000000000000000E+05
    0.249635018408298492431640625000000000000000E-01    0.230004804687500000000000000000000000000000E+05
    0.254677981138229370117187500000000000000000E-01    0.227521503906250000000000000000000000000000E+05
    0.259822811931371688842773437500000000000000E-01    0.224953906250000000000000000000000000000000E+05
    0.265071578323841094970703125000000000000000E-01    0.222303242187500000000000000000000000000000E+05
    0.270426385104656219482421875000000000000000E-01    0.219569882812500000000000000000000000000000E+05
    0.275889337062835693359375000000000000000000E-01    0.216753164062500000000000000000000000000000E+05
    0.281462669372558593750000000000000000000000E-01    0.213852578125000000000000000000000000000000E+05
    0.287148579955101013183593750000000000000000E-01    0.210867988281250000000000000000000000000000E+05
    0.292949359863996505737304687500000000000000E-01    0.207799648437500000000000000000000000000000E+05
    0.298867337405681610107421875000000000000000E-01    0.204651796875000000000000000000000000000000E+05
    0.304904840886592864990234375000000000000000E-01    0.201433359375000000000000000000000000000000E+05
    0.311064328998327255249023437500000000000000E-01    0.198153320312500000000000000000000000000000E+05
    0.317348241806030273437500000000000000000000E-01    0.194820449218750000000000000000000000000000E+05
    0.323759093880653381347656250000000000000000E-01    0.191443339843750000000000000000000000000000E+05
    0.330299474298954010009765625000000000000000E-01    0.188033398437500000000000000000000000000000E+05
    0.336971953511238098144531250000000000000000E-01    0.184604882812500000000000000000000000000000E+05
    0.343779213726520538330078125000000000000000E-01    0.181171445312500000000000000000000000000000E+05
    0.350724011659622192382812500000000000000000E-01    0.177745937500000000000000000000000000000000E+05
    0.357809104025363922119140625000000000000000E-01    0.174340273437500000000000000000000000000000E+05
    0.365037508308887481689453125000000000000000E-01    0.170964140625000000000000000000000000000000E+05
    0.372411720454692840576171875000000000000000E-01    0.167625117187500000000000000000000000000000E+05
    0.379934944212436676025390625000000000000000E-01    0.164330117187500000000000000000000000000000E+05
    0.387610122561454772949218750000000000000000E-01    0.161085527343750000000000000000000000000000E+05
    0.395440347492694854736328125000000000000000E-01    0.157897236328125000000000000000000000000000E+05
    0.403428785502910614013671875000000000000000E-01    0.154770830078125000000000000000000000000000E+05
    0.411578565835952758789062500000000000000000E-01    0.151711591796875000000000000000000000000000E+05
    0.419893004000186920166015625000000000000000E-01    0.148724335937500000000000000000000000000000E+05
    0.428375415503978729248046875000000000000000E-01    0.145813398437500000000000000000000000000000E+05
    0.437029153108596801757812500000000000000000E-01    0.142982939453125000000000000000000000000000E+05
    0.445857718586921691894531250000000000000000E-01    0.140240185546875000000000000000000000000000E+05
    0.454864650964736938476562500000000000000000E-01    0.137594560546875000000000000000000000000000E+05
    0.464053489267826080322265625000000000000000E-01    0.135054736328125000000000000000000000000000E+05
    0.473427996039390563964843750000000000000000E-01    0.132628652343750000000000000000000000000000E+05
    0.482991859316825866699218750000000000000000E-01    0.130322001953125000000000000000000000000000E+05
    0.492748916149139404296875000000000000000000E-01    0.128128779296875000000000000000000000000000E+05
    0.502703115344047546386718750000000000000000E-01    0.126038564453125000000000000000000000000000E+05
    0.512858368456363677978515625000000000000000E-01    0.124041591796875000000000000000000000000000E+05
    0.523218810558319091796875000000000000000000E-01    0.122128652343750000000000000000000000000000E+05
    0.533788502216339111328125000000000000000000E-01    0.120291289062500000000000000000000000000000E+05
    0.544571764767169952392578125000000000000000E-01    0.118521689453125000000000000000000000000000E+05
    0.555572807788848876953125000000000000000000E-01    0.116812490234375000000000000000000000000000E+05
    0.566796138882637023925781250000000000000000E-01    0.115156591796875000000000000000000000000000E+05
    0.578246153891086578369140625000000000000000E-01    0.113543876953125000000000000000000000000000E+05
    0.589927472174167633056640625000000000000000E-01    0.111961103515625000000000000000000000000000E+05
    0.601844787597656250000000000000000000000000E-01    0.110395546875000000000000000000000000000000E+05
    0.614003166556358337402343750000000000000000E-01    0.108834794921875000000000000000000000000000E+05
    0.626406818628311157226562500000000000000000E-01    0.107264072265625000000000000000000000000000E+05
    0.639061108231544494628906250000000000000000E-01    0.105667919921875000000000000000000000000000E+05
    0.651970952749252319335937500000000000000000E-01    0.104031855468750000000000000000000000000000E+05
    0.665141642093658447265625000000000000000000E-01    0.102337910156250000000000000000000000000000E+05
    0.678578317165374755859375000000000000000000E-01    0.100562197265625000000000000000000000000000E+05
    0.692286565899848937988281250000000000000000E-01    0.986822656250000000000000000000000000000000E+04
    0.706271678209304809570312500000000000000000E-01    0.966865917968750000000000000000000000000000E+04
    0.720539242029190063476562500000000000000000E-01    0.945918750000000000000000000000000000000000E+04
    0.735095068812370300292968750000000000000000E-01    0.924194531250000000000000000000000000000000E+04
    0.749944970011711120605468750000000000000000E-01    0.901791503906250000000000000000000000000000E+04
    0.765094906091690063476562500000000000000000E-01    0.878455273437500000000000000000000000000000E+04
    0.780550837516784667968750000000000000000000E-01    0.853895507812500000000000000000000000000000E+04
    0.796318948268890380859375000000000000000000E-01    0.828047167968750000000000000000000000000000E+04
    0.812405645847320556640625000000000000000000E-01    0.801265917968750000000000000000000000000000E+04
    0.828817337751388549804687500000000000000000E-01    0.773932568359375000000000000000000000000000E+04
    0.845560505986213684082031250000000000000000E-01    0.746315380859375000000000000000000000000000E+04
    0.862641930580139160156250000000000000000000E-01    0.718580615234375000000000000000000000000000E+04
    0.880068466067314147949218750000000000000000E-01    0.690894335937500000000000000000000000000000E+04
    0.897847041487693786621093750000000000000000E-01    0.663486035156250000000000000000000000000000E+04
    0.915984734892845153808593750000000000000000E-01    0.636583154296875000000000000000000000000000E+04
    0.934488773345947265625000000000000000000000E-01    0.610441406250000000000000000000000000000000E+04
    0.953366756439208984375000000000000000000000E-01    0.585336523437500000000000000000000000000000E+04
    0.972625985741615295410156250000000000000000E-01    0.561499755859375000000000000000000000000000E+04
    0.992274358868598937988281250000000000000000E-01    0.539123144531250000000000000000000000000000E+04
    0.101232007145881652832031250000000000000000E+00    0.518373339843750000000000000000000000000000E+04
    0.103277020156383514404296875000000000000000E+00    0.499387353515625000000000000000000000000000E+04
    0.105363354086875915527343750000000000000000E+00    0.482251904296875000000000000000000000000000E+04
    0.107491828501224517822265625000000000000000E+00    0.466868896484375000000000000000000000000000E+04
    0.109663315117359161376953125000000000000000E+00    0.453081250000000000000000000000000000000000E+04
    0.111878655850887298583984375000000000000000E+00    0.440728173828125000000000000000000000000000E+04
    0.114138752222061157226562500000000000000000E+00    0.429501953125000000000000000000000000000000E+04
    0.116444505751132965087890625000000000000000E+00    0.419052197265625000000000000000000000000000E+04
    0.118796832859516143798828125000000000000000E+00    0.409059570312500000000000000000000000000000E+04
    0.121196687221527099609375000000000000000000E+00    0.399225927734375000000000000000000000000000E+04
    0.123645029962062835693359375000000000000000E+00    0.389278393554687500000000000000000000000000E+04
    0.126142814755439758300781250000000000000000E+00    0.378973486328125000000000000000000000000000E+04
    0.128691077232360839843750000000000000000000E+00    0.368100000000000000000000000000000000000000E+04
    0.131290808320045471191406250000000000000000E+00    0.356480053710937500000000000000000000000000E+04
    0.133943051099777221679687500000000000000000E+00    0.343987841796875000000000000000000000000000E+04
    0.136648878455162048339843750000000000000000E+00    0.330544677734375000000000000000000000000000E+04
    0.139409363269805908203125000000000000000000E+00    0.316186132812500000000000000000000000000000E+04
    0.142225623130798339843750000000000000000000E+00    0.301119409179687500000000000000000000000000E+04
    0.145098760724067687988281250000000000000000E+00    0.285598046875000000000000000000000000000000E+04
    0.148029953241348266601562500000000000000000E+00    0.270028955078125000000000000000000000000000E+04
    0.151020348072052001953125000000000000000000E+00    0.254811865234375000000000000000000000000000E+04
    0.154071167111396789550781250000000000000000E+00    0.240311450195312500000000000000000000000000E+04
    0.157183602452278137207031250000000000000000E+00    0.226834399414062500000000000000000000000000E+04
    0.160358920693397521972656250000000000000000E+00    0.214593627929687500000000000000000000000000E+04
    0.163598373532295227050781250000000000000000E+00    0.203727856445312500000000000000000000000000E+04
    0.166903272271156311035156250000000000000000E+00    0.194273620605468750000000000000000000000000E+04
    0.170275032520294189453125000000000000000000E+00    0.186192419433593750000000000000000000000000E+04
    0.173714801669120788574218750000000000000000E+00    0.179359777832031250000000000000000000000000E+04
    0.177224084734916687011718750000000000000000E+00    0.173587377929687500000000000000000000000000E+04
    0.180804237723350524902343750000000000000000E+00    0.168577209472656250000000000000000000000000E+04
    0.184456720948219299316406250000000000000000E+00    0.163978186035156250000000000000000000000000E+04
    0.188182994723320007324218750000000000000000E+00    0.159426904296875000000000000000000000000000E+04
    0.191984534263610839843750000000000000000000E+00    0.154604931640625000000000000000000000000000E+04
    0.195862874388694763183593750000000000000000E+00    0.149300561523437500000000000000000000000000E+04
    0.199819564819335937500000000000000000000000E+00    0.143420837402343750000000000000000000000000E+04
    0.203856185078620910644531250000000000000000E+00    0.137000561523437500000000000000000000000000E+04
    0.207974359393119812011718750000000000000000E+00    0.130206384277343750000000000000000000000000E+04
    0.212175697088241577148437500000000000000000E+00    0.123275903320312500000000000000000000000000E+04
    0.216461926698684692382812500000000000000000E+00    0.116485388183593750000000000000000000000000E+04
    0.220834761857986450195312500000000000000000E+00    0.110090478515625000000000000000000000000000E+04
    0.225295916199684143066406250000000000000000E+00    0.104293542480468750000000000000000000000000E+04
    0.229847192764282226562500000000000000000000E+00    0.992152709960937500000000000000000000000000E+03
    0.234490394592285156250000000000000000000000E+00    0.948781433105468750000000000000000000000000E+03
    0.239227414131164550781250000000000000000000E+00    0.911957153320312500000000000000000000000000E+03
    0.244060128927230834960937500000000000000000E+00    0.879749084472656250000000000000000000000000E+03
    0.248990446329116821289062500000000000000000E+00    0.849853759765625000000000000000000000000000E+03
    0.254020392894744873046875000000000000000000E+00    0.820157287597656250000000000000000000000000E+03
    0.259151935577392578125000000000000000000000E+00    0.789046813964843750000000000000000000000000E+03
    0.264387160539627075195312500000000000000000E+00    0.755608154296875000000000000000000000000000E+03
    0.269728124141693115234375000000000000000000E+00    0.719783935546875000000000000000000000000000E+03
    0.275177001953125000000000000000000000000000E+00    0.682590759277343750000000000000000000000000E+03
    0.280736058950424194335937500000000000000000E+00    0.645858764648437500000000000000000000000000E+03
    0.286407291889190673828125000000000000000000E+00    0.611399230957031250000000000000000000000000E+03
    0.292193114757537841796875000000000000000000E+00    0.580338989257812500000000000000000000000000E+03
    0.298095792531967163085937500000000000000000E+00    0.553086730957031250000000000000000000000000E+03
    0.304117560386657714843750000000000000000000E+00    0.529404235839843750000000000000000000000000E+03
    0.310261309146881103515625000000000000000000E+00    0.508283630371093750000000000000000000000000E+03
    0.316528826951980590820312500000000000000000E+00    0.488353637695312500000000000000000000000000E+03
    0.322923272848129272460937500000000000000000E+00    0.468406829833984375000000000000000000000000E+03
    0.329446613788604736328125000000000000000000E+00    0.447711334228515625000000000000000000000000E+03
    0.336102008819580078125000000000000000000000E+00    0.426231323242187500000000000000000000000000E+03
    0.342891573905944824218750000000000000000000E+00    0.404549865722656250000000000000000000000000E+03
    0.349818587303161621093750000000000000000000E+00    0.383587615966796875000000000000000000000000E+03
    0.356885224580764770507812500000000000000000E+00    0.364210021972656250000000000000000000000000E+03
    0.364094972610473632812500000000000000000000E+00    0.346845611572265625000000000000000000000000E+03
    0.371450334787368774414062500000000000000000E+00    0.331336608886718750000000000000000000000000E+03
    0.378953933715820312500000000000000000000000E+00    0.317046997070312500000000000000000000000000E+03
    0.386609494686126708984375000000000000000000E+00    0.303253906250000000000000000000000000000000E+03
    0.394419312477111816406250000000000000000000E+00    0.289457244873046875000000000000000000000000E+03
    0.402387291193008422851562500000000000000000E+00    0.275554931640625000000000000000000000000000E+03
    0.410515844821929931640625000000000000000000E+00    0.261859954833984375000000000000000000000000E+03
    0.418809026479721069335937500000000000000000E+00    0.248808990478515625000000000000000000000000E+03
    0.427269339561462402343750000000000000000000E+00    0.236731369018554687500000000000000000000000E+03
    0.435900926589965820312500000000000000000000E+00    0.225653686523437500000000000000000000000000E+03
    0.444706469774246215820312500000000000000000E+00    0.215340072631835937500000000000000000000000E+03
    0.453690379858016967773437500000000000000000E+00    0.205470703125000000000000000000000000000000E+03
    0.462855309247970581054687500000000000000000E+00    0.195824783325195312500000000000000000000000E+03
    0.472205787897109985351562500000000000000000E+00    0.186376068115234375000000000000000000000000E+03
    0.481744766235351562500000000000000000000000E+00    0.177269470214843750000000000000000000000000E+03
    0.491476893424987792968750000000000000000000E+00    0.168661483764648437500000000000000000000000E+03
    0.501405119895935058593750000000000000000000E+00    0.160637969970703125000000000000000000000000E+03
    0.511534392833709716796875000000000000000000E+00    0.153105728149414062500000000000000000000000E+03
    0.521867811679840087890625000000000000000000E+00    0.145905410766601562500000000000000000000000E+03
    0.532410502433776855468750000000000000000000E+00    0.138957351684570312500000000000000000000000E+03
    0.543165624141693115234375000000000000000000E+00    0.132255004882812500000000000000000000000000E+03
    0.554138541221618652343750000000000000000000E+00    0.125871406555175781250000000000000000000000E+03
    0.565332591533660888671875000000000000000000E+00    0.119837219238281250000000000000000000000000E+03
    0.576753377914428710937500000000000000000000E+00    0.114145996093750000000000000000000000000000E+03
    0.588404297828674316406250000000000000000000E+00    0.108722885131835937500000000000000000000000E+03
    0.600291073322296142578125000000000000000000E+00    0.103527648925781250000000000000000000000000E+03
    0.612418055534362792968750000000000000000000E+00    0.985574188232421875000000000000000000000000E+02
    0.624789416790008544921875000000000000000000E+00    0.938291320800781250000000000000000000000000E+02
    0.637411296367645263671875000000000000000000E+00    0.893332366943359375000000000000000000000000E+02
    0.650287508964538574218750000000000000000000E+00    0.850679321289062500000000000000000000000000E+02
    0.663424491882324218750000000000000000000000E+00    0.810135879516601562500000000000000000000000E+02
    0.676826238632202148437500000000000000000000E+00    0.771524505615234375000000000000000000000000E+02
    0.690499365329742431640625000000000000000000E+00    0.734708099365234375000000000000000000000000E+02
    0.704448044300079345703125000000000000000000E+00    0.699618911743164062500000000000000000000000E+02
    0.718679130077362060546875000000000000000000E+00    0.666199264526367187500000000000000000000000E+02
    0.733197033405303955078125000000000000000000E+00    0.634390754699707031250000000000000000000000E+02
    0.748008966445922851562500000000000000000000E+00    0.604123001098632812500000000000000000000000E+02
    0.763119339942932128906250000000000000000000E+00    0.575316543579101562500000000000000000000000E+02
    0.778535783290863037109375000000000000000000E+00    0.547895736694335937500000000000000000000000E+02
    0.794262826442718505859375000000000000000000E+00    0.521789932250976562500000000000000000000000E+02
    0.810308396816253662109375000000000000000000E+00    0.496935768127441406250000000000000000000000E+02
    0.826677322387695312500000000000000000000000E+00    0.473274421691894531250000000000000000000000E+02
    0.843377590179443359375000000000000000000000E+00    0.450749664306640625000000000000000000000000E+02
    0.860414624214172363281250000000000000000000E+00    0.429307327270507812500000000000000000000000E+02
    0.877796530723571777343750000000000000000000E+00    0.408894920349121093750000000000000000000000E+02
    0.895528674125671386718750000000000000000000E+00    0.389462280273437500000000000000000000000000E+02
    0.913619995117187500000000000000000000000000E+00    0.370961723327636718750000000000000000000000E+02
    0.932075977325439453125000000000000000000000E+00    0.353347244262695312500000000000000000000000E+02
    0.950905561447143554687500000000000000000000E+00    0.336574630737304687500000000000000000000000E+02
    0.970114648342132568359375000000000000000000E+00    0.320601882934570312500000000000000000000000E+02
    0.989712655544281005859375000000000000000000E+00    0.305389842987060546875000000000000000000000E+02
    0.100970673561096191406250000000000000000000E+01    0.290903682708740234375000000000000000000000E+02
    0.103010356426239013671875000000000000000000E+01    0.277110919952392578125000000000000000000000E+02
    0.105091357231140136718750000000000000000000E+01    0.263979873657226562500000000000000000000000E+02
    0.107214283943176269531250000000000000000000E+01    0.251468162536621093750000000000000000000000E+02
    0.109380209445953369140625000000000000000000E+01    0.239546623229980468750000000000000000000000E+02
    0.111589777469635009765625000000000000000000E+01    0.228193626403808593750000000000000000000000E+02
    0.113844096660614013671875000000000000000000E+01    0.217378692626953125000000000000000000000000E+02
    0.116143846511840820312500000000000000000000E+01    0.207079143524169921875000000000000000000000E+02
    0.118490147590637207031250000000000000000000E+01    0.197267417907714843750000000000000000000000E+02
    0.120883750915527343750000000000000000000000E+01    0.187922344207763671875000000000000000000000E+02
    0.123325824737548828125000000000000000000000E+01    0.179019966125488281250000000000000000000000E+02
    0.125817120075225830078125000000000000000000E+01    0.170538406372070312500000000000000000000000E+02
    0.128358840942382812500000000000000000000000E+01    0.162457790374755859375000000000000000000000E+02
    0.130951797962188720703125000000000000000000E+01    0.154756708145141601562500000000000000000000E+02
    0.133597266674041748046875000000000000000000E+01    0.147419538497924804687500000000000000000000E+02
    0.136296045780181884765625000000000000000000E+01    0.140427856445312500000000000000000000000000E+02
    0.139049470424652099609375000000000000000000E+01    0.133765335083007812500000000000000000000000E+02
    0.141858386993408203125000000000000000000000E+01    0.127416963577270507812500000000000000000000E+02
    0.144724178314208984375000000000000000000000E+01    0.121367616653442382812500000000000000000000E+02
    0.147647726535797119140625000000000000000000E+01    0.115604028701782226562500000000000000000000E+02
    0.150630474090576171875000000000000000000000E+01    0.110113611221313476562500000000000000000000E+02
    0.153673338890075683593750000000000000000000E+01    0.104879732131958007812500000000000000000000E+02
    0.156777822971343994140625000000000000000000E+01    0.998910522460937500000000000000000000000000E+01
    0.159944856166839599609375000000000000000000E+01    0.951378154754638671875000000000000000000000E+01
    0.163176035881042480468750000000000000000000E+01    0.906098747253417968750000000000000000000000E+01
    0.166472315788269042968750000000000000000000E+01    0.862923431396484375000000000000000000000000E+01
    0.169835364818572998046875000000000000000000E+01    0.821794509887695312500000000000000000000000E+01
    0.173266339302062988281250000000000000000000E+01    0.782600545883178710937500000000000000000000E+01
    0.176766479015350341796875000000000000000000E+01    0.745241451263427734375000000000000000000000E+01
    0.180337476730346679687500000000000000000000E+01    0.709637498855590820312500000000000000000000E+01
    0.183980441093444824218750000000000000000000E+01    0.675724697113037109375000000000000000000000E+01
    0.187697184085845947265625000000000000000000E+01    0.643400526046752929687500000000000000000000E+01
    0.191488826274871826171875000000000000000000E+01    0.612601947784423828125000000000000000000000E+01
    0.195357239246368408203125000000000000000000E+01    0.583255672454833984375000000000000000000000E+01
    0.199303627014160156250000000000000000000000E+01    0.555294990539550781250000000000000000000000E+01
    0.203329920768737792968750000000000000000000E+01    0.528649425506591796875000000000000000000000E+01
    0.207437348365783691406250000000000000000000E+01    0.503262233734130859375000000000000000000000E+01
    0.211627960205078125000000000000000000000000E+01    0.479075479507446289062500000000000000000000E+01
    0.215903019905090332031250000000000000000000E+01    0.456024312973022460937500000000000000000000E+01
    0.220264649391174316406250000000000000000000E+01    0.434067440032958984375000000000000000000000E+01
    0.224714183807373046875000000000000000000000E+01    0.413155460357666015625000000000000000000000E+01
    0.229253816604614257812500000000000000000000E+01    0.393228435516357421875000000000000000000000E+01
    0.233884930610656738281250000000000000000000E+01    0.374247741699218750000000000000000000000000E+01
    0.238609838485717773437500000000000000000000E+01    0.356170320510864257812500000000000000000000E+01
    0.243429946899414062500000000000000000000000E+01    0.338944125175476074218750000000000000000000E+01
    0.248347663879394531250000000000000000000000E+01    0.322539329528808593750000000000000000000000E+01
    0.253364515304565429687500000000000000000000E+01    0.306912207603454589843750000000000000000000E+01
    0.258482933044433593750000000000000000000000E+01    0.292029523849487304687500000000000000000000E+01
    0.263704514503479003906250000000000000000000E+01    0.277857327461242675781250000000000000000000E+01
    0.269031810760498046875000000000000000000000E+01    0.264361119270324707031250000000000000000000E+01
    0.274466466903686523437500000000000000000000E+01    0.251509141921997070312500000000000000000000E+01
    0.280011177062988281250000000000000000000000E+01    0.239269447326660156250000000000000000000000E+01
    0.285667920112609863281250000000000000000000E+01    0.227614808082580566406250000000000000000000E+01
    0.291438651084899902343750000000000000000000E+01    0.216518831253051757812500000000000000000000E+01
    0.297326231002807617187500000000000000000000E+01    0.205951809883117675781250000000000000000000E+01
    0.303332471847534179687500000000000000000000E+01    0.195893383026123046875000000000000000000000E+01
    0.309460353851318359375000000000000000000000E+01    0.186317002773284912109375000000000000000000E+01
    0.315711688995361328125000000000000000000000E+01    0.177200567722320556640625000000000000000000E+01
    0.322089648246765136718750000000000000000000E+01    0.168522202968597412109375000000000000000000E+01
    0.328596115112304687500000000000000000000000E+01    0.160262155532836914062500000000000000000000E+01
    0.335234355926513671875000000000000000000000E+01    0.152400124073028564453125000000000000000000E+01
    0.342006349563598632812500000000000000000000E+01    0.144916605949401855468750000000000000000000E+01
    0.348915529251098632812500000000000000000000E+01    0.137793815135955810546875000000000000000000E+01
    0.355963897705078125000000000000000000000000E+01    0.131015884876251220703125000000000000000000E+01
    0.363155031204223632812500000000000000000000E+01    0.124565625190734863281250000000000000000000E+01
    0.370491051673889160156250000000000000000000E+01    0.118427765369415283203125000000000000000000E+01
    0.377975654602050781250000000000000000000000E+01    0.112587702274322509765625000000000000000000E+01
    0.385611033439636230468750000000000000000000E+01    0.107030081748962402343750000000000000000000E+01
    0.393401122093200683593750000000000000000000E+01    0.101742005348205566406250000000000000000000E+01
    0.401348161697387695312500000000000000000000E+01    0.967110455036163330078125000000000000000000E+00
    0.409456062316894531250000000000000000000000E+01    0.919257581233978271484375000000000000000000E+00
    0.417727470397949218750000000000000000000000E+01    0.873725354671478271484375000000000000000000E+00
    0.426166296005249023437500000000000000000000E+01    0.830422759056091308593750000000000000000000E+00
    0.434775209426879882812500000000000000000000E+01    0.789226293563842773437500000000000000000000E+00
    0.443558454513549804687500000000000000000000E+01    0.750041306018829345703125000000000000000000E+00
