  0.104811E-04  0.198547E+08  0.198547E+08  0.264592E+08  0.264588E+08  0.198572E+08  0.198443E+08  0.527452E+00  0.198547E+08
  0.115732E-04  0.198547E+08  0.198547E+08  0.264561E+08  0.264557E+08  0.198572E+08  0.198443E+08  0.527452E+00  0.198547E+08
  0.127791E-04  0.198547E+08  0.198547E+08  0.264524E+08  0.264519E+08  0.198572E+08  0.198443E+08  0.527452E+00  0.198547E+08
  0.141107E-04  0.198547E+08  0.198547E+08  0.264479E+08  0.264473E+08  0.198571E+08  0.198443E+08  0.527452E+00  0.198547E+08
  0.155809E-04  0.198547E+08  0.198547E+08  0.264424E+08  0.264416E+08  0.198571E+08  0.198443E+08  0.527452E+00  0.198547E+08
  0.172044E-04  0.198547E+08  0.198547E+08  0.264357E+08  0.264347E+08  0.198571E+08  0.198443E+08  0.527452E+00  0.198547E+08
  0.189971E-04  0.198547E+08  0.198547E+08  0.264276E+08  0.264264E+08  0.198570E+08  0.198443E+08  0.527452E+00  0.198547E+08
  0.209766E-04  0.198547E+08  0.198546E+08  0.264176E+08  0.264161E+08  0.198570E+08  0.198443E+08  0.527452E+00  0.198547E+08
  0.231623E-04  0.198546E+08  0.198546E+08  0.264055E+08  0.264037E+08  0.198569E+08  0.198442E+08  0.527452E+00  0.198546E+08
  0.255757E-04  0.198546E+08  0.198546E+08  0.263907E+08  0.263885E+08  0.198568E+08  0.198442E+08  0.527452E+00  0.198546E+08
  0.282407E-04  0.198546E+08  0.198546E+08  0.263727E+08  0.263700E+08  0.198568E+08  0.198442E+08  0.527451E+00  0.198546E+08
  0.311833E-04  0.198545E+08  0.198545E+08  0.263508E+08  0.263475E+08  0.198566E+08  0.198441E+08  0.527451E+00  0.198545E+08
  0.344325E-04  0.198545E+08  0.198545E+08  0.263240E+08  0.263201E+08  0.198565E+08  0.198441E+08  0.527451E+00  0.198545E+08
  0.380203E-04  0.198544E+08  0.198544E+08  0.262915E+08  0.262866E+08  0.198563E+08  0.198440E+08  0.527451E+00  0.198544E+08
  0.419820E-04  0.198543E+08  0.198543E+08  0.262518E+08  0.262459E+08  0.198561E+08  0.198440E+08  0.527450E+00  0.198544E+08
  0.463564E-04  0.198543E+08  0.198542E+08  0.262036E+08  0.261964E+08  0.198559E+08  0.198439E+08  0.527450E+00  0.198543E+08
  0.511866E-04  0.198541E+08  0.198541E+08  0.261448E+08  0.261361E+08  0.198556E+08  0.198438E+08  0.527449E+00  0.198542E+08
  0.565201E-04  0.198540E+08  0.198540E+08  0.260734E+08  0.260627E+08  0.198553E+08  0.198436E+08  0.527449E+00  0.198540E+08
  0.624094E-04  0.198539E+08  0.198538E+08  0.259865E+08  0.259735E+08  0.198548E+08  0.198435E+08  0.527448E+00  0.198539E+08
  0.689123E-04  0.198537E+08  0.198536E+08  0.258809E+08  0.258652E+08  0.198543E+08  0.198433E+08  0.527447E+00  0.198537E+08
  0.760929E-04  0.198534E+08  0.198534E+08  0.257528E+08  0.257336E+08  0.198536E+08  0.198430E+08  0.527446E+00  0.198534E+08
  0.840216E-04  0.198531E+08  0.198531E+08  0.255973E+08  0.255741E+08  0.198528E+08  0.198427E+08  0.527444E+00  0.198531E+08
  0.927764E-04  0.198528E+08  0.198527E+08  0.254089E+08  0.253808E+08  0.198519E+08  0.198424E+08  0.527442E+00  0.198528E+08
  0.102444E-03  0.198523E+08  0.198523E+08  0.251809E+08  0.251468E+08  0.198507E+08  0.198419E+08  0.527440E+00  0.198523E+08
  0.113118E-03  0.198518E+08  0.198517E+08  0.249055E+08  0.248643E+08  0.198493E+08  0.198414E+08  0.527438E+00  0.198518E+08
  0.124905E-03  0.198512E+08  0.198511E+08  0.245734E+08  0.245237E+08  0.198475E+08  0.198408E+08  0.527435E+00  0.198511E+08
  0.137919E-03  0.198504E+08  0.198503E+08  0.241741E+08  0.241143E+08  0.198454E+08  0.198400E+08  0.527431E+00  0.198503E+08
  0.152290E-03  0.198494E+08  0.198493E+08  0.236954E+08  0.236235E+08  0.198428E+08  0.198390E+08  0.527426E+00  0.198494E+08
  0.168159E-03  0.198483E+08  0.198481E+08  0.231235E+08  0.230375E+08  0.198396E+08  0.198379E+08  0.527421E+00  0.198482E+08
  0.185680E-03  0.198468E+08  0.198467E+08  0.224435E+08  0.223411E+08  0.198358E+08  0.198364E+08  0.527414E+00  0.198468E+08
  0.205028E-03  0.198451E+08  0.198449E+08  0.216395E+08  0.215181E+08  0.198311E+08  0.198347E+08  0.527406E+00  0.198450E+08
  0.226391E-03  0.198430E+08  0.198428E+08  0.206954E+08  0.205524E+08  0.198254E+08  0.198327E+08  0.527397E+00  0.198429E+08
  0.249981E-03  0.198405E+08  0.198402E+08  0.195961E+08  0.194289E+08  0.198185E+08  0.198301E+08  0.527386E+00  0.198404E+08
  0.276028E-03  0.198375E+08  0.198371E+08  0.183294E+08  0.181359E+08  0.198101E+08  0.198271E+08  0.527373E+00  0.198373E+08
  0.304790E-03  0.198338E+08  0.198333E+08  0.168887E+08  0.166673E+08  0.197999E+08  0.198234E+08  0.527358E+00  0.198335E+08
  0.336548E-03  0.198293E+08  0.198287E+08  0.152762E+08  0.150265E+08  0.197875E+08  0.198189E+08  0.527340E+00  0.198290E+08
  0.371616E-03  0.198239E+08  0.198232E+08  0.135072E+08  0.132307E+08  0.197725E+08  0.198135E+08  0.527320E+00  0.198236E+08
  0.410337E-03  0.198174E+08  0.198166E+08  0.116148E+08  0.113152E+08  0.197543E+08  0.198070E+08  0.527298E+00  0.198170E+08
  0.453093E-03  0.198096E+08  0.198087E+08  0.965359E+07  0.933817E+07  0.197324E+08  0.197992E+08  0.527273E+00  0.198091E+08
  0.500305E-03  0.198003E+08  0.197992E+08  0.770189E+07  0.738130E+07  0.197059E+08  0.197899E+08  0.527246E+00  0.197997E+08
  0.552435E-03  0.197892E+08  0.197879E+08  0.585859E+07  0.554714E+07  0.196740E+08  0.197788E+08  0.527218E+00  0.197885E+08
  0.609998E-03  0.197760E+08  0.197744E+08  0.423302E+07  0.394755E+07  0.196357E+08  0.197655E+08  0.527189E+00  0.197751E+08
  0.673558E-03  0.197603E+08  0.197585E+08  0.292484E+07  0.268238E+07  0.195897E+08  0.197499E+08  0.527161E+00  0.197593E+08
  0.743742E-03  0.197418E+08  0.197398E+08  0.199531E+07  0.180927E+07  0.195347E+08  0.197314E+08  0.527134E+00  0.197406E+08
  0.821238E-03  0.197201E+08  0.197178E+08  0.143724E+07  0.131285E+07  0.194692E+08  0.197096E+08  0.527109E+00  0.197187E+08
  0.906809E-03  0.196946E+08  0.196921E+08  0.115989E+07  0.109059E+07  0.193915E+08  0.196842E+08  0.527087E+00  0.196929E+08
  0.100130E-02  0.196649E+08  0.196622E+08  0.101036E+07  0.977823E+06  0.192995E+08  0.196545E+08  0.527067E+00  0.196630E+08
  0.110563E-02  0.196304E+08  0.196274E+08  0.841801E+06  0.821730E+06  0.191912E+08  0.196200E+08  0.527049E+00  0.196281E+08
  0.122083E-02  0.195904E+08  0.195872E+08  0.601809E+06  0.574360E+06  0.190642E+08  0.195799E+08  0.527032E+00  0.195876E+08
  0.134804E-02  0.195441E+08  0.195408E+08  0.365307E+06  0.324018E+06  0.189164E+08  0.195336E+08  0.527015E+00  0.195409E+08
  0.148850E-02  0.194907E+08  0.194873E+08  0.242520E+06  0.193772E+06  0.187462E+08  0.194802E+08  0.526997E+00  0.194870E+08
  0.164360E-02  0.194294E+08  0.194259E+08  0.223945E+06  0.000000E+00  0.185516E+08  0.194189E+08  0.526980E+00  0.194251E+08
  0.181486E-02  0.193591E+08  0.193556E+08  0.181049E+06  0.000000E+00  0.183311E+08  0.193485E+08  0.526962E+00  0.193542E+08
  0.200397E-02  0.192788E+08  0.192753E+08  0.845267E+05  0.000000E+00  0.180835E+08  0.192682E+08  0.526942E+00  0.192732E+08
  0.221278E-02  0.191873E+08  0.191838E+08  0.516965E+05  0.000000E+00  0.178082E+08  0.191767E+08  0.526922E+00  0.191809E+08
  0.244334E-02  0.190835E+08  0.190799E+08  0.615630E+05  0.000000E+00  0.175051E+08  0.190728E+08  0.526900E+00  0.190763E+08
  0.269794E-02  0.189661E+08  0.189624E+08  0.238173E+05  0.000000E+00  0.171742E+08  0.189553E+08  0.526878E+00  0.189580E+08
  0.297905E-02  0.188339E+08  0.188300E+08  0.218136E+05  0.000000E+00  0.168156E+08  0.188229E+08  0.526855E+00  0.188248E+08
  0.328946E-02  0.186855E+08  0.186814E+08  0.100067E+05  0.000000E+00  0.164287E+08  0.186744E+08  0.526831E+00  0.186753E+08
  0.363222E-02  0.185197E+08  0.185153E+08  0.375081E+04  0.000000E+00  0.160126E+08  0.185083E+08  0.526806E+00  0.185084E+08
  0.401069E-02  0.183351E+08  0.183305E+08 -0.491354E+04  0.000000E+00  0.155663E+08  0.183235E+08  0.526780E+00  0.183227E+08
  0.442859E-02  0.181305E+08  0.181255E+08  0.191944E+04  0.000000E+00  0.150886E+08  0.181184E+08  0.526752E+00  0.181169E+08
  0.489004E-02  0.179044E+08  0.178991E+08 -0.757490E+03  0.000000E+00  0.145804E+08  0.178917E+08  0.526724E+00  0.178896E+08
  0.539958E-02  0.176556E+08  0.176497E+08 -0.365788E+04  0.000000E+00  0.140415E+08  0.176421E+08  0.526694E+00  0.176394E+08
  0.596220E-02  0.173831E+08  0.173766E+08 -0.219930E+04  0.000000E+00  0.134455E+08  0.173684E+08  0.526660E+00  0.173655E+08
  0.658345E-02  0.170846E+08  0.170774E+08 -0.251569E+04  0.000000E+00  0.128307E+08  0.170682E+08  0.526626E+00  0.170655E+08
  0.726943E-02  0.167591E+08  0.167511E+08 -0.215655E+04  0.000000E+00  0.121840E+08  0.167404E+08  0.526590E+00  0.167386E+08
  0.802689E-02  0.164054E+08  0.163964E+08 -0.271407E+04  0.000000E+00  0.115150E+08  0.163834E+08  0.526552E+00  0.163834E+08
  0.886327E-02  0.160221E+08  0.160118E+08 -0.223825E+04  0.000000E+00  0.108307E+08  0.159954E+08  0.526514E+00  0.159986E+08
  0.978680E-02  0.156077E+08  0.155960E+08 -0.154701E+04  0.000000E+00  0.101293E+08  0.155745E+08  0.526475E+00  0.155829E+08
  0.108066E-01  0.151613E+08  0.151478E+08 -0.171883E+04  0.000000E+00  0.941252E+07  0.151189E+08  0.526434E+00  0.151350E+08
  0.119326E-01  0.146813E+08  0.146659E+08 -0.142699E+04  0.000000E+00  0.868753E+07  0.146262E+08  0.526393E+00  0.146537E+08
  0.131759E-01  0.141667E+08  0.141489E+08 -0.104702E+04  0.000000E+00  0.796320E+07  0.140941E+08  0.526351E+00  0.141378E+08
  0.145488E-01  0.136165E+08  0.135961E+08 -0.101061E+04  0.000000E+00  0.724252E+07  0.135201E+08  0.526309E+00  0.135864E+08
  0.160648E-01  0.130301E+08  0.130067E+08 -0.845308E+03  0.000000E+00  0.653068E+07  0.129021E+08  0.526268E+00  0.129991E+08
  0.177387E-01  0.124211E+08  0.123945E+08 -0.600245E+03  0.000000E+00  0.584320E+07  0.122519E+08  0.526226E+00  0.123893E+08
  0.195871E-01  0.117665E+08  0.117363E+08 -0.550192E+03  0.000000E+00  0.517289E+07  0.115454E+08  0.526185E+00  0.117340E+08
  0.216280E-01  0.110799E+08  0.110459E+08 -0.311887E+03  0.000000E+00  0.453291E+07  0.107958E+08  0.526146E+00  0.110470E+08
  0.238816E-01  0.103558E+08  0.103182E+08 -0.317435E+03  0.000000E+00  0.392529E+07  0.999875E+07  0.526107E+00  0.103229E+08
  0.263700E-01  0.961939E+07  0.957828E+07 -0.237504E+03  0.000000E+00  0.336357E+07  0.917992E+07  0.526069E+00  0.958664E+07
  0.291177E-01  0.887905E+07  0.883499E+07 -0.164892E+03  0.000000E+00  0.285151E+07  0.834766E+07  0.526034E+00  0.884680E+07
  0.321517E-01  0.813801E+07  0.809198E+07 -0.147966E+03  0.000000E+00  0.238980E+07  0.750398E+07  0.525999E+00  0.810663E+07
  0.355018E-01  0.741577E+07  0.736914E+07 -0.945562E+02  0.000000E+00  0.198255E+07  0.666784E+07  0.525967E+00  0.738563E+07
  0.392010E-01  0.673753E+07  0.669211E+07 -0.763997E+02  0.000000E+00  0.163268E+07  0.586777E+07  0.525937E+00  0.670896E+07
  0.432857E-01  0.611947E+07  0.607732E+07 -0.770915E+02  0.000000E+00  0.133840E+07  0.512222E+07  0.525909E+00  0.609277E+07
  0.476142E-01  0.559284E+07  0.555572E+07  0.000000E+00  0.000000E+00  0.110395E+07  0.446453E+07  0.525883E+00  0.556815E+07
  0.519428E-01  0.517803E+07  0.514675E+07  0.000000E+00  0.000000E+00  0.927584E+06  0.392274E+07  0.525862E+00  0.515526E+07
  0.562714E-01  0.484064E+07  0.481518E+07  0.000000E+00  0.000000E+00  0.790921E+06  0.346452E+07  0.525844E+00  0.481962E+07
  0.605999E-01  0.455425E+07  0.453387E+07  0.000000E+00  0.000000E+00  0.681766E+06  0.306642E+07  0.525828E+00  0.453477E+07
  0.649285E-01  0.429911E+07  0.428258E+07  0.000000E+00  0.000000E+00  0.592012E+06  0.271308E+07  0.525814E+00  0.428092E+07
  0.692571E-01  0.405907E+07  0.404497E+07  0.000000E+00  0.000000E+00  0.516066E+06  0.239266E+07  0.525802E+00  0.404196E+07
  0.735856E-01  0.382248E+07  0.380941E+07  0.000000E+00  0.000000E+00  0.450177E+06  0.209840E+07  0.525792E+00  0.380624E+07
  0.779142E-01  0.358980E+07  0.357663E+07  0.000000E+00  0.000000E+00  0.392817E+06  0.183044E+07  0.525782E+00  0.357429E+07
  0.822428E-01  0.335792E+07  0.334390E+07  0.000000E+00  0.000000E+00  0.342369E+06  0.158672E+07  0.525774E+00  0.334304E+07
  0.865713E-01  0.313546E+07  0.312029E+07  0.000000E+00  0.000000E+00  0.338814E+06  0.137051E+07  0.525782E+00  0.312132E+07
  0.908999E-01  0.292784E+07  0.291164E+07  0.000000E+00  0.000000E+00  0.297564E+06  0.118179E+07  0.525775E+00  0.291424E+07
  0.973814E-01  0.265452E+07  0.263765E+07  0.000000E+00  0.000000E+00  0.247061E+06  0.948856E+06  0.525765E+00  0.264175E+07
  0.103863E+00  0.243599E+07  0.241987E+07  0.000000E+00  0.000000E+00  0.208504E+06  0.769567E+06  0.525757E+00  0.242410E+07
  0.110344E+00  0.227254E+07  0.225843E+07  0.000000E+00  0.000000E+00  0.179574E+06  0.633734E+06  0.525749E+00  0.226153E+07
  0.116826E+00  0.214887E+07  0.213733E+07  0.000000E+00  0.000000E+00  0.157305E+06  0.528640E+06  0.525743E+00  0.213869E+07
  0.123307E+00  0.204385E+07  0.203468E+07  0.000000E+00  0.000000E+00  0.139039E+06  0.443494E+06  0.525737E+00  0.203440E+07
  0.129789E+00  0.194186E+07  0.193427E+07  0.000000E+00  0.000000E+00  0.123107E+06  0.371749E+06  0.525732E+00  0.193302E+07
  0.136270E+00  0.183458E+07  0.182759E+07  0.000000E+00  0.000000E+00  0.108665E+06  0.310049E+06  0.525727E+00  0.182623E+07
  0.142752E+00  0.172055E+07  0.171333E+07  0.000000E+00  0.000000E+00  0.954400E+05  0.256953E+06  0.525723E+00  0.171258E+07
  0.149233E+00  0.160539E+07  0.159757E+07  0.000000E+00  0.000000E+00  0.835832E+05  0.212131E+06  0.525720E+00  0.159777E+07
  0.155715E+00  0.149816E+07  0.148981E+07  0.000000E+00  0.000000E+00  0.733636E+05  0.175396E+06  0.525716E+00  0.149086E+07
  0.162197E+00  0.140581E+07  0.139734E+07  0.000000E+00  0.000000E+00  0.648791E+05  0.146079E+06  0.525713E+00  0.139884E+07
  0.168678E+00  0.133088E+07  0.132282E+07  0.000000E+00  0.000000E+00  0.579958E+05  0.122970E+06  0.525711E+00  0.132426E+07
  0.175160E+00  0.127171E+07  0.126446E+07  0.000000E+00  0.000000E+00  0.524201E+05  0.104674E+06  0.525708E+00  0.126544E+07
  0.181641E+00  0.122339E+07  0.121711E+07  0.000000E+00  0.000000E+00  0.477799E+05  0.898896E+05  0.525706E+00  0.121746E+07
  0.188123E+00  0.117961E+07  0.117419E+07  0.000000E+00  0.000000E+00  0.437166E+05  0.775091E+05  0.525704E+00  0.117398E+07
  0.194604E+00  0.113508E+07  0.113022E+07  0.000000E+00  0.000000E+00  0.399732E+05  0.668380E+05  0.525702E+00  0.112971E+07
  0.201086E+00  0.108725E+07  0.108261E+07  0.000000E+00  0.000000E+00  0.364313E+05  0.574746E+05  0.525700E+00  0.108210E+07
  0.207567E+00  0.103663E+07  0.103193E+07  0.000000E+00  0.000000E+00  0.330909E+05  0.492963E+05  0.525698E+00  0.103167E+07
  0.214049E+00  0.985914E+06  0.981035E+06  0.000000E+00  0.000000E+00  0.300179E+05  0.422557E+05  0.525697E+00  0.981129E+06
  0.220530E+00  0.938344E+06  0.933330E+06  0.000000E+00  0.000000E+00  0.272810E+05  0.363142E+05  0.525695E+00  0.933727E+06
  0.227012E+00  0.896239E+06  0.891237E+06  0.000000E+00  0.000000E+00  0.249096E+05  0.313844E+05  0.525694E+00  0.891791E+06
  0.233493E+00  0.860468E+06  0.855661E+06  0.000000E+00  0.000000E+00  0.228871E+05  0.273132E+05  0.525693E+00  0.856192E+06
  0.239975E+00  0.830452E+06  0.825980E+06  0.000000E+00  0.000000E+00  0.211606E+05  0.239377E+05  0.525691E+00  0.826347E+06
  0.246456E+00  0.804342E+06  0.800258E+06  0.000000E+00  0.000000E+00  0.196531E+05  0.210953E+05  0.525690E+00  0.800402E+06
  0.252938E+00  0.779851E+06  0.776115E+06  0.000000E+00  0.000000E+00  0.182882E+05  0.186424E+05  0.525689E+00  0.776062E+06
  0.259419E+00  0.755284E+06  0.751793E+06  0.000000E+00  0.000000E+00  0.170139E+05  0.164829E+05  0.525688E+00  0.751631E+06
  0.265901E+00  0.729863E+06  0.726495E+06  0.000000E+00  0.000000E+00  0.158059E+05  0.145642E+05  0.525687E+00  0.726331E+06
  0.272382E+00  0.703650E+06  0.700310E+06  0.000000E+00  0.000000E+00  0.146607E+05  0.128598E+05  0.525687E+00  0.700229E+06
  0.278864E+00  0.677505E+06  0.674146E+06  0.000000E+00  0.000000E+00  0.135911E+05  0.113587E+05  0.525686E+00  0.674186E+06
  0.285345E+00  0.652637E+06  0.649268E+06  0.000000E+00  0.000000E+00  0.126146E+05  0.100534E+05  0.525685E+00  0.649417E+06
  0.291827E+00  0.629932E+06  0.626603E+06  0.000000E+00  0.000000E+00  0.117400E+05  0.892920E+04  0.525684E+00  0.626811E+06
  0.298308E+00  0.609699E+06  0.606470E+06  0.000000E+00  0.000000E+00  0.109637E+05  0.796429E+04  0.525684E+00  0.606674E+06
  0.304790E+00  0.591723E+06  0.588645E+06  0.000000E+00  0.000000E+00  0.102736E+05  0.713314E+04  0.525683E+00  0.588795E+06
  0.311271E+00  0.575380E+06  0.572471E+06  0.000000E+00  0.000000E+00  0.965146E+04  0.640980E+04  0.525683E+00  0.572545E+06
  0.317753E+00  0.559901E+06  0.557149E+06  0.000000E+00  0.000000E+00  0.907914E+04  0.577173E+04  0.525682E+00  0.557153E+06
  0.324234E+00  0.544678E+06  0.542049E+06  0.000000E+00  0.000000E+00  0.854314E+04  0.520231E+04  0.525681E+00  0.542011E+06
  0.330716E+00  0.529387E+06  0.526839E+06  0.000000E+00  0.000000E+00  0.803588E+04  0.469061E+04  0.525681E+00  0.526795E+06
  0.337197E+00  0.514019E+06  0.511516E+06  0.000000E+00  0.000000E+00  0.755528E+04  0.423013E+04  0.525680E+00  0.511496E+06
  0.343679E+00  0.498846E+06  0.496369E+06  0.000000E+00  0.000000E+00  0.710354E+04  0.381745E+04  0.525680E+00  0.496390E+06
  0.350160E+00  0.484248E+06  0.481797E+06  0.000000E+00  0.000000E+00  0.668393E+04  0.345009E+04  0.525680E+00  0.481855E+06
  0.356642E+00  0.470528E+06  0.468116E+06  0.000000E+00  0.000000E+00  0.629825E+04  0.312494E+04  0.525679E+00  0.468198E+06
  0.363123E+00  0.457834E+06  0.455482E+06  0.000000E+00  0.000000E+00  0.594595E+04  0.283781E+04  0.525679E+00  0.455565E+06
  0.369605E+00  0.446124E+06  0.443848E+06  0.000000E+00  0.000000E+00  0.562406E+04  0.258343E+04  0.525678E+00  0.443914E+06
  0.376086E+00  0.435184E+06  0.432992E+06  0.000000E+00  0.000000E+00  0.532775E+04  0.235636E+04  0.525678E+00  0.433033E+06
  0.382568E+00  0.424748E+06  0.422636E+06  0.000000E+00  0.000000E+00  0.505202E+04  0.215244E+04  0.525678E+00  0.422652E+06
  0.389049E+00  0.414593E+06  0.412550E+06  0.000000E+00  0.000000E+00  0.479291E+04  0.196882E+04  0.525677E+00  0.412549E+06
  0.395531E+00  0.404585E+06  0.402596E+06  0.000000E+00  0.000000E+00  0.454782E+04  0.180251E+04  0.525677E+00  0.402591E+06
  0.402012E+00  0.394699E+06  0.392751E+06  0.000000E+00  0.000000E+00  0.431564E+04  0.165061E+04  0.525677E+00  0.392751E+06
  0.408494E+00  0.385010E+06  0.383095E+06  0.000000E+00  0.000000E+00  0.409640E+04  0.151258E+04  0.525676E+00  0.383108E+06
  0.414975E+00  0.375628E+06  0.373743E+06  0.000000E+00  0.000000E+00  0.389044E+04  0.138838E+04  0.525676E+00  0.373769E+06
  0.421457E+00  0.366648E+06  0.364797E+06  0.000000E+00  0.000000E+00  0.369794E+04  0.127561E+04  0.525676E+00  0.364831E+06
  0.427938E+00  0.358133E+06  0.356321E+06  0.000000E+00  0.000000E+00  0.351867E+04  0.117352E+04  0.525676E+00  0.356358E+06
  0.434420E+00  0.350084E+06  0.348317E+06  0.000000E+00  0.000000E+00  0.335181E+04  0.108213E+04  0.525675E+00  0.348349E+06
  0.440901E+00  0.342433E+06  0.340713E+06  0.000000E+00  0.000000E+00  0.319596E+04  0.998509E+03  0.525675E+00  0.340737E+06
  0.447383E+00  0.335086E+06  0.333412E+06  0.000000E+00  0.000000E+00  0.304958E+04  0.922882E+03  0.525675E+00  0.333427E+06
  0.453865E+00  0.327962E+06  0.326331E+06  0.000000E+00  0.000000E+00  0.291142E+04  0.853806E+03  0.525675E+00  0.326340E+06
  0.460346E+00  0.321009E+06  0.319415E+06  0.000000E+00  0.000000E+00  0.278053E+04  0.790206E+03  0.525674E+00  0.319421E+06
  0.466828E+00  0.314202E+06  0.312640E+06  0.000000E+00  0.000000E+00  0.265630E+04  0.732394E+03  0.525674E+00  0.312646E+06
  0.473309E+00  0.307551E+06  0.306018E+06  0.000000E+00  0.000000E+00  0.253845E+04  0.678719E+03  0.525674E+00  0.306027E+06
  0.479791E+00  0.301089E+06  0.299583E+06  0.000000E+00  0.000000E+00  0.242693E+04  0.630126E+03  0.525674E+00  0.299597E+06
  0.486272E+00  0.294850E+06  0.293371E+06  0.000000E+00  0.000000E+00  0.232162E+04  0.585017E+03  0.525674E+00  0.293388E+06
  0.492754E+00  0.288849E+06  0.287398E+06  0.000000E+00  0.000000E+00  0.222234E+04  0.544170E+03  0.525673E+00  0.287416E+06
  0.499235E+00  0.283084E+06  0.281662E+06  0.000000E+00  0.000000E+00  0.212872E+04  0.506401E+03  0.525673E+00  0.281679E+06
  0.505717E+00  0.277540E+06  0.276149E+06  0.000000E+00  0.000000E+00  0.204035E+04  0.471810E+03  0.525673E+00  0.276163E+06
  0.512198E+00  0.272191E+06  0.270830E+06  0.000000E+00  0.000000E+00  0.195678E+04  0.440191E+03  0.525673E+00  0.270841E+06
  0.518680E+00  0.267002E+06  0.265670E+06  0.000000E+00  0.000000E+00  0.187749E+04  0.410594E+03  0.525673E+00  0.265679E+06
  0.525161E+00  0.261946E+06  0.260640E+06  0.000000E+00  0.000000E+00  0.180208E+04  0.383760E+03  0.525673E+00  0.260648E+06
  0.531643E+00  0.257013E+06  0.255732E+06  0.000000E+00  0.000000E+00  0.173029E+04  0.358619E+03  0.525672E+00  0.255739E+06
  0.538124E+00  0.252205E+06  0.250947E+06  0.000000E+00  0.000000E+00  0.166196E+04  0.335289E+03  0.525672E+00  0.250954E+06
  0.544606E+00  0.247525E+06  0.246288E+06  0.000000E+00  0.000000E+00  0.159693E+04  0.314046E+03  0.525672E+00  0.246296E+06
  0.551087E+00  0.242975E+06  0.241760E+06  0.000000E+00  0.000000E+00  0.153507E+04  0.294101E+03  0.525672E+00  0.241769E+06
  0.557569E+00  0.238566E+06  0.237372E+06  0.000000E+00  0.000000E+00  0.147627E+04  0.275527E+03  0.525672E+00  0.237382E+06
  0.564050E+00  0.234299E+06  0.233126E+06  0.000000E+00  0.000000E+00  0.142040E+04  0.258609E+03  0.525672E+00  0.233136E+06
  0.570532E+00  0.230165E+06  0.229014E+06  0.000000E+00  0.000000E+00  0.136727E+04  0.242886E+03  0.525672E+00  0.229023E+06
  0.577013E+00  0.226152E+06  0.225021E+06  0.000000E+00  0.000000E+00  0.131667E+04  0.228068E+03  0.525672E+00  0.225029E+06
  0.583495E+00  0.222250E+06  0.221140E+06  0.000000E+00  0.000000E+00  0.126844E+04  0.214323E+03  0.525672E+00  0.221147E+06
  0.589976E+00  0.218452E+06  0.217362E+06  0.000000E+00  0.000000E+00  0.122241E+04  0.201698E+03  0.525671E+00  0.217368E+06
  0.596458E+00  0.214748E+06  0.213676E+06  0.000000E+00  0.000000E+00  0.117844E+04  0.189964E+03  0.525671E+00  0.213682E+06
  0.602939E+00  0.211132E+06  0.210078E+06  0.000000E+00  0.000000E+00  0.113640E+04  0.178912E+03  0.525671E+00  0.210084E+06
  0.609421E+00  0.207606E+06  0.206568E+06  0.000000E+00  0.000000E+00  0.109622E+04  0.168523E+03  0.525671E+00  0.206574E+06
  0.615902E+00  0.204172E+06  0.203151E+06  0.000000E+00  0.000000E+00  0.105782E+04  0.158841E+03  0.525671E+00  0.203158E+06
  0.622384E+00  0.200829E+06  0.199825E+06  0.000000E+00  0.000000E+00  0.102112E+04  0.149861E+03  0.525671E+00  0.199831E+06
  0.628865E+00  0.197574E+06  0.196586E+06  0.000000E+00  0.000000E+00  0.986031E+03  0.141519E+03  0.525671E+00  0.196592E+06
  0.676473E+00  0.176063E+06  0.175184E+06  0.000000E+00  0.000000E+00  0.770194E+03  0.944020E+02  0.525670E+00  0.175188E+06
  0.727684E+00  0.156773E+06  0.155990E+06  0.000000E+00  0.000000E+00  0.600550E+03  0.628597E+02  0.525670E+00  0.155994E+06
  0.782773E+00  0.139502E+06  0.138805E+06  0.000000E+00  0.000000E+00  0.467518E+03  0.417927E+02  0.525669E+00  0.138808E+06
  0.842032E+00  0.124051E+06  0.123432E+06  0.000000E+00  0.000000E+00  0.363391E+03  0.277598E+02  0.525669E+00  0.123434E+06
  0.905776E+00  0.110244E+06  0.109694E+06  0.000000E+00  0.000000E+00  0.282042E+03  0.184489E+02  0.525668E+00  0.109696E+06
  0.974347E+00  0.979156E+05  0.974264E+05  0.000000E+00  0.000000E+00  0.218596E+03  0.122247E+02  0.525668E+00  0.974280E+05
  0.104811E+01  0.869150E+05  0.864808E+05  0.000000E+00  0.000000E+00  0.169194E+03  0.809459E+01  0.525668E+00  0.864821E+05
  0.105164E+01  0.864376E+05  0.860058E+05  0.000000E+00  0.000000E+00  0.167202E+03  0.794365E+01  0.525668E+00  0.860071E+05
  0.106221E+01  0.850336E+05  0.846088E+05  0.000000E+00  0.000000E+00  0.161417E+03  0.751300E+01  0.525668E+00  0.846100E+05
  0.107288E+01  0.836509E+05  0.832330E+05  0.000000E+00  0.000000E+00  0.155828E+03  0.711445E+01  0.525668E+00  0.832342E+05
  0.108367E+01  0.822898E+05  0.818787E+05  0.000000E+00  0.000000E+00  0.150428E+03  0.673001E+01  0.525668E+00  0.818799E+05
  0.109456E+01  0.809504E+05  0.805460E+05  0.000000E+00  0.000000E+00  0.145212E+03  0.633616E+01  0.525668E+00  0.805472E+05
  0.110556E+01  0.796313E+05  0.792335E+05  0.000000E+00  0.000000E+00  0.140173E+03  0.600588E+01  0.525668E+00  0.792346E+05
  0.111667E+01  0.783337E+05  0.779424E+05  0.000000E+00  0.000000E+00  0.135307E+03  0.566382E+01  0.525668E+00  0.779435E+05
  0.112789E+01  0.770559E+05  0.766709E+05  0.000000E+00  0.000000E+00  0.130606E+03  0.537182E+01  0.525668E+00  0.766720E+05
  0.113923E+01  0.757984E+05  0.754197E+05  0.000000E+00  0.000000E+00  0.126066E+03  0.505712E+01  0.525668E+00  0.754207E+05
  0.115068E+01  0.745606E+05  0.741881E+05  0.000000E+00  0.000000E+00  0.121680E+03  0.477447E+01  0.525667E+00  0.741891E+05
  0.116224E+01  0.733423E+05  0.729759E+05  0.000000E+00  0.000000E+00  0.117445E+03  0.451556E+01  0.525667E+00  0.729769E+05
  0.117392E+01  0.721435E+05  0.717830E+05  0.000000E+00  0.000000E+00  0.113355E+03  0.426745E+01  0.525667E+00  0.717840E+05
  0.118572E+01  0.709630E+05  0.706085E+05  0.000000E+00  0.000000E+00  0.109404E+03  0.402902E+01  0.525667E+00  0.706095E+05
  0.119764E+01  0.698019E+05  0.694531E+05  0.000000E+00  0.000000E+00  0.105589E+03  0.381502E+01  0.525667E+00  0.694541E+05
  0.120967E+01  0.686585E+05  0.683155E+05  0.000000E+00  0.000000E+00  0.101905E+03  0.361962E+01  0.525667E+00  0.683164E+05
  0.122183E+01  0.675337E+05  0.671963E+05  0.000000E+00  0.000000E+00  0.983477E+02  0.339989E+01  0.525667E+00  0.671972E+05
  0.123411E+01  0.664262E+05  0.660943E+05  0.000000E+00  0.000000E+00  0.949116E+02  0.323332E+01  0.525667E+00  0.660951E+05
  0.124651E+01  0.653366E+05  0.650102E+05  0.000000E+00  0.000000E+00  0.915942E+02  0.303983E+01  0.525667E+00  0.650110E+05
  0.125904E+01  0.642640E+05  0.639429E+05  0.000000E+00  0.000000E+00  0.883908E+02  0.286989E+01  0.525667E+00  0.639437E+05
  0.127170E+01  0.632085E+05  0.628927E+05  0.000000E+00  0.000000E+00  0.852974E+02  0.271770E+01  0.525667E+00  0.628935E+05
  0.128448E+01  0.621695E+05  0.618589E+05  0.000000E+00  0.000000E+00  0.823105E+02  0.256803E+01  0.525667E+00  0.618597E+05
  0.129739E+01  0.611472E+05  0.608417E+05  0.000000E+00  0.000000E+00  0.794264E+02  0.242147E+01  0.525667E+00  0.608425E+05
  0.131042E+01  0.601410E+05  0.598405E+05  0.000000E+00  0.000000E+00  0.766418E+02  0.228883E+01  0.525667E+00  0.598413E+05
  0.132359E+01  0.591509E+05  0.588553E+05  0.000000E+00  0.000000E+00  0.739533E+02  0.217725E+01  0.525667E+00  0.588561E+05
  0.133690E+01  0.581763E+05  0.578856E+05  0.000000E+00  0.000000E+00  0.713574E+02  0.204145E+01  0.525667E+00  0.578863E+05
  0.135033E+01  0.572173E+05  0.569314E+05  0.000000E+00  0.000000E+00  0.688514E+02  0.194409E+01  0.525667E+00  0.569322E+05
  0.136390E+01  0.562736E+05  0.559924E+05  0.000000E+00  0.000000E+00  0.664320E+02  0.183061E+01  0.525667E+00  0.559931E+05
  0.137761E+01  0.553450E+05  0.550684E+05  0.000000E+00  0.000000E+00  0.640965E+02  0.172342E+01  0.525667E+00  0.550691E+05
  0.139146E+01  0.544310E+05  0.541590E+05  0.000000E+00  0.000000E+00  0.618415E+02  0.162787E+01  0.525667E+00  0.541597E+05
  0.140544E+01  0.535319E+05  0.532644E+05  0.000000E+00  0.000000E+00  0.596648E+02  0.154201E+01  0.525667E+00  0.532650E+05
  0.141957E+01  0.526468E+05  0.523837E+05  0.000000E+00  0.000000E+00  0.575634E+02  0.146543E+01  0.525667E+00  0.523844E+05
  0.143383E+01  0.517763E+05  0.515176E+05  0.000000E+00  0.000000E+00  0.555355E+02  0.137433E+01  0.525667E+00  0.515182E+05
  0.144824E+01  0.509194E+05  0.506649E+05  0.000000E+00  0.000000E+00  0.535775E+02  0.130659E+01  0.525667E+00  0.506656E+05
  0.146280E+01  0.500765E+05  0.498262E+05  0.000000E+00  0.000000E+00  0.516878E+02  0.122388E+01  0.525667E+00  0.498268E+05
  0.147750E+01  0.492468E+05  0.490007E+05  0.000000E+00  0.000000E+00  0.498635E+02  0.115982E+01  0.525667E+00  0.490013E+05
  0.149235E+01  0.484307E+05  0.481887E+05  0.000000E+00  0.000000E+00  0.481030E+02  0.109816E+01  0.525667E+00  0.481893E+05
