  0.104811E-04  0.198547E+08  0.198547E+08  0.264592E+08  0.264588E+08  0.198572E+08  0.198546E+08  0.527452E+00  0.198547E+08
  0.115731E-04  0.198547E+08  0.198547E+08  0.264561E+08  0.264557E+08  0.198572E+08  0.198546E+08  0.527452E+00  0.198547E+08
  0.127790E-04  0.198547E+08  0.198547E+08  0.264524E+08  0.264519E+08  0.198572E+08  0.198546E+08  0.527452E+00  0.198547E+08
  0.141104E-04  0.198547E+08  0.198547E+08  0.264479E+08  0.264473E+08  0.198571E+08  0.198546E+08  0.527452E+00  0.198547E+08
  0.155806E-04  0.198547E+08  0.198547E+08  0.264424E+08  0.264416E+08  0.198571E+08  0.198546E+08  0.527452E+00  0.198547E+08
  0.172040E-04  0.198547E+08  0.198547E+08  0.264357E+08  0.264347E+08  0.198571E+08  0.198545E+08  0.527452E+00  0.198547E+08
  0.189965E-04  0.198547E+08  0.198547E+08  0.264276E+08  0.264264E+08  0.198570E+08  0.198545E+08  0.527452E+00  0.198547E+08
  0.209758E-04  0.198547E+08  0.198546E+08  0.264176E+08  0.264162E+08  0.198570E+08  0.198545E+08  0.527452E+00  0.198547E+08
  0.231613E-04  0.198546E+08  0.198546E+08  0.264055E+08  0.264037E+08  0.198569E+08  0.198545E+08  0.527452E+00  0.198546E+08
  0.255745E-04  0.198546E+08  0.198546E+08  0.263907E+08  0.263885E+08  0.198568E+08  0.198545E+08  0.527452E+00  0.198546E+08
  0.282391E-04  0.198546E+08  0.198546E+08  0.263727E+08  0.263700E+08  0.198568E+08  0.198544E+08  0.527451E+00  0.198546E+08
  0.311814E-04  0.198545E+08  0.198545E+08  0.263508E+08  0.263475E+08  0.198566E+08  0.198544E+08  0.527451E+00  0.198545E+08
  0.344302E-04  0.198545E+08  0.198545E+08  0.263241E+08  0.263201E+08  0.198565E+08  0.198543E+08  0.527451E+00  0.198545E+08
  0.380176E-04  0.198544E+08  0.198544E+08  0.262915E+08  0.262867E+08  0.198563E+08  0.198543E+08  0.527451E+00  0.198544E+08
  0.419787E-04  0.198543E+08  0.198543E+08  0.262519E+08  0.262460E+08  0.198561E+08  0.198542E+08  0.527450E+00  0.198544E+08
  0.463525E-04  0.198543E+08  0.198542E+08  0.262036E+08  0.261964E+08  0.198559E+08  0.198541E+08  0.527450E+00  0.198543E+08
  0.511821E-04  0.198541E+08  0.198541E+08  0.261449E+08  0.261361E+08  0.198556E+08  0.198540E+08  0.527449E+00  0.198542E+08
  0.565148E-04  0.198540E+08  0.198540E+08  0.260735E+08  0.260628E+08  0.198553E+08  0.198539E+08  0.527449E+00  0.198540E+08
  0.624032E-04  0.198539E+08  0.198538E+08  0.259866E+08  0.259736E+08  0.198548E+08  0.198537E+08  0.527448E+00  0.198539E+08
  0.689051E-04  0.198537E+08  0.198536E+08  0.258811E+08  0.258653E+08  0.198543E+08  0.198535E+08  0.527447E+00  0.198537E+08
  0.760844E-04  0.198534E+08  0.198534E+08  0.257529E+08  0.257338E+08  0.198536E+08  0.198533E+08  0.527446E+00  0.198534E+08
  0.840118E-04  0.198531E+08  0.198531E+08  0.255975E+08  0.255743E+08  0.198528E+08  0.198530E+08  0.527444E+00  0.198531E+08
  0.927651E-04  0.198528E+08  0.198527E+08  0.254091E+08  0.253810E+08  0.198519E+08  0.198526E+08  0.527442E+00  0.198528E+08
  0.102430E-03  0.198523E+08  0.198523E+08  0.251812E+08  0.251472E+08  0.198507E+08  0.198522E+08  0.527440E+00  0.198523E+08
  0.113103E-03  0.198518E+08  0.198517E+08  0.249059E+08  0.248647E+08  0.198493E+08  0.198517E+08  0.527438E+00  0.198518E+08
  0.124887E-03  0.198512E+08  0.198511E+08  0.245740E+08  0.245243E+08  0.198475E+08  0.198510E+08  0.527435E+00  0.198511E+08
  0.137899E-03  0.198504E+08  0.198503E+08  0.241748E+08  0.241149E+08  0.198454E+08  0.198502E+08  0.527431E+00  0.198503E+08
  0.152267E-03  0.198494E+08  0.198493E+08  0.236962E+08  0.236243E+08  0.198428E+08  0.198493E+08  0.527426E+00  0.198494E+08
  0.168132E-03  0.198483E+08  0.198481E+08  0.231245E+08  0.230385E+08  0.198396E+08  0.198481E+08  0.527421E+00  0.198482E+08
  0.185650E-03  0.198468E+08  0.198467E+08  0.224447E+08  0.223423E+08  0.198358E+08  0.198467E+08  0.527414E+00  0.198468E+08
  0.204994E-03  0.198451E+08  0.198449E+08  0.216409E+08  0.215196E+08  0.198311E+08  0.198450E+08  0.527406E+00  0.198450E+08
  0.226352E-03  0.198430E+08  0.198428E+08  0.206971E+08  0.205542E+08  0.198254E+08  0.198429E+08  0.527397E+00  0.198429E+08
  0.249936E-03  0.198405E+08  0.198402E+08  0.195982E+08  0.194311E+08  0.198185E+08  0.198404E+08  0.527386E+00  0.198404E+08
  0.275978E-03  0.198375E+08  0.198371E+08  0.183319E+08  0.181385E+08  0.198101E+08  0.198373E+08  0.527373E+00  0.198373E+08
  0.304732E-03  0.198338E+08  0.198333E+08  0.168916E+08  0.166703E+08  0.197999E+08  0.198336E+08  0.527358E+00  0.198336E+08
  0.336483E-03  0.198293E+08  0.198287E+08  0.152795E+08  0.150299E+08  0.197875E+08  0.198292E+08  0.527340E+00  0.198290E+08
  0.371542E-03  0.198239E+08  0.198232E+08  0.135109E+08  0.132344E+08  0.197725E+08  0.198238E+08  0.527320E+00  0.198236E+08
  0.410253E-03  0.198174E+08  0.198166E+08  0.116188E+08  0.113193E+08  0.197544E+08  0.198173E+08  0.527298E+00  0.198170E+08
  0.452998E-03  0.198096E+08  0.198087E+08  0.965777E+07  0.934238E+07  0.197324E+08  0.198095E+08  0.527273E+00  0.198092E+08
  0.500197E-03  0.198003E+08  0.197992E+08  0.770606E+07  0.738547E+07  0.197059E+08  0.198002E+08  0.527246E+00  0.197998E+08
  0.552313E-03  0.197892E+08  0.197879E+08  0.586251E+07  0.555102E+07  0.196741E+08  0.197891E+08  0.527218E+00  0.197885E+08
  0.609859E-03  0.197760E+08  0.197745E+08  0.423641E+07  0.395087E+07  0.196358E+08  0.197758E+08  0.527189E+00  0.197752E+08
  0.673402E-03  0.197603E+08  0.197586E+08  0.292748E+07  0.268490E+07  0.195898E+08  0.197602E+08  0.527161E+00  0.197593E+08
  0.743565E-03  0.197418E+08  0.197398E+08  0.199708E+07  0.181090E+07  0.195349E+08  0.197417E+08  0.527134E+00  0.197407E+08
  0.821038E-03  0.197201E+08  0.197179E+08  0.143821E+07  0.131367E+07  0.194694E+08  0.197200E+08  0.527109E+00  0.197187E+08
  0.906583E-03  0.196947E+08  0.196922E+08  0.116036E+07  0.109094E+07  0.193917E+08  0.196945E+08  0.527087E+00  0.196930E+08
  0.100104E-02  0.196650E+08  0.196622E+08  0.101072E+07  0.978118E+06  0.192998E+08  0.196649E+08  0.527067E+00  0.196630E+08
  0.110534E-02  0.196305E+08  0.196275E+08  0.842344E+06  0.822271E+06  0.191915E+08  0.196304E+08  0.527050E+00  0.196282E+08
  0.122051E-02  0.195905E+08  0.195873E+08  0.602503E+06  0.575090E+06  0.190645E+08  0.195903E+08  0.527032E+00  0.195878E+08
  0.134768E-02  0.195442E+08  0.195409E+08  0.365834E+06  0.324579E+06  0.189168E+08  0.195441E+08  0.527015E+00  0.195411E+08
  0.148809E-02  0.194909E+08  0.194875E+08  0.242672E+06  0.193931E+06  0.187467E+08  0.194907E+08  0.526997E+00  0.194872E+08
  0.164314E-02  0.194296E+08  0.194261E+08  0.223971E+06  0.000000E+00  0.185522E+08  0.194294E+08  0.526980E+00  0.194253E+08
  0.181434E-02  0.193593E+08  0.193558E+08  0.181291E+06  0.000000E+00  0.183317E+08  0.193592E+08  0.526962E+00  0.193544E+08
  0.200338E-02  0.192790E+08  0.192755E+08  0.847716E+05  0.000000E+00  0.180843E+08  0.192789E+08  0.526942E+00  0.192734E+08
  0.221212E-02  0.191876E+08  0.191841E+08  0.516594E+05  0.000000E+00  0.178091E+08  0.191874E+08  0.526922E+00  0.191812E+08
  0.244260E-02  0.190838E+08  0.190803E+08  0.616135E+05  0.000000E+00  0.175061E+08  0.190837E+08  0.526900E+00  0.190766E+08
  0.269710E-02  0.189665E+08  0.189628E+08  0.239208E+05  0.000000E+00  0.171753E+08  0.189663E+08  0.526878E+00  0.189584E+08
  0.297811E-02  0.188343E+08  0.188304E+08  0.217743E+05  0.000000E+00  0.168168E+08  0.188342E+08  0.526855E+00  0.188252E+08
  0.328841E-02  0.186860E+08  0.186819E+08  0.100965E+05  0.000000E+00  0.164300E+08  0.186859E+08  0.526831E+00  0.186759E+08
  0.363103E-02  0.185202E+08  0.185159E+08  0.372455E+04  0.000000E+00  0.160141E+08  0.185201E+08  0.526806E+00  0.185090E+08
  0.400936E-02  0.183358E+08  0.183312E+08 -0.487805E+04  0.000000E+00  0.155679E+08  0.183356E+08  0.526780E+00  0.183234E+08
  0.442710E-02  0.181312E+08  0.181263E+08  0.191929E+04  0.000000E+00  0.150902E+08  0.181311E+08  0.526752E+00  0.181176E+08
  0.488837E-02  0.179052E+08  0.178999E+08 -0.798707E+03  0.000000E+00  0.145822E+08  0.179051E+08  0.526724E+00  0.178904E+08
  0.539769E-02  0.176565E+08  0.176506E+08 -0.364355E+04  0.000000E+00  0.140434E+08  0.176564E+08  0.526694E+00  0.176404E+08
  0.596009E-02  0.173841E+08  0.173776E+08 -0.217098E+04  0.000000E+00  0.134477E+08  0.173839E+08  0.526661E+00  0.173665E+08
  0.658108E-02  0.170857E+08  0.170785E+08 -0.248061E+04  0.000000E+00  0.128330E+08  0.170856E+08  0.526626E+00  0.170667E+08
  0.726677E-02  0.167604E+08  0.167524E+08 -0.213399E+04  0.000000E+00  0.121864E+08  0.167602E+08  0.526590E+00  0.167399E+08
  0.802391E-02  0.164068E+08  0.163978E+08 -0.271066E+04  0.000000E+00  0.115175E+08  0.164067E+08  0.526552E+00  0.163848E+08
  0.885993E-02  0.160236E+08  0.160133E+08 -0.226365E+04  0.000000E+00  0.108333E+08  0.160234E+08  0.526514E+00  0.160001E+08
  0.978307E-02  0.156094E+08  0.155977E+08 -0.154879E+04  0.000000E+00  0.101321E+08  0.156093E+08  0.526475E+00  0.155845E+08
  0.108024E-01  0.151631E+08  0.151497E+08 -0.173363E+04  0.000000E+00  0.941535E+07  0.151630E+08  0.526434E+00  0.151368E+08
  0.119279E-01  0.146833E+08  0.146679E+08 -0.141323E+04  0.000000E+00  0.869042E+07  0.146832E+08  0.526393E+00  0.146557E+08
  0.131707E-01  0.141688E+08  0.141511E+08 -0.103747E+04  0.000000E+00  0.796612E+07  0.141687E+08  0.526351E+00  0.141400E+08
  0.145430E-01  0.136188E+08  0.135984E+08 -0.100623E+04  0.000000E+00  0.724546E+07  0.136186E+08  0.526310E+00  0.135888E+08
  0.160582E-01  0.130326E+08  0.130093E+08 -0.847073E+03  0.000000E+00  0.653361E+07  0.130324E+08  0.526268E+00  0.130016E+08
  0.177313E-01  0.124238E+08  0.123972E+08 -0.599413E+03  0.000000E+00  0.584608E+07  0.124237E+08  0.526226E+00  0.123920E+08
  0.195788E-01  0.117694E+08  0.117392E+08 -0.554181E+03  0.000000E+00  0.517570E+07  0.117692E+08  0.526186E+00  0.117369E+08
  0.216188E-01  0.110829E+08  0.110490E+08 -0.313801E+03  0.000000E+00  0.453562E+07  0.110827E+08  0.526146E+00  0.110501E+08
  0.238713E-01  0.103591E+08  0.103215E+08 -0.312590E+03  0.000000E+00  0.392787E+07  0.103589E+08  0.526107E+00  0.103261E+08
  0.263584E-01  0.962276E+07  0.958166E+07 -0.236520E+03  0.000000E+00  0.336598E+07  0.962252E+07  0.526070E+00  0.959001E+07
  0.291048E-01  0.888248E+07  0.883844E+07 -0.162306E+03  0.000000E+00  0.285373E+07  0.888220E+07  0.526034E+00  0.885023E+07
  0.321372E-01  0.814144E+07  0.809541E+07 -0.149470E+03  0.000000E+00  0.239180E+07  0.814110E+07  0.526000E+00  0.811005E+07
  0.354857E-01  0.741910E+07  0.737247E+07 -0.955631E+02  0.000000E+00  0.198431E+07  0.741869E+07  0.525967E+00  0.738895E+07
  0.391830E-01  0.674067E+07  0.669524E+07 -0.751858E+02  0.000000E+00  0.163421E+07  0.674016E+07  0.525937E+00  0.671208E+07
  0.432655E-01  0.612232E+07  0.608015E+07 -0.752062E+02  0.000000E+00  0.133968E+07  0.612168E+07  0.525909E+00  0.609561E+07
  0.475921E-01  0.559529E+07  0.555815E+07  0.000000E+00  0.000000E+00  0.110499E+07  0.559448E+07  0.525884E+00  0.557060E+07
  0.519186E-01  0.518019E+07  0.514888E+07  0.000000E+00  0.000000E+00  0.928461E+06  0.517916E+07  0.525862E+00  0.515741E+07
  0.562452E-01  0.484263E+07  0.481713E+07  0.000000E+00  0.000000E+00  0.791676E+06  0.484134E+07  0.525844E+00  0.482160E+07
  0.605717E-01  0.455613E+07  0.453571E+07  0.000000E+00  0.000000E+00  0.682428E+06  0.455455E+07  0.525828E+00  0.453663E+07
  0.648983E-01  0.430092E+07  0.428437E+07  0.000000E+00  0.000000E+00  0.592599E+06  0.429900E+07  0.525815E+00  0.428272E+07
  0.692249E-01  0.406092E+07  0.404681E+07  0.000000E+00  0.000000E+00  0.516603E+06  0.405862E+07  0.525803E+00  0.404380E+07
  0.735514E-01  0.382444E+07  0.381137E+07  0.000000E+00  0.000000E+00  0.450676E+06  0.382171E+07  0.525792E+00  0.380820E+07
  0.778780E-01  0.359186E+07  0.357870E+07  0.000000E+00  0.000000E+00  0.393280E+06  0.358867E+07  0.525783E+00  0.357634E+07
  0.822045E-01  0.336002E+07  0.334601E+07  0.000000E+00  0.000000E+00  0.342794E+06  0.335633E+07  0.525775E+00  0.334513E+07
  0.865311E-01  0.313753E+07  0.312237E+07  0.000000E+00  0.000000E+00  0.339236E+06  0.313332E+07  0.525783E+00  0.312339E+07
  0.908576E-01  0.292985E+07  0.291366E+07  0.000000E+00  0.000000E+00  0.297944E+06  0.292508E+07  0.525775E+00  0.291625E+07
  0.973396E-01  0.265621E+07  0.263934E+07  0.000000E+00  0.000000E+00  0.247357E+06  0.265056E+07  0.525766E+00  0.264344E+07
  0.103822E+00  0.243727E+07  0.242115E+07  0.000000E+00  0.000000E+00  0.208724E+06  0.243066E+07  0.525758E+00  0.242538E+07
  0.110304E+00  0.227346E+07  0.225933E+07  0.000000E+00  0.000000E+00  0.179735E+06  0.226582E+07  0.525750E+00  0.226244E+07
  0.116786E+00  0.214961E+07  0.213806E+07  0.000000E+00  0.000000E+00  0.157433E+06  0.214087E+07  0.525744E+00  0.213942E+07
  0.123268E+00  0.204454E+07  0.203535E+07  0.000000E+00  0.000000E+00  0.139148E+06  0.203465E+07  0.525738E+00  0.203508E+07
  0.129750E+00  0.194253E+07  0.193494E+07  0.000000E+00  0.000000E+00  0.123201E+06  0.193149E+07  0.525733E+00  0.193369E+07
  0.136232E+00  0.183527E+07  0.182828E+07  0.000000E+00  0.000000E+00  0.108749E+06  0.182311E+07  0.525729E+00  0.182691E+07
  0.142714E+00  0.172128E+07  0.171406E+07  0.000000E+00  0.000000E+00  0.955172E+05  0.170808E+07  0.525725E+00  0.171331E+07
  0.149196E+00  0.160609E+07  0.159827E+07  0.000000E+00  0.000000E+00  0.836501E+05  0.159194E+07  0.525721E+00  0.159846E+07
  0.155678E+00  0.149876E+07  0.149041E+07  0.000000E+00  0.000000E+00  0.734189E+05  0.148372E+07  0.525718E+00  0.149146E+07
  0.162160E+00  0.140631E+07  0.139784E+07  0.000000E+00  0.000000E+00  0.649239E+05  0.139040E+07  0.525715E+00  0.139934E+07
  0.168642E+00  0.133128E+07  0.132322E+07  0.000000E+00  0.000000E+00  0.580320E+05  0.131445E+07  0.525712E+00  0.132466E+07
  0.175124E+00  0.127202E+07  0.126477E+07  0.000000E+00  0.000000E+00  0.524493E+05  0.125419E+07  0.525710E+00  0.126576E+07
  0.181606E+00  0.122366E+07  0.121737E+07  0.000000E+00  0.000000E+00  0.478043E+05  0.120471E+07  0.525708E+00  0.121773E+07
  0.188088E+00  0.117986E+07  0.117443E+07  0.000000E+00  0.000000E+00  0.437382E+05  0.115972E+07  0.525705E+00  0.117423E+07
  0.194570E+00  0.113534E+07  0.113048E+07  0.000000E+00  0.000000E+00  0.399933E+05  0.111398E+07  0.525704E+00  0.112997E+07
  0.201052E+00  0.108753E+07  0.108289E+07  0.000000E+00  0.000000E+00  0.364501E+05  0.106497E+07  0.525702E+00  0.108238E+07
  0.207534E+00  0.103691E+07  0.103221E+07  0.000000E+00  0.000000E+00  0.331082E+05  0.101322E+07  0.525700E+00  0.103196E+07
  0.214016E+00  0.986179E+06  0.981302E+06  0.000000E+00  0.000000E+00  0.300332E+05  0.961409E+06  0.525699E+00  0.981393E+06
  0.220498E+00  0.938582E+06  0.933567E+06  0.000000E+00  0.000000E+00  0.272943E+05  0.912768E+06  0.525697E+00  0.933963E+06
  0.226980E+00  0.896445E+06  0.891443E+06  0.000000E+00  0.000000E+00  0.249209E+05  0.869579E+06  0.525696E+00  0.891996E+06
  0.233462E+00  0.860639E+06  0.855831E+06  0.000000E+00  0.000000E+00  0.228966E+05  0.832676E+06  0.525695E+00  0.856363E+06
  0.239944E+00  0.830593E+06  0.826119E+06  0.000000E+00  0.000000E+00  0.211686E+05  0.801465E+06  0.525693E+00  0.826488E+06
  0.246426E+00  0.804470E+06  0.800384E+06  0.000000E+00  0.000000E+00  0.196601E+05  0.774120E+06  0.525692E+00  0.800529E+06
  0.252908E+00  0.779975E+06  0.776238E+06  0.000000E+00  0.000000E+00  0.182946E+05  0.748386E+06  0.525691E+00  0.776186E+06
  0.259390E+00  0.755405E+06  0.751913E+06  0.000000E+00  0.000000E+00  0.170198E+05  0.722602E+06  0.525690E+00  0.751752E+06
  0.265872E+00  0.729984E+06  0.726616E+06  0.000000E+00  0.000000E+00  0.158113E+05  0.696027E+06  0.525690E+00  0.726452E+06
  0.272354E+00  0.703776E+06  0.700435E+06  0.000000E+00  0.000000E+00  0.146658E+05  0.668742E+06  0.525689E+00  0.700353E+06
  0.278836E+00  0.677626E+06  0.674266E+06  0.000000E+00  0.000000E+00  0.135957E+05  0.641584E+06  0.525688E+00  0.674306E+06
  0.285318E+00  0.652744E+06  0.649375E+06  0.000000E+00  0.000000E+00  0.126187E+05  0.615726E+06  0.525687E+00  0.649524E+06
  0.291800E+00  0.630027E+06  0.626698E+06  0.000000E+00  0.000000E+00  0.117435E+05  0.592023E+06  0.525687E+00  0.626905E+06
  0.298282E+00  0.609783E+06  0.606554E+06  0.000000E+00  0.000000E+00  0.109669E+05  0.570757E+06  0.525686E+00  0.606758E+06
  0.304764E+00  0.591798E+06  0.588719E+06  0.000000E+00  0.000000E+00  0.102764E+05  0.551700E+06  0.525685E+00  0.588870E+06
  0.311246E+00  0.575448E+06  0.572538E+06  0.000000E+00  0.000000E+00  0.965392E+04  0.534242E+06  0.525685E+00  0.572612E+06
  0.317728E+00  0.559965E+06  0.557213E+06  0.000000E+00  0.000000E+00  0.908139E+04  0.517641E+06  0.525684E+00  0.557217E+06
  0.324210E+00  0.544740E+06  0.542111E+06  0.000000E+00  0.000000E+00  0.854520E+04  0.501325E+06  0.525684E+00  0.542072E+06
  0.330692E+00  0.529448E+06  0.526900E+06  0.000000E+00  0.000000E+00  0.803780E+04  0.485001E+06  0.525683E+00  0.526856E+06
  0.337174E+00  0.514078E+06  0.511575E+06  0.000000E+00  0.000000E+00  0.755706E+04  0.468673E+06  0.525683E+00  0.511556E+06
  0.343656E+00  0.498903E+06  0.496425E+06  0.000000E+00  0.000000E+00  0.710516E+04  0.452608E+06  0.525682E+00  0.496446E+06
  0.350138E+00  0.484301E+06  0.481850E+06  0.000000E+00  0.000000E+00  0.668540E+04  0.437159E+06  0.525682E+00  0.481908E+06
  0.356620E+00  0.470577E+06  0.468165E+06  0.000000E+00  0.000000E+00  0.629958E+04  0.422597E+06  0.525681E+00  0.468246E+06
  0.363102E+00  0.457878E+06  0.455525E+06  0.000000E+00  0.000000E+00  0.594713E+04  0.409039E+06  0.525681E+00  0.455608E+06
  0.369585E+00  0.446163E+06  0.443886E+06  0.000000E+00  0.000000E+00  0.562510E+04  0.396431E+06  0.525680E+00  0.443953E+06
  0.376067E+00  0.435221E+06  0.433028E+06  0.000000E+00  0.000000E+00  0.532870E+04  0.384572E+06  0.525680E+00  0.433070E+06
  0.382549E+00  0.424783E+06  0.422671E+06  0.000000E+00  0.000000E+00  0.505290E+04  0.373221E+06  0.525680E+00  0.422687E+06
  0.389031E+00  0.414626E+06  0.412583E+06  0.000000E+00  0.000000E+00  0.479371E+04  0.362185E+06  0.525679E+00  0.412582E+06
  0.395513E+00  0.404616E+06  0.402627E+06  0.000000E+00  0.000000E+00  0.454855E+04  0.351352E+06  0.525679E+00  0.402622E+06
  0.401995E+00  0.394729E+06  0.392781E+06  0.000000E+00  0.000000E+00  0.431632E+04  0.340701E+06  0.525679E+00  0.392782E+06
  0.408477E+00  0.385039E+06  0.383123E+06  0.000000E+00  0.000000E+00  0.409702E+04  0.330295E+06  0.525679E+00  0.383136E+06
  0.414959E+00  0.375654E+06  0.373769E+06  0.000000E+00  0.000000E+00  0.389101E+04  0.320220E+06  0.525678E+00  0.373795E+06
  0.421441E+00  0.366673E+06  0.364822E+06  0.000000E+00  0.000000E+00  0.369845E+04  0.310556E+06  0.525678E+00  0.364856E+06
  0.427923E+00  0.358156E+06  0.356344E+06  0.000000E+00  0.000000E+00  0.351914E+04  0.301355E+06  0.525678E+00  0.356381E+06
  0.434405E+00  0.350105E+06  0.348338E+06  0.000000E+00  0.000000E+00  0.335223E+04  0.292618E+06  0.525677E+00  0.348370E+06
  0.440887E+00  0.342453E+06  0.340732E+06  0.000000E+00  0.000000E+00  0.319634E+04  0.284286E+06  0.525677E+00  0.340756E+06
  0.447369E+00  0.335104E+06  0.333430E+06  0.000000E+00  0.000000E+00  0.304993E+04  0.276275E+06  0.525677E+00  0.333445E+06
  0.453851E+00  0.327980E+06  0.326348E+06  0.000000E+00  0.000000E+00  0.291174E+04  0.268511E+06  0.525677E+00  0.326357E+06
  0.460333E+00  0.321025E+06  0.319431E+06  0.000000E+00  0.000000E+00  0.278082E+04  0.260945E+06  0.525677E+00  0.319437E+06
  0.466815E+00  0.314217E+06  0.312655E+06  0.000000E+00  0.000000E+00  0.265657E+04  0.253558E+06  0.525676E+00  0.312662E+06
  0.473297E+00  0.307565E+06  0.306032E+06  0.000000E+00  0.000000E+00  0.253870E+04  0.246362E+06  0.525676E+00  0.306042E+06
  0.479779E+00  0.301102E+06  0.299596E+06  0.000000E+00  0.000000E+00  0.242715E+04  0.239385E+06  0.525676E+00  0.299610E+06
  0.486261E+00  0.294862E+06  0.293383E+06  0.000000E+00  0.000000E+00  0.232183E+04  0.232651E+06  0.525676E+00  0.293400E+06
  0.492743E+00  0.288860E+06  0.287409E+06  0.000000E+00  0.000000E+00  0.222252E+04  0.226167E+06  0.525676E+00  0.287427E+06
  0.499225E+00  0.283094E+06  0.281673E+06  0.000000E+00  0.000000E+00  0.212888E+04  0.219926E+06  0.525675E+00  0.281690E+06
  0.505707E+00  0.277549E+06  0.276158E+06  0.000000E+00  0.000000E+00  0.204050E+04  0.213913E+06  0.525675E+00  0.276173E+06
  0.512189E+00  0.272200E+06  0.270838E+06  0.000000E+00  0.000000E+00  0.195691E+04  0.208110E+06  0.525675E+00  0.270850E+06
  0.518671E+00  0.267011E+06  0.265678E+06  0.000000E+00  0.000000E+00  0.187762E+04  0.202488E+06  0.525675E+00  0.265687E+06
  0.525153E+00  0.261954E+06  0.260648E+06  0.000000E+00  0.000000E+00  0.180219E+04  0.197025E+06  0.525675E+00  0.260655E+06
  0.531635E+00  0.257020E+06  0.255739E+06  0.000000E+00  0.000000E+00  0.173039E+04  0.191710E+06  0.525675E+00  0.255746E+06
  0.538117E+00  0.252211E+06  0.250953E+06  0.000000E+00  0.000000E+00  0.166205E+04  0.186541E+06  0.525674E+00  0.250960E+06
  0.544599E+00  0.247530E+06  0.246293E+06  0.000000E+00  0.000000E+00  0.159701E+04  0.181519E+06  0.525674E+00  0.246302E+06
  0.551081E+00  0.242981E+06  0.241765E+06  0.000000E+00  0.000000E+00  0.153514E+04  0.176649E+06  0.525674E+00  0.241775E+06
  0.557563E+00  0.238571E+06  0.237377E+06  0.000000E+00  0.000000E+00  0.147633E+04  0.171935E+06  0.525674E+00  0.237387E+06
  0.564045E+00  0.234304E+06  0.233130E+06  0.000000E+00  0.000000E+00  0.142045E+04  0.167377E+06  0.525674E+00  0.233140E+06
  0.570527E+00  0.230169E+06  0.229017E+06  0.000000E+00  0.000000E+00  0.136732E+04  0.162963E+06  0.525674E+00  0.229026E+06
  0.577009E+00  0.226155E+06  0.225025E+06  0.000000E+00  0.000000E+00  0.131671E+04  0.158684E+06  0.525674E+00  0.225032E+06
  0.583491E+00  0.222253E+06  0.221143E+06  0.000000E+00  0.000000E+00  0.126847E+04  0.154531E+06  0.525674E+00  0.221150E+06
  0.589973E+00  0.218455E+06  0.217364E+06  0.000000E+00  0.000000E+00  0.122244E+04  0.150500E+06  0.525673E+00  0.217370E+06
  0.596455E+00  0.214750E+06  0.213678E+06  0.000000E+00  0.000000E+00  0.117847E+04  0.146582E+06  0.525673E+00  0.213684E+06
  0.602937E+00  0.211134E+06  0.210080E+06  0.000000E+00  0.000000E+00  0.113643E+04  0.142771E+06  0.525673E+00  0.210086E+06
  0.609419E+00  0.207607E+06  0.206570E+06  0.000000E+00  0.000000E+00  0.109623E+04  0.139064E+06  0.525673E+00  0.206576E+06
  0.615901E+00  0.204173E+06  0.203153E+06  0.000000E+00  0.000000E+00  0.105783E+04  0.135465E+06  0.525673E+00  0.203159E+06
  0.622383E+00  0.200830E+06  0.199826E+06  0.000000E+00  0.000000E+00  0.102113E+04  0.131971E+06  0.525673E+00  0.199832E+06
  0.628865E+00  0.197574E+06  0.196586E+06  0.000000E+00  0.000000E+00  0.986038E+03  0.128580E+06  0.525673E+00  0.196593E+06
  0.676473E+00  0.176064E+06  0.175184E+06  0.000000E+00  0.000000E+00  0.770199E+03  0.106454E+06  0.525672E+00  0.175189E+06
  0.727684E+00  0.156773E+06  0.155990E+06  0.000000E+00  0.000000E+00  0.600553E+03  0.872142E+05  0.525671E+00  0.155994E+06
  0.782773E+00  0.139502E+06  0.138805E+06  0.000000E+00  0.000000E+00  0.467520E+03  0.706626E+05  0.525671E+00  0.138808E+06
  0.842032E+00  0.124052E+06  0.123432E+06  0.000000E+00  0.000000E+00  0.363392E+03  0.565854E+05  0.525670E+00  0.123434E+06
  0.905777E+00  0.110244E+06  0.109694E+06  0.000000E+00  0.000000E+00  0.282042E+03  0.447637E+05  0.525670E+00  0.109696E+06
  0.974347E+00  0.979156E+05  0.974264E+05  0.000000E+00  0.000000E+00  0.218596E+03  0.349678E+05  0.525670E+00  0.974280E+05
  0.104811E+01  0.869149E+05  0.864808E+05  0.000000E+00  0.000000E+00  0.169194E+03  0.269665E+05  0.525669E+00  0.864820E+05
  0.105164E+01  0.864375E+05  0.860057E+05  0.000000E+00  0.000000E+00  0.167202E+03  0.266370E+05  0.525669E+00  0.860070E+05
  0.106221E+01  0.850335E+05  0.846087E+05  0.000000E+00  0.000000E+00  0.161418E+03  0.256773E+05  0.525669E+00  0.846099E+05
  0.107288E+01  0.836509E+05  0.832330E+05  0.000000E+00  0.000000E+00  0.155828E+03  0.247459E+05  0.525669E+00  0.832342E+05
  0.108367E+01  0.822897E+05  0.818786E+05  0.000000E+00  0.000000E+00  0.150428E+03  0.238424E+05  0.525669E+00  0.818798E+05
  0.109456E+01  0.809504E+05  0.805459E+05  0.000000E+00  0.000000E+00  0.145212E+03  0.229664E+05  0.525669E+00  0.805471E+05
  0.110556E+01  0.796313E+05  0.792334E+05  0.000000E+00  0.000000E+00  0.140173E+03  0.221171E+05  0.525669E+00  0.792346E+05
  0.111667E+01  0.783337E+05  0.779424E+05  0.000000E+00  0.000000E+00  0.135307E+03  0.212942E+05  0.525669E+00  0.779434E+05
  0.112789E+01  0.770558E+05  0.766708E+05  0.000000E+00  0.000000E+00  0.130606E+03  0.204969E+05  0.525669E+00  0.766719E+05
  0.113923E+01  0.757983E+05  0.754196E+05  0.000000E+00  0.000000E+00  0.126066E+03  0.197244E+05  0.525669E+00  0.754207E+05
  0.115068E+01  0.745606E+05  0.741881E+05  0.000000E+00  0.000000E+00  0.121680E+03  0.189768E+05  0.525669E+00  0.741891E+05
  0.116224E+01  0.733422E+05  0.729758E+05  0.000000E+00  0.000000E+00  0.117445E+03  0.182528E+05  0.525669E+00  0.729768E+05
  0.117392E+01  0.721434E+05  0.717830E+05  0.000000E+00  0.000000E+00  0.113355E+03  0.175525E+05  0.525669E+00  0.717840E+05
  0.118572E+01  0.709630E+05  0.706084E+05  0.000000E+00  0.000000E+00  0.109404E+03  0.168747E+05  0.525668E+00  0.706094E+05
  0.119764E+01  0.698018E+05  0.694531E+05  0.000000E+00  0.000000E+00  0.105589E+03  0.162194E+05  0.525668E+00  0.694540E+05
  0.120967E+01  0.686585E+05  0.683154E+05  0.000000E+00  0.000000E+00  0.101905E+03  0.155858E+05  0.525668E+00  0.683163E+05
  0.122183E+01  0.675336E+05  0.671962E+05  0.000000E+00  0.000000E+00  0.983477E+02  0.149733E+05  0.525668E+00  0.671971E+05
  0.123411E+01  0.664261E+05  0.660942E+05  0.000000E+00  0.000000E+00  0.949116E+02  0.143815E+05  0.525668E+00  0.660951E+05
  0.124651E+01  0.653365E+05  0.650101E+05  0.000000E+00  0.000000E+00  0.915943E+02  0.138098E+05  0.525668E+00  0.650109E+05
  0.125904E+01  0.642639E+05  0.639428E+05  0.000000E+00  0.000000E+00  0.883908E+02  0.132577E+05  0.525668E+00  0.639436E+05
  0.127170E+01  0.632084E+05  0.628926E+05  0.000000E+00  0.000000E+00  0.852974E+02  0.127248E+05  0.525668E+00  0.628935E+05
  0.128448E+01  0.621695E+05  0.618588E+05  0.000000E+00  0.000000E+00  0.823105E+02  0.122102E+05  0.525668E+00  0.618596E+05
  0.129739E+01  0.611472E+05  0.608416E+05  0.000000E+00  0.000000E+00  0.794264E+02  0.117138E+05  0.525668E+00  0.608424E+05
  0.131042E+01  0.601410E+05  0.598405E+05  0.000000E+00  0.000000E+00  0.766419E+02  0.112351E+05  0.525668E+00  0.598412E+05
  0.132359E+01  0.591508E+05  0.588552E+05  0.000000E+00  0.000000E+00  0.739533E+02  0.107734E+05  0.525668E+00  0.588560E+05
  0.133690E+01  0.581762E+05  0.578855E+05  0.000000E+00  0.000000E+00  0.713574E+02  0.103282E+05  0.525668E+00  0.578862E+05
  0.135033E+01  0.572173E+05  0.569314E+05  0.000000E+00  0.000000E+00  0.688514E+02  0.989924E+04  0.525668E+00  0.569321E+05
  0.136390E+01  0.562735E+05  0.559923E+05  0.000000E+00  0.000000E+00  0.664320E+02  0.948596E+04  0.525668E+00  0.559930E+05
  0.137761E+01  0.553449E+05  0.550684E+05  0.000000E+00  0.000000E+00  0.640964E+02  0.908781E+04  0.525668E+00  0.550691E+05
  0.139146E+01  0.544309E+05  0.541589E+05  0.000000E+00  0.000000E+00  0.618415E+02  0.870440E+04  0.525668E+00  0.541596E+05
  0.140544E+01  0.535318E+05  0.532643E+05  0.000000E+00  0.000000E+00  0.596649E+02  0.833544E+04  0.525668E+00  0.532650E+05
  0.141957E+01  0.526467E+05  0.523836E+05  0.000000E+00  0.000000E+00  0.575634E+02  0.798030E+04  0.525668E+00  0.523843E+05
  0.143383E+01  0.517762E+05  0.515175E+05  0.000000E+00  0.000000E+00  0.555354E+02  0.763866E+04  0.525668E+00  0.515182E+05
  0.144824E+01  0.509193E+05  0.506648E+05  0.000000E+00  0.000000E+00  0.535774E+02  0.730995E+04  0.525668E+00  0.506655E+05
  0.146280E+01  0.500764E+05  0.498261E+05  0.000000E+00  0.000000E+00  0.516876E+02  0.699395E+04  0.525668E+00  0.498268E+05
  0.147750E+01  0.492468E+05  0.490006E+05  0.000000E+00  0.000000E+00  0.498634E+02  0.669019E+04  0.525667E+00  0.490013E+05
  0.149235E+01  0.484306E+05  0.481886E+05  0.000000E+00  0.000000E+00  0.481029E+02  0.639831E+04  0.525667E+00  0.481892E+05
  0.150735E+01  0.476276E+05  0.473895E+05  0.000000E+00  0.000000E+00  0.464035E+02  0.611784E+04  0.525667E+00  0.473901E+05
  0.152250E+01  0.468372E+05  0.466031E+05  0.000000E+00  0.000000E+00  0.447632E+02  0.584842E+04  0.525667E+00  0.466037E+05
  0.153780E+01  0.460598E+05  0.458296E+05  0.000000E+00  0.000000E+00  0.431803E+02  0.558972E+04  0.525667E+00  0.458302E+05
  0.155325E+01  0.452947E+05  0.450683E+05  0.000000E+00  0.000000E+00  0.416525E+02  0.534136E+04  0.525667E+00  0.450689E+05
  0.156886E+01  0.445421E+05  0.443194E+05  0.000000E+00  0.000000E+00  0.401782E+02  0.510300E+04  0.525667E+00  0.443200E+05
  0.158463E+01  0.438013E+05  0.435824E+05  0.000000E+00  0.000000E+00  0.387548E+02  0.487428E+04  0.525667E+00  0.435829E+05
  0.160056E+01  0.430726E+05  0.428572E+05  0.000000E+00  0.000000E+00  0.373814E+02  0.465489E+04  0.525667E+00  0.428578E+05
  0.161664E+01  0.423558E+05  0.421441E+05  0.000000E+00  0.000000E+00  0.360564E+02  0.444455E+04  0.525667E+00  0.421447E+05
  0.163289E+01  0.416504E+05  0.414422E+05  0.000000E+00  0.000000E+00  0.347773E+02  0.424284E+04  0.525667E+00  0.414427E+05
  0.164930E+01  0.409565E+05  0.407517E+05  0.000000E+00  0.000000E+00  0.335433E+02  0.404952E+04  0.525667E+00  0.407523E+05
  0.166588E+01  0.402738E+05  0.400725E+05  0.000000E+00  0.000000E+00  0.323523E+02  0.386428E+04  0.525667E+00  0.400730E+05
  0.168262E+01  0.396021E+05  0.394041E+05  0.000000E+00  0.000000E+00  0.312031E+02  0.368682E+04  0.525667E+00  0.394046E+05
  0.169953E+01  0.389414E+05  0.387467E+05  0.000000E+00  0.000000E+00  0.300943E+02  0.351685E+04  0.525667E+00  0.387472E+05
  0.171661E+01  0.382912E+05  0.380998E+05  0.000000E+00  0.000000E+00  0.290243E+02  0.335410E+04  0.525667E+00  0.381003E+05
  0.173386E+01  0.376515E+05  0.374633E+05  0.000000E+00  0.000000E+00  0.279918E+02  0.319828E+04  0.525667E+00  0.374638E+05
  0.175129E+01  0.370224E+05  0.368373E+05  0.000000E+00  0.000000E+00  0.269957E+02  0.304918E+04  0.525667E+00  0.368378E+05
  0.176889E+01  0.364034E+05  0.362213E+05  0.000000E+00  0.000000E+00  0.260345E+02  0.290647E+04  0.525667E+00  0.362218E+05
  0.178667E+01  0.357943E+05  0.356153E+05  0.000000E+00  0.000000E+00  0.251070E+02  0.276993E+04  0.525667E+00  0.356158E+05
  0.180462E+01  0.351952E+05  0.350192E+05  0.000000E+00  0.000000E+00  0.242123E+02  0.263937E+04  0.525667E+00  0.350197E+05
  0.182276E+01  0.346059E+05  0.344328E+05  0.000000E+00  0.000000E+00  0.233491E+02  0.251454E+04  0.525667E+00  0.344333E+05
  0.184108E+01  0.340261E+05  0.338559E+05  0.000000E+00  0.000000E+00  0.225163E+02  0.239523E+04  0.525667E+00  0.338564E+05
  0.185958E+01  0.334558E+05  0.332884E+05  0.000000E+00  0.000000E+00  0.217128E+02  0.228117E+04  0.525667E+00  0.332889E+05
  0.187827E+01  0.328948E+05  0.327302E+05  0.000000E+00  0.000000E+00  0.209378E+02  0.217216E+04  0.525667E+00  0.327307E+05
  0.189715E+01  0.323429E+05  0.321811E+05  0.000000E+00  0.000000E+00  0.201898E+02  0.206804E+04  0.525667E+00  0.321816E+05
  0.191621E+01  0.318000E+05  0.316410E+05  0.000000E+00  0.000000E+00  0.194685E+02  0.196863E+04  0.525667E+00  0.316414E+05
  0.193547E+01  0.312661E+05  0.311097E+05  0.000000E+00  0.000000E+00  0.187726E+02  0.187365E+04  0.525667E+00  0.311102E+05
  0.195492E+01  0.307409E+05  0.305871E+05  0.000000E+00  0.000000E+00  0.181013E+02  0.178299E+04  0.525666E+00  0.305876E+05
  0.197457E+01  0.302242E+05  0.300729E+05  0.000000E+00  0.000000E+00  0.174537E+02  0.169647E+04  0.525666E+00  0.300734E+05
  0.199441E+01  0.297159E+05  0.295673E+05  0.000000E+00  0.000000E+00  0.168291E+02  0.161386E+04  0.525666E+00  0.295677E+05
  0.201446E+01  0.292160E+05  0.290699E+05  0.000000E+00  0.000000E+00  0.162266E+02  0.153508E+04  0.525666E+00  0.290703E+05
  0.203471E+01  0.287243E+05  0.285806E+05  0.000000E+00  0.000000E+00  0.156453E+02  0.145991E+04  0.525666E+00  0.285810E+05
  0.205515E+01  0.282406E+05  0.280992E+05  0.000000E+00  0.000000E+00  0.150847E+02  0.138820E+04  0.525666E+00  0.280997E+05
  0.207581E+01  0.277648E+05  0.276258E+05  0.000000E+00  0.000000E+00  0.145439E+02  0.131986E+04  0.525666E+00  0.276263E+05
  0.209667E+01  0.272968E+05  0.271602E+05  0.000000E+00  0.000000E+00  0.140223E+02  0.125466E+04  0.525666E+00  0.271606E+05
  0.211774E+01  0.268365E+05  0.267022E+05  0.000000E+00  0.000000E+00  0.135192E+02  0.119255E+04  0.525666E+00  0.267026E+05
  0.213903E+01  0.263837E+05  0.262517E+05  0.000000E+00  0.000000E+00  0.130340E+02  0.113333E+04  0.525666E+00  0.262521E+05
  0.216052E+01  0.259384E+05  0.258086E+05  0.000000E+00  0.000000E+00  0.125661E+02  0.107692E+04  0.525666E+00  0.258091E+05
  0.218224E+01  0.255004E+05  0.253728E+05  0.000000E+00  0.000000E+00  0.121147E+02  0.102318E+04  0.525666E+00  0.253732E+05
  0.220417E+01  0.250696E+05  0.249441E+05  0.000000E+00  0.000000E+00  0.116793E+02  0.971966E+03  0.525666E+00  0.249446E+05
  0.222632E+01  0.246459E+05  0.245225E+05  0.000000E+00  0.000000E+00  0.112595E+02  0.923225E+03  0.525666E+00  0.245230E+05
  0.224870E+01  0.242293E+05  0.241080E+05  0.000000E+00  0.000000E+00  0.108546E+02  0.876811E+03  0.525666E+00  0.241084E+05
  0.227130E+01  0.238195E+05  0.237002E+05  0.000000E+00  0.000000E+00  0.104641E+02  0.832604E+03  0.525666E+00  0.237006E+05
  0.229412E+01  0.234164E+05  0.232991E+05  0.000000E+00  0.000000E+00  0.100876E+02  0.790542E+03  0.525666E+00  0.232996E+05
  0.231718E+01  0.230200E+05  0.229047E+05  0.000000E+00  0.000000E+00  0.972437E+01  0.750519E+03  0.525666E+00  0.229051E+05
  0.234047E+01  0.226301E+05  0.225167E+05  0.000000E+00  0.000000E+00  0.937422E+01  0.712426E+03  0.525666E+00  0.225172E+05
  0.236399E+01  0.222467E+05  0.221352E+05  0.000000E+00  0.000000E+00  0.903650E+01  0.676182E+03  0.525666E+00  0.221357E+05
  0.238775E+01  0.218695E+05  0.217600E+05  0.000000E+00  0.000000E+00  0.871082E+01  0.641704E+03  0.525666E+00  0.217604E+05
  0.241175E+01  0.214987E+05  0.213910E+05  0.000000E+00  0.000000E+00  0.839683E+01  0.608917E+03  0.525666E+00  0.213914E+05
  0.243599E+01  0.211339E+05  0.210280E+05  0.000000E+00  0.000000E+00  0.809394E+01  0.577741E+03  0.525666E+00  0.210285E+05
  0.246047E+01  0.207752E+05  0.206711E+05  0.000000E+00  0.000000E+00  0.780194E+01  0.548103E+03  0.525666E+00  0.206716E+05
  0.248519E+01  0.204224E+05  0.203201E+05  0.000000E+00  0.000000E+00  0.752037E+01  0.519924E+03  0.525666E+00  0.203205E+05
  0.251017E+01  0.200755E+05  0.199749E+05  0.000000E+00  0.000000E+00  0.724888E+01  0.493138E+03  0.525666E+00  0.199753E+05
  0.253540E+01  0.197343E+05  0.196354E+05  0.000000E+00  0.000000E+00  0.698711E+01  0.467682E+03  0.525666E+00  0.196358E+05
  0.256088E+01  0.193988E+05  0.193016E+05  0.000000E+00  0.000000E+00  0.673465E+01  0.443496E+03  0.525666E+00  0.193020E+05
  0.258662E+01  0.190689E+05  0.189733E+05  0.000000E+00  0.000000E+00  0.649130E+01  0.420516E+03  0.525666E+00  0.189737E+05
  0.261261E+01  0.187444E+05  0.186504E+05  0.000000E+00  0.000000E+00  0.625657E+01  0.398690E+03  0.525666E+00  0.186508E+05
  0.263887E+01  0.184253E+05  0.183329E+05  0.000000E+00  0.000000E+00  0.603033E+01  0.377960E+03  0.525666E+00  0.183334E+05
  0.266539E+01  0.181116E+05  0.180208E+05  0.000000E+00  0.000000E+00  0.581221E+01  0.358268E+03  0.525666E+00  0.180212E+05
  0.269218E+01  0.178030E+05  0.177138E+05  0.000000E+00  0.000000E+00  0.560189E+01  0.339562E+03  0.525665E+00  0.177142E+05
  0.271924E+01  0.174996E+05  0.174119E+05  0.000000E+00  0.000000E+00  0.539908E+01  0.321812E+03  0.525665E+00  0.174123E+05
  0.274657E+01  0.172013E+05  0.171150E+05  0.000000E+00  0.000000E+00  0.520365E+01  0.304963E+03  0.525665E+00  0.171154E+05
  0.277417E+01  0.169079E+05  0.168231E+05  0.000000E+00  0.000000E+00  0.501517E+01  0.288958E+03  0.525665E+00  0.168235E+05
  0.280205E+01  0.166194E+05  0.165360E+05  0.000000E+00  0.000000E+00  0.483343E+01  0.273780E+03  0.525665E+00  0.165364E+05
  0.283021E+01  0.163357E+05  0.162537E+05  0.000000E+00  0.000000E+00  0.465829E+01  0.259369E+03  0.525665E+00  0.162541E+05
  0.285865E+01  0.160567E+05  0.159761E+05  0.000000E+00  0.000000E+00  0.448934E+01  0.245698E+03  0.525665E+00  0.159766E+05
  0.288738E+01  0.157824E+05  0.157032E+05  0.000000E+00  0.000000E+00  0.432653E+01  0.232726E+03  0.525665E+00  0.157037E+05
  0.291640E+01  0.155127E+05  0.154348E+05  0.000000E+00  0.000000E+00  0.416958E+01  0.220424E+03  0.525665E+00  0.154353E+05
  0.294571E+01  0.152475E+05  0.151709E+05  0.000000E+00  0.000000E+00  0.401827E+01  0.208747E+03  0.525665E+00  0.151714E+05
  0.297532E+01  0.149867E+05  0.149114E+05  0.000000E+00  0.000000E+00  0.387240E+01  0.197683E+03  0.525665E+00  0.149119E+05
  0.300522E+01  0.147302E+05  0.146563E+05  0.000000E+00  0.000000E+00  0.373185E+01  0.187184E+03  0.525665E+00  0.146567E+05
  0.303542E+01  0.144781E+05  0.144054E+05  0.000000E+00  0.000000E+00  0.359627E+01  0.177226E+03  0.525665E+00  0.144058E+05
  0.306593E+01  0.142302E+05  0.141587E+05  0.000000E+00  0.000000E+00  0.346562E+01  0.167789E+03  0.525665E+00  0.141592E+05
  0.309674E+01  0.139865E+05  0.139162E+05  0.000000E+00  0.000000E+00  0.333965E+01  0.158846E+03  0.525665E+00  0.139166E+05
  0.312787E+01  0.137468E+05  0.136777E+05  0.000000E+00  0.000000E+00  0.321828E+01  0.150367E+03  0.525665E+00  0.136782E+05
  0.315930E+01  0.135112E+05  0.134433E+05  0.000000E+00  0.000000E+00  0.310131E+01  0.142329E+03  0.525665E+00  0.134437E+05
  0.319105E+01  0.132794E+05  0.132127E+05  0.000000E+00  0.000000E+00  0.298846E+01  0.134710E+03  0.525665E+00  0.132131E+05
  0.322312E+01  0.130516E+05  0.129860E+05  0.000000E+00  0.000000E+00  0.287972E+01  0.127491E+03  0.525665E+00  0.129864E+05
  0.325552E+01  0.128276E+05  0.127631E+05  0.000000E+00  0.000000E+00  0.277492E+01  0.120650E+03  0.525665E+00  0.127636E+05
  0.328823E+01  0.126074E+05  0.125441E+05  0.000000E+00  0.000000E+00  0.267397E+01  0.114168E+03  0.525665E+00  0.125445E+05
  0.332128E+01  0.123909E+05  0.123286E+05  0.000000E+00  0.000000E+00  0.257656E+01  0.108025E+03  0.525665E+00  0.123290E+05
  0.335466E+01  0.121780E+05  0.121168E+05  0.000000E+00  0.000000E+00  0.248272E+01  0.102208E+03  0.525665E+00  0.121172E+05
  0.338838E+01  0.119687E+05  0.119085E+05  0.000000E+00  0.000000E+00  0.239226E+01  0.967017E+02  0.525665E+00  0.119089E+05
  0.342243E+01  0.117629E+05  0.117038E+05  0.000000E+00  0.000000E+00  0.230511E+01  0.914836E+02  0.525665E+00  0.117042E+05
  0.345683E+01  0.115606E+05  0.115024E+05  0.000000E+00  0.000000E+00  0.222107E+01  0.865388E+02  0.525665E+00  0.115029E+05
  0.349157E+01  0.113617E+05  0.113045E+05  0.000000E+00  0.000000E+00  0.214005E+01  0.818631E+02  0.525664E+00  0.113050E+05
  0.352666E+01  0.111661E+05  0.111099E+05  0.000000E+00  0.000000E+00  0.206203E+01  0.774281E+02  0.525664E+00  0.111104E+05
  0.356210E+01  0.109739E+05  0.109186E+05  0.000000E+00  0.000000E+00  0.198677E+01  0.732368E+02  0.525664E+00  0.109191E+05
  0.359790E+01  0.107849E+05  0.107306E+05  0.000000E+00  0.000000E+00  0.191433E+01  0.692619E+02  0.525664E+00  0.107310E+05
  0.363406E+01  0.105991E+05  0.105457E+05  0.000000E+00  0.000000E+00  0.184447E+01  0.655027E+02  0.525664E+00  0.105461E+05
  0.367058E+01  0.104164E+05  0.103639E+05  0.000000E+00  0.000000E+00  0.177714E+01  0.619457E+02  0.525664E+00  0.103644E+05
  0.370747E+01  0.102368E+05  0.101852E+05  0.000000E+00  0.000000E+00  0.171225E+01  0.585761E+02  0.525664E+00  0.101857E+05
  0.374473E+01  0.100602E+05  0.100095E+05  0.000000E+00  0.000000E+00  0.164966E+01  0.553861E+02  0.525664E+00  0.100100E+05
  0.378237E+01  0.988668E+04  0.983685E+04  0.000000E+00  0.000000E+00  0.158942E+01  0.523682E+02  0.525664E+00  0.983730E+04
  0.382038E+01  0.971603E+04  0.966704E+04  0.000000E+00  0.000000E+00  0.153128E+01  0.495126E+02  0.525664E+00  0.966749E+04
  0.385878E+01  0.954828E+04  0.950013E+04  0.000000E+00  0.000000E+00  0.147535E+01  0.468108E+02  0.525664E+00  0.950058E+04
  0.389756E+01  0.938337E+04  0.933603E+04  0.000000E+00  0.000000E+00  0.142140E+01  0.442550E+02  0.525664E+00  0.933649E+04
  0.393673E+01  0.922125E+04  0.917472E+04  0.000000E+00  0.000000E+00  0.136942E+01  0.418375E+02  0.525664E+00  0.917517E+04
  0.397630E+01  0.906186E+04  0.901612E+04  0.000000E+00  0.000000E+00  0.131931E+01  0.395497E+02  0.525664E+00  0.901658E+04
  0.401626E+01  0.890518E+04  0.886023E+04  0.000000E+00  0.000000E+00  0.127108E+01  0.373828E+02  0.525664E+00  0.886069E+04
  0.405662E+01  0.875117E+04  0.870699E+04  0.000000E+00  0.000000E+00  0.122453E+01  0.353357E+02  0.525664E+00  0.870744E+04
  0.409739E+01  0.859977E+04  0.855634E+04  0.000000E+00  0.000000E+00  0.117975E+01  0.333995E+02  0.525664E+00  0.855680E+04
  0.413857E+01  0.845093E+04  0.840824E+04  0.000000E+00  0.000000E+00  0.113657E+01  0.315662E+02  0.525664E+00  0.840870E+04
  0.418017E+01  0.830464E+04  0.826267E+04  0.000000E+00  0.000000E+00  0.109493E+01  0.298340E+02  0.525664E+00  0.826313E+04
  0.422218E+01  0.816083E+04  0.811959E+04  0.000000E+00  0.000000E+00  0.105478E+01  0.281963E+02  0.525663E+00  0.812005E+04
  0.426461E+01  0.801945E+04  0.797891E+04  0.000000E+00  0.000000E+00  0.101618E+01  0.266450E+02  0.525663E+00  0.797937E+04
  0.430747E+01  0.788049E+04  0.784064E+04  0.000000E+00  0.000000E+00  0.978922E+00  0.251793E+02  0.525663E+00  0.784110E+04
  0.435076E+01  0.774388E+04  0.770471E+04  0.000000E+00  0.000000E+00  0.943048E+00  0.237941E+02  0.525663E+00  0.770517E+04
  0.439448E+01  0.760960E+04  0.757110E+04  0.000000E+00  0.000000E+00  0.908481E+00  0.224841E+02  0.525663E+00  0.757157E+04
  0.443865E+01  0.747761E+04  0.743976E+04  0.000000E+00  0.000000E+00  0.875174E+00  0.212451E+02  0.525663E+00  0.744023E+04
  0.448326E+01  0.734785E+04  0.731065E+04  0.000000E+00  0.000000E+00  0.843044E+00  0.200734E+02  0.525663E+00  0.731112E+04
