  0.104811E-04  0.198548E+08  0.198548E+08  0.264592E+08  0.264589E+08  0.198572E+08  0.122277E+08  0.527452E+00  0.198548E+08
  0.115731E-04  0.198548E+08  0.198548E+08  0.264562E+08  0.264558E+08  0.198572E+08  0.122276E+08  0.527452E+00  0.198548E+08
  0.127790E-04  0.198548E+08  0.198548E+08  0.264525E+08  0.264520E+08  0.198572E+08  0.122274E+08  0.527452E+00  0.198548E+08
  0.141104E-04  0.198548E+08  0.198548E+08  0.264480E+08  0.264473E+08  0.198572E+08  0.122272E+08  0.527452E+00  0.198548E+08
  0.155806E-04  0.198547E+08  0.198547E+08  0.264425E+08  0.264417E+08  0.198572E+08  0.122270E+08  0.527452E+00  0.198548E+08
  0.172040E-04  0.198547E+08  0.198547E+08  0.264358E+08  0.264348E+08  0.198571E+08  0.122267E+08  0.527452E+00  0.198547E+08
  0.189966E-04  0.198547E+08  0.198547E+08  0.264276E+08  0.264264E+08  0.198571E+08  0.122263E+08  0.527452E+00  0.198547E+08
  0.209759E-04  0.198547E+08  0.198547E+08  0.264177E+08  0.264162E+08  0.198570E+08  0.122259E+08  0.527452E+00  0.198547E+08
  0.231614E-04  0.198547E+08  0.198547E+08  0.264056E+08  0.264038E+08  0.198570E+08  0.122253E+08  0.527452E+00  0.198547E+08
  0.255747E-04  0.198547E+08  0.198546E+08  0.263908E+08  0.263886E+08  0.198569E+08  0.122247E+08  0.527452E+00  0.198547E+08
  0.282394E-04  0.198546E+08  0.198546E+08  0.263728E+08  0.263701E+08  0.198568E+08  0.122239E+08  0.527452E+00  0.198546E+08
  0.311817E-04  0.198546E+08  0.198546E+08  0.263508E+08  0.263476E+08  0.198567E+08  0.122229E+08  0.527451E+00  0.198546E+08
  0.344306E-04  0.198545E+08  0.198545E+08  0.263241E+08  0.263201E+08  0.198566E+08  0.122217E+08  0.527451E+00  0.198545E+08
  0.380181E-04  0.198545E+08  0.198545E+08  0.262916E+08  0.262867E+08  0.198564E+08  0.122202E+08  0.527451E+00  0.198545E+08
  0.419793E-04  0.198544E+08  0.198544E+08  0.262519E+08  0.262460E+08  0.198562E+08  0.122184E+08  0.527451E+00  0.198544E+08
  0.463532E-04  0.198543E+08  0.198543E+08  0.262037E+08  0.261965E+08  0.198560E+08  0.122163E+08  0.527450E+00  0.198543E+08
  0.511829E-04  0.198542E+08  0.198542E+08  0.261449E+08  0.261362E+08  0.198557E+08  0.122136E+08  0.527450E+00  0.198542E+08
  0.565158E-04  0.198541E+08  0.198540E+08  0.260735E+08  0.260628E+08  0.198553E+08  0.122104E+08  0.527449E+00  0.198541E+08
  0.624043E-04  0.198539E+08  0.198539E+08  0.259866E+08  0.259737E+08  0.198549E+08  0.122064E+08  0.527448E+00  0.198539E+08
  0.689064E-04  0.198537E+08  0.198537E+08  0.258811E+08  0.258654E+08  0.198543E+08  0.122016E+08  0.527447E+00  0.198537E+08
  0.760860E-04  0.198535E+08  0.198534E+08  0.257530E+08  0.257338E+08  0.198537E+08  0.121958E+08  0.527446E+00  0.198535E+08
  0.840136E-04  0.198532E+08  0.198531E+08  0.255975E+08  0.255743E+08  0.198529E+08  0.121886E+08  0.527444E+00  0.198532E+08
  0.927672E-04  0.198528E+08  0.198528E+08  0.254092E+08  0.253810E+08  0.198519E+08  0.121799E+08  0.527443E+00  0.198528E+08
  0.102433E-03  0.198524E+08  0.198523E+08  0.251812E+08  0.251472E+08  0.198507E+08  0.121692E+08  0.527441E+00  0.198524E+08
  0.113106E-03  0.198518E+08  0.198518E+08  0.249059E+08  0.248647E+08  0.198493E+08  0.121562E+08  0.527438E+00  0.198518E+08
  0.124891E-03  0.198512E+08  0.198511E+08  0.245739E+08  0.245242E+08  0.198476E+08  0.121403E+08  0.527435E+00  0.198512E+08
  0.137903E-03  0.198504E+08  0.198503E+08  0.241747E+08  0.241149E+08  0.198454E+08  0.121208E+08  0.527431E+00  0.198504E+08
  0.152272E-03  0.198495E+08  0.198493E+08  0.236961E+08  0.236242E+08  0.198428E+08  0.120971E+08  0.527426E+00  0.198494E+08
  0.168137E-03  0.198483E+08  0.198482E+08  0.231243E+08  0.230384E+08  0.198397E+08  0.120680E+08  0.527421E+00  0.198482E+08
  0.185656E-03  0.198469E+08  0.198467E+08  0.224445E+08  0.223421E+08  0.198358E+08  0.120325E+08  0.527414E+00  0.198468E+08
  0.205000E-03  0.198452E+08  0.198450E+08  0.216407E+08  0.215194E+08  0.198312E+08  0.119891E+08  0.527407E+00  0.198451E+08
  0.226360E-03  0.198431E+08  0.198428E+08  0.206968E+08  0.205539E+08  0.198255E+08  0.119358E+08  0.527397E+00  0.198430E+08
  0.249945E-03  0.198406E+08  0.198403E+08  0.195978E+08  0.194307E+08  0.198185E+08  0.118706E+08  0.527386E+00  0.198404E+08
  0.275987E-03  0.198375E+08  0.198371E+08  0.183314E+08  0.181380E+08  0.198101E+08  0.117905E+08  0.527373E+00  0.198373E+08
  0.304743E-03  0.198338E+08  0.198334E+08  0.168911E+08  0.166697E+08  0.197999E+08  0.116922E+08  0.527358E+00  0.198336E+08
  0.336495E-03  0.198293E+08  0.198288E+08  0.152789E+08  0.150293E+08  0.197876E+08  0.115715E+08  0.527340E+00  0.198291E+08
  0.371556E-03  0.198240E+08  0.198233E+08  0.135102E+08  0.132337E+08  0.197726E+08  0.114229E+08  0.527320E+00  0.198236E+08
  0.410269E-03  0.198175E+08  0.198167E+08  0.116180E+08  0.113185E+08  0.197544E+08  0.112402E+08  0.527298E+00  0.198171E+08
  0.453016E-03  0.198097E+08  0.198087E+08  0.965696E+07  0.934156E+07  0.197325E+08  0.110155E+08  0.527273E+00  0.198092E+08
  0.500217E-03  0.198004E+08  0.197993E+08  0.770525E+07  0.738466E+07  0.197060E+08  0.107391E+08  0.527246E+00  0.197998E+08
  0.552336E-03  0.197892E+08  0.197879E+08  0.586174E+07  0.555026E+07  0.196741E+08  0.104000E+08  0.527218E+00  0.197886E+08
  0.609886E-03  0.197760E+08  0.197745E+08  0.423575E+07  0.395021E+07  0.196358E+08  0.998518E+07  0.527189E+00  0.197752E+08
  0.673432E-03  0.197604E+08  0.197586E+08  0.292696E+07  0.268440E+07  0.195898E+08  0.948076E+07  0.527161E+00  0.197594E+08
  0.743599E-03  0.197419E+08  0.197399E+08  0.199673E+07  0.181057E+07  0.195349E+08  0.887271E+07  0.527134E+00  0.197407E+08
  0.821076E-03  0.197202E+08  0.197179E+08  0.143802E+07  0.131351E+07  0.194694E+08  0.814921E+07  0.527109E+00  0.197187E+08
  0.906627E-03  0.196947E+08  0.196922E+08  0.116027E+07  0.109087E+07  0.193917E+08  0.730416E+07  0.527087E+00  0.196930E+08
  0.100109E-02  0.196650E+08  0.196623E+08  0.101065E+07  0.978059E+06  0.192998E+08  0.634217E+07  0.527067E+00  0.196631E+08
  0.110540E-02  0.196305E+08  0.196275E+08  0.842237E+06  0.822162E+06  0.191915E+08  0.528454E+07  0.527049E+00  0.196282E+08
  0.122057E-02  0.195905E+08  0.195873E+08  0.602366E+06  0.574943E+06  0.190645E+08  0.417459E+07  0.527031E+00  0.195878E+08
  0.134775E-02  0.195442E+08  0.195409E+08  0.365729E+06  0.324464E+06  0.189168E+08  0.307898E+07  0.527013E+00  0.195411E+08
  0.148817E-02  0.194909E+08  0.194875E+08  0.242641E+06  0.193895E+06  0.187467E+08  0.208118E+07  0.526996E+00  0.194872E+08
  0.164323E-02  0.194296E+08  0.194261E+08  0.223965E+06  0.000000E+00  0.185521E+08  0.126424E+07  0.526978E+00  0.194253E+08
  0.181444E-02  0.193593E+08  0.193558E+08  0.181242E+06  0.000000E+00  0.183316E+08  0.685323E+06  0.526960E+00  0.193544E+08
  0.200349E-02  0.192790E+08  0.192755E+08  0.847215E+05  0.000000E+00  0.180841E+08  0.351730E+06  0.526940E+00  0.192734E+08
  0.221224E-02  0.191876E+08  0.191840E+08  0.516652E+05  0.000000E+00  0.178089E+08  0.211571E+06  0.526920E+00  0.191812E+08
  0.244274E-02  0.190838E+08  0.190802E+08  0.616024E+05  0.000000E+00  0.175059E+08  0.169109E+06  0.526899E+00  0.190766E+08
  0.269726E-02  0.189664E+08  0.189627E+08  0.238992E+05  0.000000E+00  0.171751E+08  0.126612E+06  0.526876E+00  0.189583E+08
  0.297830E-02  0.188342E+08  0.188304E+08  0.217813E+05  0.000000E+00  0.168165E+08  0.404286E+05  0.526853E+00  0.188251E+08
  0.328861E-02  0.186859E+08  0.186818E+08  0.100780E+05  0.000000E+00  0.164297E+08 -0.512329E+05  0.526829E+00  0.186758E+08
  0.363126E-02  0.185201E+08  0.185158E+08  0.372916E+04  0.000000E+00  0.160138E+08 -0.812240E+05  0.526804E+00  0.185089E+08
  0.400961E-02  0.183356E+08  0.183310E+08 -0.488565E+04  0.000000E+00  0.155676E+08 -0.536719E+05  0.526778E+00  0.183233E+08
  0.442739E-02  0.181311E+08  0.181261E+08  0.191898E+04  0.000000E+00  0.150899E+08 -0.445108E+05  0.526750E+00  0.181175E+08
  0.488869E-02  0.179051E+08  0.178997E+08 -0.790816E+03  0.000000E+00  0.145818E+08 -0.654212E+05  0.526722E+00  0.178902E+08
  0.539806E-02  0.176563E+08  0.176505E+08 -0.364662E+04  0.000000E+00  0.140430E+08 -0.533398E+05  0.526692E+00  0.176402E+08
  0.596050E-02  0.173839E+08  0.173774E+08 -0.217676E+04  0.000000E+00  0.134472E+08 -0.371116E+05  0.526658E+00  0.173663E+08
  0.658154E-02  0.170855E+08  0.170783E+08 -0.248766E+04  0.000000E+00  0.128325E+08 -0.444841E+05  0.526624E+00  0.170664E+08
  0.726729E-02  0.167601E+08  0.167521E+08 -0.213855E+04  0.000000E+00  0.121859E+08 -0.275280E+05  0.526588E+00  0.167396E+08
  0.802449E-02  0.164065E+08  0.163975E+08 -0.271146E+04  0.000000E+00  0.115170E+08 -0.303588E+05  0.526550E+00  0.163845E+08
  0.886058E-02  0.160233E+08  0.160130E+08 -0.225871E+04  0.000000E+00  0.108328E+08 -0.188524E+05  0.526512E+00  0.159998E+08
  0.978379E-02  0.156091E+08  0.155973E+08 -0.154845E+04  0.000000E+00  0.101315E+08 -0.210096E+05  0.526473E+00  0.155842E+08
  0.108032E-01  0.151627E+08  0.151493E+08 -0.173079E+04  0.000000E+00  0.941477E+07 -0.135025E+05  0.526432E+00  0.151364E+08
  0.119288E-01  0.146829E+08  0.146675E+08 -0.141600E+04  0.000000E+00  0.868982E+07 -0.104142E+05  0.526391E+00  0.146553E+08
  0.131717E-01  0.141684E+08  0.141507E+08 -0.103937E+04  0.000000E+00  0.796552E+07 -0.104962E+05  0.526349E+00  0.141395E+08
  0.145441E-01  0.136183E+08  0.135980E+08 -0.100712E+04  0.000000E+00  0.724486E+07 -0.902872E+04  0.526307E+00  0.135883E+08
  0.160595E-01  0.130321E+08  0.130088E+08 -0.846798E+03  0.000000E+00  0.653301E+07 -0.717041E+04  0.526266E+00  0.130011E+08
  0.177328E-01  0.124233E+08  0.123966E+08 -0.599563E+03  0.000000E+00  0.584549E+07 -0.575477E+04  0.526224E+00  0.123914E+08
  0.195804E-01  0.117688E+08  0.117386E+08 -0.553405E+03  0.000000E+00  0.517512E+07 -0.425904E+04  0.526183E+00  0.117364E+08
  0.216206E-01  0.110823E+08  0.110484E+08 -0.313430E+03  0.000000E+00  0.453506E+07 -0.227156E+04  0.526143E+00  0.110495E+08
  0.238733E-01  0.103584E+08  0.103208E+08 -0.313547E+03  0.000000E+00  0.392734E+07 -0.234778E+04  0.526105E+00  0.103255E+08
  0.263607E-01  0.962209E+07  0.958098E+07 -0.236698E+03  0.000000E+00  0.336549E+07 -0.145518E+04  0.526067E+00  0.958934E+07
  0.291073E-01  0.888179E+07  0.883775E+07 -0.162795E+03  0.000000E+00  0.285328E+07 -0.169683E+04  0.526031E+00  0.884954E+07
  0.321401E-01  0.814075E+07  0.809472E+07 -0.149193E+03  0.000000E+00  0.239140E+07 -0.121763E+04  0.525997E+00  0.810937E+07
  0.354888E-01  0.741843E+07  0.737180E+07 -0.953819E+02  0.000000E+00  0.198395E+07 -0.986351E+03  0.525965E+00  0.738828E+07
  0.391865E-01  0.674004E+07  0.669461E+07 -0.754193E+02  0.000000E+00  0.163390E+07 -0.587652E+03  0.525935E+00  0.671146E+07
  0.432695E-01  0.612175E+07  0.607958E+07 -0.756091E+02  0.000000E+00  0.133942E+07 -0.368666E+03  0.525907E+00  0.609504E+07
  0.475964E-01  0.559484E+07  0.555770E+07  0.000000E+00  0.000000E+00  0.110479E+07 -0.185234E+03  0.525881E+00  0.557015E+07
  0.519233E-01  0.517978E+07  0.514848E+07  0.000000E+00  0.000000E+00  0.928289E+06 -0.366382E+03  0.525860E+00  0.515700E+07
  0.562503E-01  0.484222E+07  0.481673E+07  0.000000E+00  0.000000E+00  0.791522E+06 -0.148319E+03  0.525842E+00  0.482119E+07
  0.605772E-01  0.455573E+07  0.453532E+07  0.000000E+00  0.000000E+00  0.682291E+06 -0.921732E+02  0.525826E+00  0.453624E+07
  0.649042E-01  0.430056E+07  0.428402E+07  0.000000E+00  0.000000E+00  0.592482E+06 -0.214598E+03  0.525812E+00  0.428237E+07
  0.692311E-01  0.406057E+07  0.404647E+07  0.000000E+00  0.000000E+00  0.516498E+06 -0.623755E+02  0.525800E+00  0.404345E+07
  0.735581E-01  0.382405E+07  0.381099E+07  0.000000E+00  0.000000E+00  0.450576E+06 -0.582589E+02  0.525790E+00  0.380781E+07
  0.778850E-01  0.359145E+07  0.357828E+07  0.000000E+00  0.000000E+00  0.393187E+06 -0.133892E+03  0.525781E+00  0.357593E+07
  0.822120E-01  0.335961E+07  0.334560E+07  0.000000E+00  0.000000E+00  0.342709E+06 -0.223899E+02  0.525772E+00  0.334472E+07
  0.865389E-01  0.313714E+07  0.312198E+07  0.000000E+00  0.000000E+00  0.339153E+06 -0.420864E+02  0.525780E+00  0.312300E+07
  0.908659E-01  0.292946E+07  0.291327E+07  0.000000E+00  0.000000E+00  0.297869E+06 -0.835004E+02  0.525773E+00  0.291586E+07
  0.973478E-01  0.265585E+07  0.263897E+07  0.000000E+00  0.000000E+00  0.247294E+06 -0.656753E+02  0.525764E+00  0.264308E+07
  0.103830E+00  0.243701E+07  0.242089E+07  0.000000E+00  0.000000E+00  0.208679E+06 -0.518658E+02  0.525755E+00  0.242511E+07
  0.110312E+00  0.227331E+07  0.225918E+07  0.000000E+00  0.000000E+00  0.179705E+06 -0.411744E+02  0.525748E+00  0.226229E+07
  0.116793E+00  0.214947E+07  0.213792E+07  0.000000E+00  0.000000E+00  0.157408E+06 -0.326392E+02  0.525742E+00  0.213929E+07
  0.123275E+00  0.204439E+07  0.203521E+07  0.000000E+00  0.000000E+00  0.139125E+06 -0.255189E+02  0.525736E+00  0.203493E+07
  0.129757E+00  0.194241E+07  0.193481E+07  0.000000E+00  0.000000E+00  0.123183E+06 -0.194178E+02  0.525731E+00  0.193356E+07
  0.136239E+00  0.183516E+07  0.182816E+07  0.000000E+00  0.000000E+00  0.108733E+06 -0.141779E+02  0.525727E+00  0.182680E+07
  0.142721E+00  0.172113E+07  0.171392E+07  0.000000E+00  0.000000E+00  0.955016E+05 -0.975943E+01  0.525723E+00  0.171316E+07
  0.149203E+00  0.160595E+07  0.159814E+07  0.000000E+00  0.000000E+00  0.836368E+05 -0.615568E+01  0.525719E+00  0.159833E+07
  0.155685E+00  0.149866E+07  0.149031E+07  0.000000E+00  0.000000E+00  0.734086E+05 -0.332047E+01  0.525716E+00  0.149136E+07
  0.162167E+00  0.140622E+07  0.139776E+07  0.000000E+00  0.000000E+00  0.649155E+05 -0.115119E+01  0.525713E+00  0.139926E+07
  0.168649E+00  0.133120E+07  0.132314E+07  0.000000E+00  0.000000E+00  0.580248E+05  0.478430E+00  0.525710E+00  0.132459E+07
  0.175131E+00  0.127197E+07  0.126471E+07  0.000000E+00  0.000000E+00  0.524436E+05  0.168172E+01  0.525708E+00  0.126570E+07
  0.181613E+00  0.122362E+07  0.121733E+07  0.000000E+00  0.000000E+00  0.477999E+05  0.253971E+01  0.525705E+00  0.121769E+07
  0.188094E+00  0.117983E+07  0.117440E+07  0.000000E+00  0.000000E+00  0.437344E+05  0.310062E+01  0.525703E+00  0.117420E+07
  0.194576E+00  0.113530E+07  0.113044E+07  0.000000E+00  0.000000E+00  0.399896E+05  0.339487E+01  0.525701E+00  0.112993E+07
  0.201058E+00  0.108748E+07  0.108284E+07  0.000000E+00  0.000000E+00  0.364465E+05  0.345329E+01  0.525699E+00  0.108233E+07
  0.207540E+00  0.103687E+07  0.103216E+07  0.000000E+00  0.000000E+00  0.331049E+05  0.331697E+01  0.525698E+00  0.103191E+07
  0.214022E+00  0.986138E+06  0.981261E+06  0.000000E+00  0.000000E+00  0.300304E+05  0.303555E+01  0.525696E+00  0.981353E+06
  0.220504E+00  0.938548E+06  0.933533E+06  0.000000E+00  0.000000E+00  0.272920E+05  0.265786E+01  0.525695E+00  0.933929E+06
  0.226986E+00  0.896413E+06  0.891411E+06  0.000000E+00  0.000000E+00  0.249189E+05  0.222306E+01  0.525694E+00  0.891964E+06
  0.233468E+00  0.860614E+06  0.855806E+06  0.000000E+00  0.000000E+00  0.228949E+05  0.175824E+01  0.525692E+00  0.856337E+06
  0.239950E+00  0.830577E+06  0.826103E+06  0.000000E+00  0.000000E+00  0.211673E+05  0.128060E+01  0.525691E+00  0.826472E+06
  0.246432E+00  0.804454E+06  0.800368E+06  0.000000E+00  0.000000E+00  0.196589E+05  0.802036E+00  0.525690E+00  0.800513E+06
  0.252914E+00  0.779957E+06  0.776220E+06  0.000000E+00  0.000000E+00  0.182934E+05  0.334266E+00  0.525689E+00  0.776168E+06
  0.259396E+00  0.755392E+06  0.751900E+06  0.000000E+00  0.000000E+00  0.170188E+05 -0.109074E+00  0.525688E+00  0.751739E+06
  0.265877E+00  0.729972E+06  0.726604E+06  0.000000E+00  0.000000E+00  0.158105E+05 -0.514042E+00  0.525687E+00  0.726440E+06
  0.272359E+00  0.703758E+06  0.700417E+06  0.000000E+00  0.000000E+00  0.146649E+05 -0.869033E+00  0.525687E+00  0.700336E+06
  0.278841E+00  0.677608E+06  0.674248E+06  0.000000E+00  0.000000E+00  0.135949E+05 -0.116710E+01  0.525686E+00  0.674289E+06
  0.285323E+00  0.652733E+06  0.649364E+06  0.000000E+00  0.000000E+00  0.126180E+05 -0.140670E+01  0.525685E+00  0.649513E+06
  0.291805E+00  0.630019E+06  0.626689E+06  0.000000E+00  0.000000E+00  0.117430E+05 -0.158993E+01  0.525684E+00  0.626897E+06
  0.298287E+00  0.609775E+06  0.606546E+06  0.000000E+00  0.000000E+00  0.109664E+05 -0.172023E+01  0.525684E+00  0.606750E+06
  0.304769E+00  0.591792E+06  0.588712E+06  0.000000E+00  0.000000E+00  0.102759E+05 -0.180085E+01  0.525683E+00  0.588863E+06
  0.311251E+00  0.575443E+06  0.572534E+06  0.000000E+00  0.000000E+00  0.965356E+04 -0.183420E+01  0.525682E+00  0.572608E+06
  0.317733E+00  0.559960E+06  0.557208E+06  0.000000E+00  0.000000E+00  0.908105E+04 -0.182243E+01  0.525682E+00  0.557212E+06
  0.324215E+00  0.544736E+06  0.542107E+06  0.000000E+00  0.000000E+00  0.854490E+04 -0.176870E+01  0.525681E+00  0.542069E+06
  0.330697E+00  0.529444E+06  0.526896E+06  0.000000E+00  0.000000E+00  0.803753E+04 -0.167773E+01  0.525681E+00  0.526852E+06
  0.337178E+00  0.514075E+06  0.511571E+06  0.000000E+00  0.000000E+00  0.755681E+04 -0.155592E+01  0.525680E+00  0.511552E+06
  0.343660E+00  0.498899E+06  0.496422E+06  0.000000E+00  0.000000E+00  0.710494E+04 -0.141090E+01  0.525680E+00  0.496443E+06
  0.350142E+00  0.484298E+06  0.481847E+06  0.000000E+00  0.000000E+00  0.668520E+04 -0.125039E+01  0.525679E+00  0.481905E+06
  0.356624E+00  0.470574E+06  0.468162E+06  0.000000E+00  0.000000E+00  0.629939E+04 -0.108133E+01  0.525679E+00  0.468243E+06
  0.363106E+00  0.457877E+06  0.455525E+06  0.000000E+00  0.000000E+00  0.594699E+04 -0.909544E+00  0.525679E+00  0.455608E+06
  0.369588E+00  0.446164E+06  0.443887E+06  0.000000E+00  0.000000E+00  0.562499E+04 -0.739738E+00  0.525678E+00  0.443954E+06
  0.376070E+00  0.435221E+06  0.433028E+06  0.000000E+00  0.000000E+00  0.532859E+04 -0.575804E+00  0.525678E+00  0.433069E+06
  0.382552E+00  0.424783E+06  0.422670E+06  0.000000E+00  0.000000E+00  0.505280E+04 -0.421199E+00  0.525678E+00  0.422686E+06
  0.389034E+00  0.414627E+06  0.412584E+06  0.000000E+00  0.000000E+00  0.479362E+04 -0.279078E+00  0.525677E+00  0.412583E+06
  0.395516E+00  0.404617E+06  0.402628E+06  0.000000E+00  0.000000E+00  0.454848E+04 -0.152194E+00  0.525677E+00  0.402623E+06
  0.401998E+00  0.394730E+06  0.392781E+06  0.000000E+00  0.000000E+00  0.431625E+04 -0.427230E-01  0.525677E+00  0.392782E+06
  0.408479E+00  0.385040E+06  0.383124E+06  0.000000E+00  0.000000E+00  0.409696E+04  0.478990E-01  0.525676E+00  0.383138E+06
  0.414961E+00  0.375656E+06  0.373771E+06  0.000000E+00  0.000000E+00  0.389096E+04  0.119039E+00  0.525676E+00  0.373797E+06
  0.421443E+00  0.366674E+06  0.364823E+06  0.000000E+00  0.000000E+00  0.369841E+04  0.170794E+00  0.525676E+00  0.364858E+06
  0.427925E+00  0.358158E+06  0.356346E+06  0.000000E+00  0.000000E+00  0.351910E+04  0.190294E+00  0.525676E+00  0.356382E+06
  0.434407E+00  0.350108E+06  0.348340E+06  0.000000E+00  0.000000E+00  0.335220E+04  0.201344E+00  0.525675E+00  0.348372E+06
  0.440889E+00  0.342456E+06  0.340735E+06  0.000000E+00  0.000000E+00  0.319632E+04  0.197132E+00  0.525675E+00  0.340759E+06
  0.447371E+00  0.335107E+06  0.333433E+06  0.000000E+00  0.000000E+00  0.304992E+04  0.179467E+00  0.525675E+00  0.333448E+06
  0.453853E+00  0.327982E+06  0.326351E+06  0.000000E+00  0.000000E+00  0.291173E+04  0.150390E+00  0.525675E+00  0.326359E+06
  0.460335E+00  0.321028E+06  0.319434E+06  0.000000E+00  0.000000E+00  0.278081E+04  0.112123E+00  0.525674E+00  0.319440E+06
  0.466817E+00  0.314220E+06  0.312658E+06  0.000000E+00  0.000000E+00  0.265656E+04  0.669995E-01  0.525674E+00  0.312665E+06
  0.473299E+00  0.307568E+06  0.306035E+06  0.000000E+00  0.000000E+00  0.253869E+04  0.173729E-01  0.525674E+00  0.306045E+06
  0.479780E+00  0.301105E+06  0.299600E+06  0.000000E+00  0.000000E+00  0.242715E+04 -0.344768E-01  0.525674E+00  0.299613E+06
  0.486262E+00  0.294865E+06  0.293386E+06  0.000000E+00  0.000000E+00  0.232183E+04 -0.864283E-01  0.525674E+00  0.293403E+06
  0.492744E+00  0.288863E+06  0.287413E+06  0.000000E+00  0.000000E+00  0.222253E+04 -0.136568E+00  0.525673E+00  0.287430E+06
  0.499226E+00  0.283098E+06  0.281676E+06  0.000000E+00  0.000000E+00  0.212889E+04 -0.183215E+00  0.525673E+00  0.281693E+06
  0.505708E+00  0.277553E+06  0.276162E+06  0.000000E+00  0.000000E+00  0.204051E+04 -0.224938E+00  0.525673E+00  0.276176E+06
  0.512190E+00  0.272203E+06  0.270842E+06  0.000000E+00  0.000000E+00  0.195692E+04 -0.260567E+00  0.525673E+00  0.270853E+06
  0.518672E+00  0.267014E+06  0.265682E+06  0.000000E+00  0.000000E+00  0.187763E+04 -0.289197E+00  0.525673E+00  0.265690E+06
  0.525154E+00  0.261958E+06  0.260652E+06  0.000000E+00  0.000000E+00  0.180221E+04 -0.310209E+00  0.525673E+00  0.260659E+06
  0.531636E+00  0.257024E+06  0.255743E+06  0.000000E+00  0.000000E+00  0.173041E+04 -0.323289E+00  0.525673E+00  0.255749E+06
  0.538118E+00  0.252215E+06  0.250957E+06  0.000000E+00  0.000000E+00  0.166207E+04 -0.328421E+00  0.525672E+00  0.250964E+06
  0.544600E+00  0.247534E+06  0.246298E+06  0.000000E+00  0.000000E+00  0.159703E+04 -0.325849E+00  0.525672E+00  0.246306E+06
  0.551081E+00  0.242985E+06  0.241769E+06  0.000000E+00  0.000000E+00  0.153515E+04 -0.316054E+00  0.525672E+00  0.241779E+06
  0.557563E+00  0.238575E+06  0.237381E+06  0.000000E+00  0.000000E+00  0.147635E+04 -0.299725E+00  0.525672E+00  0.237391E+06
  0.564045E+00  0.234308E+06  0.233134E+06  0.000000E+00  0.000000E+00  0.142047E+04 -0.277703E+00  0.525672E+00  0.233144E+06
  0.570527E+00  0.230173E+06  0.229021E+06  0.000000E+00  0.000000E+00  0.136734E+04 -0.250940E+00  0.525672E+00  0.229030E+06
  0.577009E+00  0.226159E+06  0.225029E+06  0.000000E+00  0.000000E+00  0.131673E+04 -0.220471E+00  0.525672E+00  0.225036E+06
  0.583491E+00  0.222257E+06  0.221147E+06  0.000000E+00  0.000000E+00  0.126849E+04 -0.187392E+00  0.525672E+00  0.221154E+06
  0.589973E+00  0.218459E+06  0.217368E+06  0.000000E+00  0.000000E+00  0.122246E+04 -0.152814E+00  0.525671E+00  0.217374E+06
  0.596455E+00  0.214755E+06  0.213682E+06  0.000000E+00  0.000000E+00  0.117849E+04 -0.117827E+00  0.525671E+00  0.213688E+06
  0.602937E+00  0.211138E+06  0.210084E+06  0.000000E+00  0.000000E+00  0.113644E+04 -0.834770E-01  0.525671E+00  0.210090E+06
  0.609419E+00  0.207611E+06  0.206574E+06  0.000000E+00  0.000000E+00  0.109625E+04 -0.507302E-01  0.525671E+00  0.206580E+06
  0.615901E+00  0.204177E+06  0.203157E+06  0.000000E+00  0.000000E+00  0.105785E+04 -0.204441E-01  0.525671E+00  0.203163E+06
  0.622382E+00  0.200834E+06  0.199830E+06  0.000000E+00  0.000000E+00  0.102115E+04  0.665350E-02  0.525671E+00  0.199836E+06
  0.628864E+00  0.197579E+06  0.196591E+06  0.000000E+00  0.000000E+00  0.986057E+03  0.299753E-01  0.525671E+00  0.196597E+06
  0.676472E+00  0.176068E+06  0.175188E+06  0.000000E+00  0.000000E+00  0.770214E+03 -0.785352E-01  0.525670E+00  0.175193E+06
  0.727683E+00  0.156777E+06  0.155994E+06  0.000000E+00  0.000000E+00  0.600566E+03 -0.639425E-01  0.525670E+00  0.155997E+06
  0.782772E+00  0.139505E+06  0.138808E+06  0.000000E+00  0.000000E+00  0.467531E+03 -0.113464E+00  0.525669E+00  0.138811E+06
  0.842030E+00  0.124054E+06  0.123435E+06  0.000000E+00  0.000000E+00  0.363400E+03 -0.202609E-01  0.525669E+00  0.123437E+06
  0.905775E+00  0.110247E+06  0.109696E+06  0.000000E+00  0.000000E+00  0.282049E+03  0.119614E-01  0.525669E+00  0.109698E+06
  0.974346E+00  0.979180E+05  0.974288E+05  0.000000E+00  0.000000E+00  0.218602E+03  0.207925E-01  0.525668E+00  0.974304E+05
  0.104811E+01  0.869171E+05  0.864829E+05  0.000000E+00  0.000000E+00  0.169198E+03  0.185870E-01  0.525668E+00  0.864842E+05
